date,累计确诊,治愈,死亡,新增确诊
2020.4.20,6,2,0,1
2020.4.22,7,2,0,1
2020.4.26,7,4,0,0
2020.5.10,9,5,0,2
2020.5.11,11,5,0,2
2020.5.13,15,5,0,4
2020.5.16,21,5,0,0
2020.5.17,21,5,0,0
2020.5.18,21,5,0,0
2020.5.19,21,5,0,0
2020.5.20,21,5,0,0
2020.5.21,21,6,0,0
2020.5.22,21,6,0,0
2020.5.23,24,6,0,3
2020.5.24,24,6,0,0
2020.5.25,27,6,0,3
2020.5.26,27,6,0,0
2020.5.27,28,6,0,1
2020.5.28,31,6,0,3
2020.5.29,31,6,0,0
2020.5.30,33,6,0,2
2020.5.31,43,6,0,10
2020.6.1,43,6,0,0
2020.6.2,47,9,0,4
2020.6.3,47,9,0,0
2020.6.4,47,9,0,0
2020.6.5,48,11,0,1
2020.6.6,48,11,0,0
2020.6.7,48,11,0,0
2020.6.8,59,14,0,11
2020.6.9,59,17,0,0
2020.6.10,59,18,0,0
2020.6.11,62,18,0,3
2020.6.12,62,19,0,0
2020.6.13,62,20,0,0
2020.6.14,66,21,0,4
2020.6.15,66,22,0,0
2020.6.16,67,22,0,1
2020.6.17,67,24,0,0
2020.6.18,67,25,0,0
2020.6.19,67,25,0,0
2020.6.20,68,28,0,1
2020.6.21,68,30,0,0
2020.6.22,68,32,0,0
2020.6.23,69,32,0,1
2020.6.24,70,34,0,1
2020.6.25,70,34,0,0
2020.6.26,70,38,0,0
2020.6.27,75,38,0,5
2020.6.28,76,38,0,1
2020.6.29,76,44,0,0
2020.6.30,77,44,0,1
2020.7.1,77,48,0,0
2020.7.2,77,50,0,0
2020.7.3,77,50,0,0
2020.7.4,78,51,0,1
2020.7.5,78,51,0,0
2020.7.6,80,53,0,2
2020.7.7,80,54,0,0
2020.7.8,80,55,0,0
2020.7.9,80,55,0,0
2020.7.10,80,55,0,0
2020.7.11,82,57,0,2
2020.7.12,82,76,0,0
2020.7.13,84,76,0,2
2020.7.14,84,78,0,0
2020.7.15,84,78,0,0
2020.7.16,84,78,0,0
2020.7.17,86,78,0,2
2020.7.18,87,78,0,1
2020.7.19,87,80,0,0
2020.7.20,89,82,0,2
2020.7.21,90,83,0,1
2020.7.22,92,83,0,2
2020.7.23,92,83,0,0
2020.7.24,92,83,0,0
2020.7.25,92,85,0,0
2020.7.26,93,85,0,1
2020.7.27,95,85,0,2
2020.7.28,99,86,0,4
2020.7.29,99,86,0,0
2020.7.30,101,88,0,2
2020.7.31,101,88,0,0
2020.8.1,101,89,0,0
2020.8.2,102,89,0,1
2020.8.3,103,89,0,1
2020.8.4,103,90,0,0
2020.8.5,105,93,0,2
2020.8.6,105,93,0,0
2020.8.7,108,96,0,3
2020.8.8,108,96,0,0
2020.8.9,108,96,0,0
2020.8.10,110,96,0,2
2020.8.11,113,97,0,3
2020.8.12,113,97,0,0
2020.8.13,128,100,0,15
2020.8.14,128,100,0,0
2020.8.15,133,102,0,5
2020.8.16,138,102,0,5
2020.8.17,141,103,0,3
2020.8.18,146,103,0,5
2020.8.19,147,103,0,1
2020.8.20,150,105,0,3
2020.8.21,153,108,0,3
2020.8.22,154,110,0,1
2020.8.23,155,112,0,1
2020.8.24,155,115,0,0
2020.8.25,156,117,0,1
2020.8.26,173,118,0,17
2020.8.27,183,118,0,10
2020.8.28,184,119,0,1
2020.8.29,195,135,0,11
2020.8.30,195,135,0,0
2020.8.31,224,140,0,29
2020.9.1,225,142,0,1
2020.9.2,227,142,0,2
2020.9.3,227,144,0,0
2020.9.4,227,150,0,0
2020.9.5,228,150,0,1
2020.9.6,228,150,0,0
2020.9.7,230,151,0,2
2020.9.8,233,151,0,3
2020.9.9,234,153,0,1
2020.9.10,234,155,0,0
2020.9.11,238,155,0,4
2020.9.12,241,158,0,3
2020.9.13,244,159,0,3
2020.9.14,245,161,0,1
2020.9.15,246,173,0,1
2020.9.16,246,175,0,0
2020.9.17,246,175,0,0
2020.9.18,252,182,0,6
2020.9.19,258,186,0,6
2020.9.20,259,190,0,1
2020.9.21,261,192,0,2
2020.9.22,261,194,0,0
2020.9.23,261,195,0,0
2020.9.24,261,196,0,0
2020.9.25,263,198,0,2
2020.9.26,263,199,0,0
2020.9.27,271,205,0,8
2020.9.28,273,210,0,2
2020.9.29,280,210,0,7
2020.9.30,281,219,0,1
2020.10.1,282,222,0,1
2020.10.2,282,225,0,0
2020.10.3,283,229,0,1
2020.10.4,283,230,0,0
2020.10.5,298,237,0,15
2020.10.6,299,248,0,1
2020.10.7,300,250,0,1
2020.10.8,304,252,0,4
2020.10.9,304,255,0,0
2020.10.10,306,282,0,2
2020.10.11,306,287,0,0
2020.10.12,309,288,0,3
2020.10.13,309,291,0,0
2020.10.14,313,293,0,4
2020.10.15,316,294,0,3
2020.10.16,316,296,0,0
2020.10.17,316,298,0,0
2020.10.18,325,299,0,9
2020.10.19,327,301,0,2
2020.10.20,330,301,0,3
2020.10.21,331,302,0,1
2020.10.22,332,306,0,1
2020.10.23,336,306,0,4
2020.10.24,336,306,0,0
2020.10.25,340,306,0,4
2020.10.26,342,307,0,2
2020.10.27,342,312,0,0
2020.10.28,345,314,0,3
2020.10.29,346,315,0,1
2020.10.30,346,316,0,0
2020.10.31,348,319,0,2
2020.11.1,349,324,0,1
2020.11.2,354,325,0,5
2020.11.3,356,326,0,2
2020.11.4,358,327,0,2
2020.11.5,358,329,0,0
2020.11.6,358,333,0,0
2020.11.7,358,338,0,0
2020.11.8,359,338,0,1
2020.11.9,359,338,0,0
2020.11.10,364,342,0,5
2020.11.11,364,343,0,0
2020.11.12,364,345,0,0
2020.11.13,369,345,0,5
2020.11.14,369,348,0,0
2020.11.15,375,353,0,6
2020.11.16,375,355,0,0
2020.11.17,377,355,0,2
2020.11.18,378,356,0,1
2020.11.19,378,357,0,0
2020.11.20,378,357,0,0
2020.11.21,378,358,0,0
2020.11.22,379,360,0,1
2020.11.23,382,360,0,3
2020.11.24,386,363,0,4
2020.11.25,386,363,0,0
2020.11.26,386,367,0,0
2020.11.27,389,368,0,3
2020.11.28,395,372,0,6
2020.11.29,396,373,0,1
2020.11.30,410,381,0,14
2020.12.1,410,381,0,0
2020.12.2,414,386,0,4
2020.12.3,415,386,0,1
2020.12.4,418,386,0,3
2020.12.5,424,387,0,6
2020.12.6,426,387,0,2
2020.12.7,430,388,0,4
2020.12.8,432,390,0,2
2020.12.9,433,393,0,1
2020.12.10,433,395,0,0
2020.12.11,434,395,0,1
2020.12.12,436,396,0,2
2020.12.13,437,400,0,1
2020.12.14,438,403,0,1
2020.12.15,438,404,0,0
2020.12.16,439,408,0,1
2020.12.17,440,409,0,1
2020.12.18,442,419,0,2
2020.12.19,443,422,0,1
2020.12.20,446,423,0,3
2020.12.21,467,429,0,21
2020.12.22,479,430,0,12
2020.12.23,482,435,0,3
2020.12.24,519,438,0,37
2020.12.25,541,442,0,22
2020.12.26,576,444,0,35
2020.12.27,623,445,0,47
2020.12.28,623,445,0,0
2020.12.29,636,445,0,13
2020.12.30,655,447,0,19
2020.12.31,670,448,0,15
2021.1.1,689,449,0,19
2021.1.2,710,450,0,21
2021.1.3,716,450,0,6
2021.1.4,734,453,0,18
2021.1.5,734,453,0,0
2021.1.6,755,456,0,21
2021.1.7,767,459,0,12
2021.1.8,771,465,1,4
2021.1.9,810,466,1,39
2021.1.10,813,467,1,3
2021.1.11,825,469,1,12
2021.1.12,831,481,1,6
2021.1.13,833,504,1,2
2021.1.14,834,533,1,1
2021.1.15,837,533,1,3
2021.1.16,842,553,1,5
2021.1.17,842,574,1,0
2021.1.18,843,583,1,1
2021.1.19,848,605,1,5
2021.1.20,850,631,1,2
2021.1.21,850,631,1,0
2021.1.22,851,679,1,1
2021.1.23,854,702,1,3
2021.1.24,855,725,1,1
2021.1.25,856,734,1,1
2021.1.26,856,734,1,0
2021.1.27,856,764,1,0
2021.1.28,857,776,1,1
2021.1.29,857,776,1,0
2021.1.30,858,780,1,1
2021.1.31,859,814,1,1
2021.2.1,859,821,1,0
2021.2.2,859,821,1,0
2021.2.3,859,841,1,0
2021.2.4,859,847,1,0
2021.2.5,861,852,1,2
2021.2.6,861,853,1,0
2021.2.7,861,853,1,0
2021.2.8,861,854,1,0
2021.2.9,861,854,1,0
2021.2.10,861,854,1,0
2021.2.11,861,854,1,0
2021.2.12,863,855,1,2
2021.2.13,863,855,1,0
2021.2.14,864,856,1,1
2021.2.15,866,856,1,2
2021.2.16,866,856,1,0
2021.2.17,866,856,1,0
2021.2.18,866,856,1,0
2021.2.19,866,857,1,0
2021.2.20,866,857,1,0
2021.2.21,866,857,1,0
2021.2.22,866,862,1,0
2021.2.23,867,862,1,1
2021.2.24,867,862,1,0
2021.2.25,867,862,1,0
2021.2.26,867,862,1,0
2021.2.27,867,862,1,0
2021.2.28,867,865,1,0
2021.3.1,867,865,1,0
2021.3.2,867,865,1,0
2021.3.3,867,865,1,0
2021.3.4,867,865,1,0
2021.3.5,867,866,1,0
2021.3.6,868,866,1,1
2021.3.7,868,866,1,0
2021.3.8,868,866,1,0
2021.3.9,868,866,1,0
2021.3.10,868,866,1,0
2021.3.11,868,866,1,0
2021.3.12,868,866,1,0
2021.3.13,868,866,1,0
2021.3.14,868,866,1,0
2021.3.15,868,866,1,0
2021.3.16,868,866,1,0
2021.3.17,868,866,1,0
2021.3.18,868,867,1,0
2021.3.19,868,867,1,0
2021.3.20,869,867,1,1
2021.3.21,869,867,1,0
2021.3.22,869,867,1,0
2021.3.23,869,867,1,0
2021.3.24,870,867,1,1
2021.3.25,870,867,1,0
2021.3.26,870,867,1,0
2021.3.27,871,867,1,1
2021.3.28,872,867,1,1
2021.3.29,872,867,1,0
2021.3.30,872,867,1,0
2021.3.31,873,869,1,1
2021.4.1,886,869,1,13
2021.4.2,889,870,1,3
2021.4.3,891,870,1,2
2021.4.4,891,870,1,0
2021.4.5,891,870,1,0
2021.4.6,896,870,1,5
2021.4.7,900,874,1,4
2021.4.8,900,874,1,0
2021.4.9,906,875,1,6
2021.4.10,910,875,1,4
2021.4.11,918,875,1,8
2021.4.12,921,875,1,3
2021.4.13,927,875,1,6
2021.4.14,929,876,1,2
2021.4.15,934,876,1,5
2021.4.16,941,876,1,7
2021.4.17,952,878,1,11
2021.4.18,952,878,1,0
2021.4.19,961,881,1,9
2021.4.20,966,883,1,5
