date,累计确诊,治愈,死亡,新增确诊
2020.2.27,1,0,0,1
2020.2.28,1,0,0,0
2020.2.29,3,0,0,2
2020.3.1,3,0,0,0
2020.3.2,4,0,0,1
2020.3.3,6,0,0,2
2020.3.4,10,0,0,4
2020.3.5,15,0,0,5
2020.3.6,20,0,0,5
2020.3.7,27,0,0,7
2020.3.8,27,0,0,0
2020.3.9,35,1,0,8
2020.3.10,159,1,0,124
2020.3.11,340,1,0,181
2020.3.12,615,1,0,275
2020.3.14,827,1,0,26
2020.3.15,864,1,1,37
2020.3.16,914,1,4,16
2020.3.17,977,1,4,17
2020.3.18,1057,1,4,80
2020.3.19,1151,1,6,94
2020.3.20,1255,1,9,104
2020.3.21,1326,1,13,71
2020.3.22,1395,1,13,69
2020.3.23,1460,1,24,65
2020.3.24,1591,1,32,131
2020.3.25,1724,1,34,133
2020.3.26,1877,1,34,153
2020.3.27,2163,57,52,169
2020.3.28,2201,57,65,155
2020.3.29,2395,73,72,194
2020.3.30,2724,73,77,182
2020.3.31,3039,77,90,283
2020.4.1,3290,971,104,247
2020.4.2,3573,1172,123,279
2020.4.3,3946,1287,139,371
2020.4.4,4269,1379,161,320
2020.4.5,4369,1429,279,292
2020.4.6,4681,1437,187,312
2020.4.7,5386,1621,203,390
2020.4.8,5402,1621,218,331
2020.4.9,5635,1763,237,233
2020.4.10,5830,1892,247,184
2020.4.11,6191,2111,260,177
2020.4.12,6191,2123,273,178
2020.4.13,6513,2403,285,144
2020.4.14,6706,2515,299,193
2020.4.15,6876,2748,309,170
2020.4.16,7074,3389,336,0
2020.4.17,7268,3571,336,194
2020.4.18,7438,4034,346,170
2020.4.19,7711,4328,364,131
2020.4.21,7891,4889,370,180
2020.4.22,8108,5384,394,161
2020.4.23,8271,5573,403,137
2020.4.24,8408,5715,403,137
2020.4.27,8896,6148,427,488
2020.4.28,9049,6366,443,157
2020.4.29,9158,6366,443,150
2020.4.30,9311,6729,460,153
2020.5.1,9407,6889,475,96
2020.5.2,9523,6987,484,116
2020.5.3,9670,6987,484,147
2020.5.4,9821,7088,493,151
2020.5.5,9938,7296,503,117
2020.5.7,10083,7711,514,145
2020.5.8,10319,8093,526,101
2020.5.9,10429,8217,529,110
2020.5.10,10513,8217,529,84
2020.5.11,10591,8328,533,78
2020.5.12,10667,8663,533,76
2020.5.13,10713,8663,533,46
2020.5.14,10791,8805,537,78
2020.5.15,10858,9107,543,67
2020.5.16,10927,9227,547,69
2020.5.17,10968,9227,547,41
2020.5.18,10968,9301,548,0
2020.5.19,11044,9416,551,76
2020.5.20,11117,9536,554,73
2020.5.21,11182,9643,561,65
2020.5.22,11230,9764,561,48
2020.5.23,11289,9836,561,59
2020.5.24,11360,9900,562,71
2020.5.25,11387,9964,563,27
2020.5.26,11428,10044,563,41
2020.5.27,11480,10106,565,52
2020.5.28,11512,10180,568,32
2020.5.29,11593,10240,568,81
2020.5.30,11633,10327,571,40
2020.5.31,11669,10362,574,36
2020.6.1,11699,10412,576,30
2020.6.2,11734,10489,580,35
2020.6.3,11771,10552,580,37
2020.6.4,11811,10620,582,40
2020.6.5,11875,10653,586,64
2020.6.6,11924,10721,587,49
2020.6.7,11948,10755,589,24
2020.6.8,11962,10792,593,14
2020.6.9,11962,10792,593,0
2020.6.10,12016,10904,593,54
2020.6.11,12035,10955,593,19
2020.6.12,12099,10993,594,64
2020.6.13,12139,11035,597,40
2020.6.14,12193,11068,597,54
2020.6.15,12217,11090,598,24
2020.6.16,12250,11125,598,33
2020.6.17,12294,11185,598,44
2020.6.18,12344,11242,600,50
2020.6.19,12391,11282,600,47
2020.6.20,12391,11282,600,0
2020.6.21,12391,11282,600,0
2020.6.22,12527,11347,602,136
2020.6.23,12561,11393,603,34
2020.6.24,12615,11422,603,54
2020.6.25,12636,11460,603,21
2020.6.26,12675,11508,604,39
2020.6.27,12675,11508,604,0
2020.6.28,12675,11508,604,0
2020.6.29,12751,11612,605,76
2020.6.30,12768,11649,605,17
2020.7.1,12794,11693,606,26
2020.7.2,12815,11769,606,21
2020.7.3,12832,11817,606,17
2020.7.4,12832,11817,606,0
2020.7.5,12832,11817,606,0
2020.7.6,12878,11935,607,46
2020.7.7,12888,11983,609,10
2020.7.8,12900,12001,609,12
2020.7.9,12916,12045,609,16
2020.7.10,12946,12077,609,30
2020.7.11,12946,12077,609,0
2020.7.12,12946,12077,609,0
2020.7.13,13037,12130,610,91
2020.7.14,13061,12160,610,24
2020.7.15,13092,12182,610,31
2020.7.16,13124,12195,610,32
2020.7.17,13173,12209,611,49
2020.7.18,13173,12209,611,0
2020.7.19,13173,12209,611,0
2020.7.20,13262,12251,611,89
2020.7.21,13302,12261,611,40
2020.7.22,13350,12274,611,48
2020.7.23,13390,12299,612,40
2020.7.24,13438,12340,613,48
2020.7.25,13438,12340,613,0
2020.7.26,13438,12340,613,0
2020.7.27,13547,12417,613,109
2020.7.28,13577,12451,613,30
2020.7.29,13634,12485,614,57
2020.7.30,13725,12526,615,91
2020.7.31,13789,12578,615,64
2020.8.1,13789,12578,615,0
2020.8.2,13789,12578,615,0
2020.8.3,13996,12682,616,207
2020.8.4,14073,12715,616,77
2020.8.5,14185,12753,616,112
2020.8.6,14306,12787,617,121
2020.8.7,14442,12840,617,136
2020.8.8,14442,12840,617,0
2020.8.9,14442,12840,617,0
2020.8.10,14815,12925,620,373
2020.8.11,14959,12988,621,144
2020.8.12,15070,13066,621,111
2020.8.13,15214,13131,621,144
2020.8.14,15379,13216,621,165
2020.8.15,15379,13216,621,0
2020.8.16,15617,13340,621,238
2020.8.17,15740,13417,621,123
2020.8.18,15855,13529,621,115
2020.8.19,15940,13651,621,85
2020.8.20,16056,13769,621,116
2020.8.21,16127,13944,621,71
2020.8.22,16239,13944,622,112
2020.8.23,16317,14180,622,78
2020.8.24,16397,14310,623,80
2020.8.25,16480,14465,623,83
2020.8.26,16537,14603,623,57
2020.8.27,16627,14763,624,90
2020.8.28,16700,14877,624,73
2020.8.29,16779,14989,624,79
2020.8.30,16891,15116,624,112
2020.8.31,16985,15205,624,94
2020.9.1,17084,15300,625,99
2020.9.2,17195,15413,626,111
2020.9.3,17374,15499,626,179
2020.9.4,17547,15586,627,173
2020.9.5,17736,15671,627,189
2020.9.6,17883,15760,627,147
2020.9.7,18113,15833,628,230
2020.9.8,18356,15907,628,243
2020.9.9,18607,15990,628,251
2020.9.10,18924,16069,629,317
2020.9.11,19216,16139,629,292
2020.9.12,19557,16247,630,341
2020.9.13,19890,16333,631,333
2020.9.14,20237,16437,633,347
2020.9.15,20571,16557,633,334
2020.9.16,20571,16557,633,0
2020.9.17,21393,16918,635,822
2020.9.18,21847,17110,635,454
2020.9.19,22436,17316,635,589
2020.9.20,22905,17514,638,469
2020.9.21,23323,17738,640,418
2020.9.22,23799,18035,641,476
2020.9.23,24357,18359,643,558
2020.9.24,24916,18646,645,559
2020.9.25,25594,19010,647,678
2020.9.26,26213,19350,648,619
2020.9.27,26637,19650,649,424
2020.9.28,27072,19942,649,435
2020.9.29,27464,20320,650,392
2020.9.30,27998,20754,650,534
2020.10.1,28396,21309,651,398
2020.10.2,28932,21824,652,536
2020.10.3,29302,22297,654,370
2020.10.4,29680,22716,658,378
2020.10.5,30057,23122,659,377
2020.10.6,30379,23655,663,322
2020.10.7,30710,24240,663,331
2020.10.8,31156,24899,665,446
2020.10.9,31638,25502,665,482
2020.10.10,32082,25987,667,444
2020.10.11,32422,26380,669,340
2020.10.12,32811,26741,671,389
2020.10.13,33101,27225,674,290
2020.10.14,33593,27680,675,492
2020.10.15,34023,28118,677,430
2020.10.16,34441,28551,677,418
2020.10.17,34941,28917,679,500
2020.10.18,35392,29255,680,451
2020.10.19,35844,29562,686,452
2020.10.20,36373,29998,688,529
2020.10.21,37003,30432,690,630
2020.10.22,37763,30877,694,760
2020.10.23,38622,31295,697,859
2020.10.24,39411,31701,700,789
2020.10.25,40356,31985,702,945
2020.10.26,41412,32237,708,1056
2020.10.27,42157,32697,709,745
2020.10.28,43174,33126,715,1017
2020.10.29,44034,33601,716,860
2020.10.30,45225,34052,719,1191
2020.10.31,46351,34523,721,1126
2020.11.1,47299,34959,723,948
2020.11.2,48241,35411,724,942
2020.11.3,49594,36111,728,1353
2020.11.4,50530,36892,729,936
2020.11.5,51753,37756,733,1223
2020.11.6,53180,38627,738,1427
2020.11.7,54230,39490,740,1050
2020.11.8,55121,40305,743,891
2020.11.9,55892,41232,747,771
2020.11.10,56958,42249,750,1066
2020.11.11,57952,43483,753,994
2020.11.12,58963,44693,755,1011
2020.11.13,60000,45705,756,1037
2020.11.14,61078,46774,757,1078
2020.11.15,62136,47747,760,1058
2020.11.16,63331,48696,764,1195
2020.11.17,64551,49961,768,1220
2020.11.18,65808,51217,770,1257
2020.11.19,67105,52445,773,1297
2020.11.20,68362,53470,778,1257
2020.11.21,69635,54436,781,1273
2020.11.22,70485,55274,784,850
2020.11.23,71654,56032,789,1169
2020.11.24,73021,57075,797,1367
2020.11.25,74204,58148,802,1183
2020.11.26,75395,59250,811,1191
2020.11.27,76718,60312,816,1323
2020.11.28,78354,61461,823,1636
2020.11.29,79352,62514,829,998
2020.11.30,80481,63515,837,1129
2020.12.1,81949,64757,846,1468
2020.12.2,83535,66086,852,1586
2020.12.3,85140,67416,858,1605
2020.12.4,86743,68632,867,1603
2020.12.5,88858,69869,878,2115
2020.12.6,90603,70876,885,1745
2020.12.7,92649,71882,894,2046
2020.12.8,94799,73052,901,2150
2020.12.9,97357,74367,904,2558
2020.12.10,100489,75664,918,3132
2020.12.11,103564,76927,927,3075
2020.12.12,107116,78236,935,3552
2020.12.13,109758,79394,941,2642
2020.12.14,113095,80564,950,3337
2020.12.15,116087,82099,961,2992
2020.12.16,119779,83801,975,3692
2020.12.17,123813,85662,992,4034
2020.12.18,128321,87560,1007,4508
2020.12.19,131606,89570,1019,3285
2020.12.20,134434,91263,1035,2828
2020.12.21,137632,93214,1053,3198
2020.12.22,140175,95933,1070,2543
2020.12.23,143472,99025,1096,3297
2020.12.24,146341,102184,1114,2869
2020.12.25,149333,105425,1134,2992
2020.12.26,151167,108659,1153,1834
2020.12.27,153347,111718,1174,2180
2020.12.28,155826,114841,1204,2479
2020.12.29,158447,118727,1226,2621
2020.12.30,161230,122954,1256,2783
2020.12.31,163479,127276,1298,2249
2021.1.1,165930,130818,1322,2451
2021.1.2,167541,133889,1345,1611
2021.1.3,168711,136598,1374,1170
2021.1.4,170787,139013,1389,2076
2021.1.5,172779,142057,1420,1992
2021.1.6,174995,144855,1450,2216
2021.1.7,176837,147867,1487,1842
2021.1.8,178497,149346,1517,1660
2021.1.9,180240,150932,1542,1743
2021.1.10,181486,153565,1570,1246
2021.1.11,182725,155713,1597,1239
2021.1.12,183801,158743,1623,1076
2021.1.13,185159,161194,1660,1358
2021.1.14,185159,161194,1660,0
2021.1.15,187320,165166,1720,2161
2021.1.16,188199,166367,1747,879
2021.1.17,189088,168379,1775,889
2021.1.18,189895,170012,1805,807
2021.1.19,190619,172456,1837,724
2021.1.20,191505,174374,1872,886
2021.1.21,192265,176003,1909,760
2021.1.22,193038,177550,1941,773
2021.1.23,193917,178967,1969,879
2021.1.24,194671,180125,1983,754
2021.1.25,195296,181081,2010,625
2021.1.26,195948,182420,2030,652
2021.1.27,196540,183647,2050,592
2021.1.28,197208,184853,2071,668
2021.1.29,197664,185769,2084,456
2021.1.30,198095,186612,2106,431
2021.1.31,198472,187318,2125,377
2021.2.1,198960,187967,2145,488
2021.2.2,199357,188873,2160,397
2021.2.3,199782,189770,2170,425
2021.2.4,200335,190549,2184,553
2021.2.5,200773,191399,2201,438
2021.2.6,201186,192104,2215,413
2021.2.7,201621,192695,2216,435
2021.2.8,202051,193202,2216,430
2021.2.9,202051,193202,2216,0
2021.2.10,202887,194601,2255,836
2021.2.11,203365,195124,2269,478
2021.2.12,203793,195625,2280,428
2021.2.13,204067,196027,2284,274
2021.2.14,204362,196384,2292,295
2021.2.15,204799,196765,2301,437
2021.2.16,205183,197258,2308,384
2021.2.17,205597,197746,2316,414
2021.2.18,206065,198179,2319,468
2021.2.19,206617,198619,2327,552
2021.2.20,207081,199026,2333,464
2021.2.21,207577,199449,2338,496
2021.2.22,208027,199818,2343,450
2021.2.23,208556,200263,2343,529
2021.2.24,209079,200715,2345,523
2021.2.25,209682,201154,2351,603
2021.2.26,210212,201531,2353,530
2021.2.27,210732,201848,2358,520
2021.2.28,211195,202181,2361,463
2021.3.1,211692,202517,2365,497
2021.3.2,212224,202914,2367,532
2021.3.3,212798,203433,2370,574
2021.3.4,213318,203934,2374,520
2021.3.5,213932,204483,2377,614
2021.3.6,213932,204483,2377,0
2021.3.7,214839,205365,2379,907
2021.3.8,215264,205832,2381,425
2021.3.9,215791,206421,2381,527
2021.3.10,217798,207439,2382,2007
2021.3.11,218660,208020,2384,862
2021.3.12,218660,208020,2384,0
2021.3.13,219918,209133,2390,1258
2021.3.14,220459,209602,2391,541
2021.3.15,221071,210114,2393,612
2021.3.16,221842,210728,2395,771
2021.3.17,222629,211356,2396,787
2021.3.18,223415,211962,2397,786
2021.3.19,224258,212580,2397,843
2021.3.20,224848,213173,2399,590
2021.3.21,225505,213701,2400,657
2021.3.22,226777,214289,2402,1272
2021.3.23,227031,215035,2403,254
2021.3.24,227894,215770,2405,863
2021.3.25,227894,215770,2405,0
2021.3.26,226633,215596,2411,0
2021.3.27,227049,216126,2413,416
2021.3.28,228013,216590,2414,964
2021.3.29,228692,217071,2415,679
2021.3.30,229902,218246,2417,1210
2021.3.31,230603,218985,2419,701
2021.4.1,231265,219695,2423,662
2021.4.2,231973,220354,2424,708
2021.4.3,232718,221004,2428,745
2021.4.4,233318,221590,2429,600
2021.4.5,233797,222152,2430,479
2021.4.6,234318,223012,2432,521
2021.4.7,234931,223824,2435,613
2021.4.8,235648,224608,2436,717
2021.4.9,236346,225255,2436,698
2021.4.10,237101,225968,2439,755
2021.4.11,237792,226630,2441,691
2021.4.12,238306,227244,2443,514
2021.4.13,238869,228007,2446,563
2021.4.14,239532,228685,2447,663
2021.4.15,240330,229372,2449,798
2021.4.16,241007,230084,2452,677
2021.4.17,241731,230638,2452,724
2021.4.18,242633,231166,2455,902
2021.4.19,243374,231628,2459,741
2021.4.20,244065,232191,2463,691
2021.4.21,244868,232899,2465,803
