date,累计确诊,治愈,死亡,新增确诊
2020.4.8,1892,45,57,224
2020.4.9,2203,61,69,311
2020.4.10,2511,79,73,308
2020.4.11,2777,89,83,2666
2020.4.12,3102,97,93,325
2020.4.13,3372,119,98,270
2020.4.14,3764,143,108,392
2020.4.15,4161,186,116,397
2020.4.16,4662,246,125,501
2020.4.17,5106,275,133,444
2020.4.18,5449,347,141,343
2020.4.19,5710,359,151,261
2020.4.20,6125,367,161,416
2020.4.21,6592,424,174,467
2020.4.22,7170,504,187,578
2020.4.23,7647,601,193,477
2020.4.24,8125,782,201,478
2020.4.25,8617,840,209,492
2020.4.26,9009,864,220,392
2020.4.27,9410,992,239,401
2020.4.28,9866,1103,250,456
2020.4.29,10406,1238,261,540
2020.4.30,10861,1413,272,455
2020.5.1,11411,1498,279,550
2020.5.2,11913,1548,288,502
2020.5.3,12331,1619,303,418
2020.5.4,12697,1875,316,366
2020.5.5,13184,2097,327,487
2020.5.6,13691,2396,340,507
2020.5.7,14195,2396,361,504
2020.5.8,14710,2909,376,515
2020.5.9,15232,3060,391,522
2020.5.10,15648,3288,408,416
2020.5.11,16023,3373,425,375
2020.5.12,16425,3716,439,402
2020.5.13,16847,4143,456,422
2020.5.14,17330,4473,476,483
2020.5.15,17858,4906,497,528
2020.5.16,18291,5116,514,433
2020.5.17,18616,5276,535,325
2020.5.18,18616,5276,535,0
2020.5.19,18876,5632,548,260
2020.5.20,19230,5955,564,354
2020.5.21,19706,6227,579,476
2020.5.22,20148,6585,588,442
2020.5.23,20580,6929,605,432
2020.5.24,20986,7108,617,406
2020.5.25,21245,7234,623,259
2020.5.26,21584,7575,644,339
2020.5.27,21905,7995,658,321
2020.5.28,22382,8439,669,477
2020.5.29,22811,8934,679,429
2020.5.30,23204,9311,696,393
2020.5.31,23672,9538,708,468
2020.6.1,24012,9690,718,340
2020.6.2,24340,10078,727,328
2020.6.3,24823,10440,735,483
2020.6.4,25411,11042,747,588
2020.6.5,25964,11372,762,553
2020.6.6,26514,11812,777,550
2020.6.7,26999,12054,788,485
2020.6.8,27462,12195,797,463
2020.6.9,27856,12412,810,394
2020.6.10,28381,12769,833,525
2020.6.11,29070,13141,854,689
2020.6.12,29753,13567,870,683
2020.6.13,30506,13976,880,753
2020.6.14,31154,14082,889,648
2020.6.15,31810,14253,901,656
2020.6.16,32476,14528,912,666
2020.6.17,33234,14943,943,758
2020.6.18,34063,15447,966,829
2020.6.19,34984,16033,985,921
2020.6.20,35825,16406,994,841
2020.6.21,36560,16509,1002,735
2020.6.22,37241,16642,1012,681
2020.6.23,38074,16956,1035,833
2020.6.24,39014,17409,1051,940
2020.6.25,40008,17758,1067,994
2020.6.26,41117,18299,1086,1109
2020.6.27,42065,18701,1110,948
2020.6.28,42982,18934,1129,917
2020.6.29,43628,19027,1147,646
2020.6.30,44334,19115,1159,706
2020.7.1,44998,19548,1173,664
2020.7.2,45887,20053,1185,889
2020.7.3,46763,20558,1212,876
2020.7.4,47677,21115,1227,914
2020.7.5,48500,21376,1249,823
2020.7.6,49043,21703,1262,543
2020.7.7,49607,22193,1283,564
2020.7.8,50414,23119,1306,807
2020.7.9,51224,23784,1327,810
2020.7.10,52043,24800,1345,819
2020.7.11,52843,25661,1372,800
2020.7.12,53521,26118,1383,678
2020.7.13,54133,26503,1398,612
2020.7.14,54771,27154,1412,638
2020.7.15,55607,28131,1427,836
2020.7.16,56455,28931,1445,848
2020.7.17,57264,29769,1456,809
2020.7.18,58111,30525,1477,847
2020.7.19,58842,30879,1485,731
2020.7.20,59493,31439,1498,651
2020.7.21,60166,32199,1518,673
2020.7.22,60995,33172,1534,829
2020.7.23,61851,34000,1551,856
2020.7.24,62823,34886,1571,972
2020.7.25,63929,35497,1590,1106
2020.7.26,64849,35807,1605,920
2020.7.27,65656,36112,1616,807
2020.7.28,66575,36744,1629,919
2020.7.29,67597,37394,1650,1022
2020.7.30,68794,38154,1673,1197
2020.7.31,69884,38752,1693,1090
2020.8.1,71056,39308,1709,1172
2020.8.2,72168,39543,1725,1112
2020.8.3,73158,39876,1738,990
2020.8.4,74219,40613,1764,1061
2020.8.5,75490,41527,1788,1271
2020.8.6,76808,42524,1819,1318
2020.8.7,78261,43055,1852,1453
2020.8.8,79750,43655,1879,1489
2020.8.9,80949,43972,1897,1199
2020.8.10,81957,44359,1922,1008
2020.8.11,83115,44934,1951,1158
2020.8.12,84548,45686,1970,1433
2020.8.13,86140,46216,1992,1592
2020.8.14,87872,46797,2011,1732
2020.8.15,89719,47430,2044,1847
2020.8.16,91356,47822,2070,1637
2020.8.17,92820,48164,2089,1464
2020.8.18,94436,48925,2116,1616
2020.8.19,96403,49737,2144,1967
2020.8.20,98537,50441,2184,2134
2020.8.21,100643,51078,2207,2106
2020.8.22,102971,51735,2244,2328
2020.8.23,104958,52235,2271,1987
2020.8.24,106754,54524,2293,1796
2020.8.25,108415,52870,2318,1661
2020.8.26,110085,53454,2354,1670
2020.8.27,112059,54217,2403,1974
2020.8.28,114497,55083,2451,2438
2020.8.29,116978,56138,2492,2481
2020.8.30,119074,56734,2527,2096
2020.8.31,121215,57114,2557,2141
2020.9.1,123303,57802,2605,2088
2020.9.2,125789,58817,2656,2486
2020.9.3,128228,59676,2710,2439
2020.9.4,130951,59676,2761,2723
2020.9.5,133787,61649,2811,2836
2020.9.6,135894,62227,2846,2107
2020.9.7,138068,62606,2877,2174
2020.9.8,140479,63546,2934,2411
2020.9.9,143030,64703,2979,2551
2020.9.10,145612,65877,3023,2582
2020.9.11,148756,67005,3076,3144
2020.9.12,151859,68346,3148,3103
2020.9.13,154335,68893,3178,2476
2020.9.14,156797,69543,3211,2462
2020.9.15,159702,70810,3264,2905
2020.9.16,162660,72324,3340,2958
2020.9.17,166244,73913,3400,3584
2020.9.18,169472,75486,3468,3228
2020.9.19,172712,76754,3516,3240
2020.9.20,175678,77512,3557,2966
2020.9.21,178353,78184,3583,2675
2020.9.22,181237,79901,3642,2884
2020.9.23,184734,81670,3705,3497
2020.9.24,188106,83458,3757,3372
2020.9.25,191671,85133,3827,3565
2020.9.26,195504,85133,3903,3833
2020.9.27,198634,87882,3959,3130
2020.9.28,201305,88453,3996,2671
2020.9.29,204932,90250,4065,3627
2020.9.30,208959,92360,4129,4027
2020.10.1,213028,94443,4193,4069
2020.10.2,217661,96591,4261,4633
2020.10.3,222322,98737,4353,4661
2020.10.4,226462,100107,4397,4140
2020.10.5,230236,101252,4430,3774
2020.10.6,234584,103401,4520,4348
2020.10.7,239337,105970,4597,4753
2020.10.8,244734,108233,4690,5397
2020.10.9,250538,110650,4779,5804
2020.10.10,256266,112570,4887,5728
2020.10.11,261034,113507,4972,4768
2020.10.12,265454,114410,5015,4420
2020.10.13,270587,116562,5122,5133
2020.10.14,276177,118699,5229,5590
2020.10.15,281239,119650,5302,5062
2020.10.16,287231,121919,5408,5992
2020.10.17,293641,124113,5517,6410
2020.10.18,298872,125377,5607,5231
2020.10.19,303638,126489,5673,4766
2020.10.20,309107,129533,5786,5469
2020.10.21,315826,132219,5927,6719
2020.10.22,322879,134898,6043,7053
2020.10.23,330396,137578,6164,7517
2020.10.24,337410,139755,6289,7014
2020.10.25,343498,141508,6391,6088
2020.10.26,348924,142537,6464,5426
2020.10.27,355601,145336,6590,6677
2020.10.28,363075,148642,6755,7474
2020.10.29,370417,151632,6868,7342
2020.10.30,378729,155026,7041,8312
2020.10.31,387481,158928,7196,8752
2020.11.1,395440,161441,7306,7959
2020.11.2,402194,163768,7375,6754
2020.11.3,411093,168868,7532,8899
2020.11.4,420617,176404,7731,9524
2020.11.5,430467,184782,7924,9850
2020.11.6,440188,195544,8125,9721
2020.11.7,450934,204229,8312,10746
2020.11.8,460331,206866,8450,9397
2020.11.9,469018,209143,8565,8687
2020.11.10,479197,214657,8756,10179
2020.11.11,489808,221459,8947,10611
2020.11.12,500865,227694,9145,11057
2020.11.13,512652,233849,9317,11787
2020.11.14,525176,238811,9508,12524
2020.11.15,535857,241444,9603,10681
2020.11.16,545689,244197,9697,9832
2020.11.17,557657,250983,9856,11968
2020.11.18,570153,259079,10112,12496
2020.11.19,583510,266479,10369,13357
2020.11.20,598085,274324,10598,14575
2020.11.21,612665,282313,10813,14580
2020.11.22,624744,286917,10951,12079
2020.11.23,635689,291060,11075,10945
2020.11.24,647976,299358,11263,12287
2020.11.25,661858,307778,11492,13882
2020.11.26,677189,317395,11717,15331
2020.11.27,693407,326238,11909,16218
2020.11.28,709701,335135,12093,16294
2020.11.29,722679,339378,12213,12978
2020.11.30,745123,355172,12548,9946
2020.12.1,745123,355172,12548,0
2020.12.2,758264,369054,12717,13141
2020.12.3,772760,384426,12960,14496
2020.12.4,787891,397809,13195,15131
2020.12.5,801716,412533,13421,13825
2020.12.6,813306,418581,13588,11590
2020.12.7,821947,423704,13733,8641
2020.12.8,832758,436564,13928,10811
2020.12.9,845343,451118,14204,12585
2020.12.10,858714,465021,14470,13371
2020.12.11,872228,480348,14755,13514
2020.12.12,885039,494001,14998,12811
2020.12.13,894215,501564,15154,9176
2020.12.14,900666,506718,15247,6451
2020.12.15,909082,522868,15480,8416
2020.12.16,919704,535417,15744,10622
2020.12.17,931751,548356,15996,12047
2020.12.18,944381,561222,16256,12630
2020.12.19,956123,574536,16469,11742
2020.12.20,964448,581162,16585,8325
2020.12.21,970993,586268,16665,6545
2020.12.22,979506,600288,16897,8513
2020.12.23,989642,615660,17172,10136
2020.12.24,1001132,631435,17395,11490
2020.12.25,1012167,646772,17581,11035
2020.12.26,1019876,651917,17702,7709
2020.12.27,1030374,665729,17849,10498
2020.12.28,1030374,665729,17849,0
2020.12.29,1037362,681835,18081,6988
2020.12.30,1045348,698190,18324,7986
2020.12.31,1055047,709993,18533,9699
2021.1.1,1064479,720009,18680,9432
2021.1.2,1069517,722615,18731,5038
2021.1.3,1074093,728865,18854,4576
2021.1.4,1078251,733558,18927,4158
2021.1.5,1083585,747408,19129,5334
2021.1.6,1090496,761898,19357,6911
2021.1.7,1099493,773214,19505,8997
2021.1.8,1105169,778345,19588,5676
2021.1.9,1110015,786306,19668,4846
2021.1.10,1115026,791598,19767,5011
2021.1.11,1119314,796417,19835,4288
2021.1.12,1124430,812368,20019,5116
2021.1.13,1130839,826871,20214,6409
2021.1.14,1138764,837063,20376,7925
2021.1.15,1146963,847391,20542,8199
2021.1.16,1154692,857183,20686,7729
2021.1.17,1160682,865960,20802,5990
2021.1.18,1163716,871196,20869,3034
2021.1.19,1167655,886248,21046,3939
2021.1.20,1172038,900749,21258,4383
2021.1.21,1177621,914730,21499,5583
2021.1.22,1182969,928969,21662,5348
2021.1.23,1187897,942107,21778,4928
2021.1.24,1191812,947514,21861,3915
2021.1.25,1194328,953297,21924,2516
2021.1.26,1197107,965835,22057,2779
2021.1.27,1200883,980085,22202,3776
2021.1.28,1206412,992031,22351,5529
2021.1.29,1211593,1003341,22479,5181
2021.1.30,1216278,1014658,22628,4685
2021.1.31,1219455,1018784,22707,3177
2021.2.1,1221485,1023915,22768,2030
2021.2.2,1223879,1035372,22924,2394
2021.2.3,1227164,1045473,23089,3285
2021.2.4,1232246,1055406,23229,5082
2021.2.5,1237169,1063591,23387,4923
2021.2.6,1241479,1070749,23516,4310
2021.2.7,1244849,1073046,23597,3370
2021.2.8,1246990,1075743,23644,2141
2021.2.9,1249646,1084590,23771,2656
2021.2.10,1253055,1092376,23934,3409
2021.2.11,1258094,1098944,24058,5039
2021.2.12,1262867,1106155,24174,4773
2021.2.13,1268049,1112299,24285,5182
2021.2.14,1271143,1114301,24330,3094
2021.2.15,1273475,1116779,24392,2332
2021.2.16,1276618,1122968,24542,3143
2021.2.17,1280904,1128890,24689,4286
2021.2.18,1287141,1134120,24852,6237
2021.2.19,1293672,1139977,24972,6531
2021.2.20,1299967,1144516,25045,6295
2021.2.21,1304456,1146073,25103,4489
2021.2.22,1307662,1147426,25156,3206
2021.2.23,1311844,1151777,25309,4182
2021.2.24,1317694,1155422,25461,5850
2021.2.25,1325841,1159311,25596,8147
2021.2.26,1333844,1163555,25742,8003
2021.2.27,1342016,1168321,25893,8172
2021.2.28,1347849,1170023,25982,5833
2021.3.1,1352134,1171724,26050,4285
2021.3.2,1357470,1176918,26212,5336
2021.3.3,1364705,1182036,26397,7235
2021.3.4,1374762,1186873,26591,10057
2021.3.5,1384917,1191022,26763,10155
2021.3.6,1394061,1194373,26919,9144
2021.3.7,1401228,1196520,27022,7167
2021.3.8,1406800,1198254,27128,5572
2021.3.9,1410061,1199229,27204,3261
2021.3.10,1416438,1204916,27423,6377
2021.3.11,1425522,1210246,27685,9084
2021.3.12,1438468,1214876,27915,12946
2021.3.13,1451744,1219773,28158,13276
2021.3.14,1460756,1222516,28303,9012
2021.3.15,1467548,1226007,28433,6792
2021.3.16,1477190,1232209,28697,9642
2021.3.17,1489023,1237676,28986,11833
2021.3.18,1504076,1244190,29253,15053
2021.3.19,1519926,1248782,29515,15850
2021.3.20,1535218,1253972,29775,15292
2021.3.21,1546363,1257849,29941,11145
2021.3.22,1554256,1260842,30098,7893
2021.3.23,1565732,1268886,30431,11476
2021.3.24,1579906,1276272,30773,14174
2021.3.25,1596575,1283020,31135,16669
2021.3.26,1614707,1290158,31461,18132
2021.3.27,1632131,1297282,31751,17424
2021.3.28,1644063,1300625,31954,11932
2021.3.29,1652409,1303500,32132,8346
2021.3.30,1662942,1307076,32418,10533
2021.3.31,1674168,1313481,32825,11226
2021.4.1,1691737,1323083,33246,17569
2021.4.2,1711630,1333370,33679,19893
2021.4.3,1731971,1342536,34075,20341
2021.4.4,1745709,1347193,34333,13738
2021.4.5,1755888,1352139,34587,10179
2021.4.6,1769164,1362379,35017,13276
2021.4.7,1784579,1373851,35498,15415
2021.4.8,1803998,1383883,35962,19419
2021.4.9,1823674,1395104,36381,19676
2021.4.10,1841137,1405826,36779,17463
2021.4.11,1853249,1410860,37014,12112
2021.4.12,1861105,1416215,37301,7856
2021.4.13,1872785,1430234,37758,11680
2021.4.14,1887338,1442618,38225,14553
2021.4.15,1903765,1453766,38658,16427
2021.4.16,1921244,1465820,39096,17479
2021.4.17,1936228,1475556,39536,14984
2021.4.18,1946510,1482079,39786,10282
2021.4.19,1953016,1487677,40000,6506
2021.4.20,1961956,1499752,40367,8940
