date,累计确诊,治愈,死亡,新增确诊
2020.4.8,545,30,3,25
2020.4.9,582,38,3,37
2020.4.10,669,42,3,45
2020.4.11,767,42,4,143
2020.4.12,865,66,4,32
2020.4.13,998,85,4,133
2020.4.14,1165,99,4,167
2020.4.15,1302,107,4,137
2020.4.16,1380,129,4,31
2020.4.17,1405,156,4,56
2020.4.18,1490,194,5,85
2020.4.19,1565,225,5,75
2020.4.20,1627,261,5,62
2020.4.21,1678,357,6,51
2020.4.22,1716,450,7,38
2020.4.23,1758,561,7,42
2020.4.24,1804,621,8,46
2020.4.25,1862,707,8,58
2020.4.26,1887,789,8,18
2020.4.27,1904,892,8,35
2020.4.28,1955,992,8,16
2020.4.29,2002,1096,9,63
2020.4.30,2039,1133,9,37
2020.5.1,2094,1212,9,55
2020.5.2,2118,1271,9,32
2020.5.3,2149,1319,10,31
2020.5.4,2204,1454,10,40
2020.5.5,2207,1501,10,18
2020.5.6,2233,1577,10,26
2020.5.7,2298,1656,10,65
2020.5.9,2411,1856,10,62
2020.5.10,2453,1982,10,69
2020.5.11,2519,2010,10,68
2020.5.12,2568,2040,10,49
2020.5.13,2612,2076,11,93
2020.5.15,2686,2158,11,41
2020.5.16,2738,2213,11,52
2020.5.17,2753,2247,12,15
2020.5.18,2779,2314,13,26
2020.5.19,2825,2338,13,46
2020.5.20,2927,2369,13,102
2020.5.21,2964,2407,13,37
2020.5.22,3006,2407,13,42
2020.5.23,3089,2525,13,83
2020.5.24,3150,2565,13,61
2020.5.25,3189,2607,13,39
2020.5.26,3281,2636,13,92
2020.5.27,3355,2668,14,74
2020.5.28,3437,2694,14,82
2020.5.29,3468,2728,14,31
2020.5.30,3523,2783,14,55
2020.5.31,3583,2837,15,60
2020.6.1,3673,2859,15,90
2020.6.2,3750,2908,15,77
2020.6.3,3815,3014,15,65
2020.6.4,3909,3087,16,94
2020.6.5,3987,3227,16,78
2020.6.6,4022,3247,16,35
2020.6.7,4302,3354,17,280
2020.6.8,4352,3354,17,50
2020.6.9,4482,3444,18,130
2020.6.10,4591,3504,18,109
2020.6.11,4717,3623,19,126
2020.6.12,4837,3700,19,120
2020.6.13,4937,3837,19,100
2020.6.14,5051,3910,19,114
2020.6.15,5154,3996,19,103
2020.6.16,5328,4019,19,174
2020.6.17,5638,4131,19,310
2020.6.18,5730,4166,19,92
2020.6.19,5920,4273,19,190
2020.6.20,6119,4273,19,199
2020.6.21,6272,4290,19,153
2020.6.22,6401,4450,19,129
2020.6.23,6535,4520,19,134
2020.6.24,6847,4675,19,312
2020.6.25,7087,4724,20,240
2020.6.26,7228,4877,20,141
2020.6.27,7490,5038,20,262
2020.6.28,7813,5248,21,323
2020.6.29,8199,5426,23,386
2020.6.30,8385,5569,25,186
2020.7.1,8671,5737,26,286
2020.7.2,8996,5847,27,325
2020.7.3,9326,6161,28,330
2020.7.4,9611,6306,31,285
2020.7.5,9829,6425,31,218
2020.7.6,10284,6584,36,455
2020.7.7,10587,6690,39,303
2020.7.8,10982,6888,42,395
2020.7.9,11447,7082,49,465
2020.7.10,11857,7335,53,410
2020.7.11,12402,7540,56,545
2020.7.12,12855,7723,59,453
2020.7.13,13360,7852,62,505
2020.7.14,13993,8074,65,633
2020.7.15,14466,8343,69,473
2020.7.16,14991,8655,73,525
2020.7.17,15349,8783,76,358
2020.7.18,15896,9003,80,547
2020.7.19,16607,9178,85,711
2020.7.20,17149,9387,90,542
2020.7.21,17755,9463,93,606
2020.7.22,18324,9554,97,569
2020.7.23,18531,9872,99,207
2020.7.24,18986,10149,103,455
2020.7.25,19755,10472,109,769
2020.7.26,20226,10831,114,471
2020.7.27,20820,11105,116,594
2020.7.28,21699,12026,124,879
2020.7.29,22374,12668,129,675
2020.7.30,23078,13432,134,704
2020.7.31,23773,14204,139,695
2020.8.1,24569,14916,145,796
2020.8.2,25336,15833,151,767
2020.8.3,26066,16838,157,730
2020.8.4,26804,17838,163,738
2020.8.5,27554,18682,169,750
2020.8.6,28315,19291,175,761
2020.8.7,28809,19587,179,494
2020.8.8,29652,21006,187,843
2020.8.9,30464,21813,192,812
2020.8.10,31068,22559,198,604
2020.8.11,31747,23704,204,679
2020.8.12,32465,25106,210,718
2020.8.13,33093,26270,215,628
2020.8.14,33821,27825,220,728
2020.8.15,34017,28661,221,196
2020.8.16,35109,30664,230,1092
2020.8.17,35513,30973,234,404
2020.8.18,36352,32062,242,839
2020.8.19,36968,32557,247,616
2020.8.20,37547,33261,252,579
2020.8.21,37825,33442,256,278
2020.8.22,38412,34351,265,587
2020.8.23,38870,34894,271,458
2020.8.24,39156,35283,277,286
2020.8.25,39641,35869,284,485
2020.8.26,39964,36402,291,323
2020.8.27,40338,37116,297,374
2020.8.28,40720,37873,302,382
2020.8.29,41067,38250,307,347
2020.8.30,41424,38655,313,357
2020.8.31,41787,39068,319,363
2020.9.1,41994,39275,322,207
2020.9.2,42437,39664,327,443
2020.9.3,42688,40081,331,251
2020.9.4,42998,40392,338,310
2020.9.5,43293,40774,343,295
2020.9.6,43476,40880,345,183
2020.9.7,43775,41277,350,299
2020.9.8,44281,41594,358,506
2020.9.9,44781,42162,364,500
2020.9.10,45473,42509,370,692
2020.9.11,46160,42857,377,687
2020.9.12,46498,43023,382,338
2020.9.13,47042,43511,388,544
2020.9.14,47836,44375,396,794
2020.9.15,48429,44942,402,593
2020.9.16,49015,45422,407,586
2020.9.17,49627,45970,413,612
2020.9.18,50253,46527,419,626
2020.9.19,50634,46645,423,381
2020.9.20,51235,47271,429,601
2020.9.21,52070,48369,437,835
2020.9.22,52491,48606,440,421
2020.9.23,53275,49649,444,784
2020.9.24,53834,50230,446,559
2020.9.25,54392,50879,449,558
2020.9.26,54462,50954,450,70
2020.9.27,55320,51829,458,858
2020.9.28,55776,52324,460,456
2020.9.29,56252,52859,465,476
2020.9.30,56717,53366,470,465
2020.10.1,56997,53457,471,280
2020.10.2,57454,53955,472,457
2020.10.3,57924,54456,476,470
2020.10.4,58421,54854,479,497
2020.10.5,58946,55633,485,525
2020.10.6,59343,56058,489,397
2020.10.7,59579,56165,491,236
2020.10.8,59905,56568,494,326
2020.10.9,60342,57221,498,437
2020.10.10,60681,57587,501,339
2020.10.11,61017,57967,505,336
2020.10.12,61319,58306,509,302
2020.10.13,61642,58613,511,323
2020.10.14,61859,58763,512,217
2020.10.15,62278,59291,518,419
2020.10.16,62588,59624,520,310
2020.10.17,62809,59756,522,221
2020.10.18,63124,60080,525,315
2020.10.19,63430,60401,529,306
2020.10.20,63831,60910,534,401
2020.10.21,64010,61068,534,179
2020.10.22,64439,61658,540,429
2020.10.23,64633,61734,541,194
2020.10.24,64923,62033,544,290
2020.10.25,65200,62342,547,277
2020.10.26,65577,62742,552,377
2020.10.27,65765,62876,554,188
2020.10.28,66037,63165,557,272
2020.10.29,66392,63581,561,355
2020.10.30,66542,63713,562,150
2020.10.31,66628,63864,563,86
2020.11.1,67101,64354,570,473
2020.11.2,67254,64466,571,153
2020.11.3,67501,64671,571,247
2020.11.4,67698,64885,575,197
2020.11.5,68009,65254,579,311
2020.11.6,68139,65333,579,130
2020.11.7,68367,65550,580,228
2020.11.8,68512,65762,583,145
2020.11.9,68879,66107,586,367
2020.11.10,69027,66194,588,148
2020.11.11,69330,66609,591,303
2020.11.12,69475,66672,593,145
2020.11.13,69754,66886,594,279
2020.11.14,69830,67092,594,76
2020.11.15,70102,67315,598,272
2020.11.16,70299,67526,598,197
2020.11.17,70509,67734,598,210
2020.11.18,70719,67927,599,210
2020.11.19,70921,68123,601,202
2020.11.20,71208,68451,603,287
2020.11.21,71359,68525,603,151
2020.11.22,71552,68711,603,193
2020.11.23,71774,69054,604,222
2020.11.24,71985,69240,604,211
2020.11.25,72039,69302,605,54
2020.11.26,72289,69477,606,250
2020.11.27,72513,69780,607,224
2020.11.28,72582,69859,608,69
2020.11.29,72753,70047,608,171
2020.11.30,73094,70337,610,167
2020.12.1,73145,70337,610,51
2020.12.2,73335,70534,611,190
2020.12.3,73431,70712,611,96
2020.12.4,73592,70861,611,161
2020.12.5,73751,71002,611,159
2020.12.6,73904,71173,611,153
2020.12.7,74053,71315,611,149
2020.12.8,74206,71482,611,153
2020.12.9,74352,71609,611,146
2020.12.10,74498,71740,611,146
2020.12.11,74664,71921,611,166
2020.12.12,74811,72084,612,147
2020.12.13,74956,72243,612,145
2020.12.14,75094,72368,612,138
2020.12.15,75241,72522,612,147
2020.12.16,75396,72661,612,155
2020.12.17,75538,72810,612,142
2020.12.18,75675,72961,612,137
2020.12.19,75806,73099,612,131
2020.12.20,75933,73242,612,127
2020.12.21,76048,73339,612,115
2020.12.22,76180,73460,612,132
2020.12.23,76315,73589,612,135
2020.12.24,76456,73746,612,141
2020.12.25,76568,73911,612,112
2020.12.26,76666,74093,612,98
2020.12.27,76832,74439,613,166
2020.12.28,76832,74439,613,0
2020.12.29,76907,74626,613,75
2020.12.30,76985,74789,614,78
2020.12.31,77060,74943,614,75
2021.1.1,77126,75112,614,66
2021.1.2,77182,75244,614,56
2021.1.3,77231,75358,614,49
2021.1.4,77258,75437,614,27
2021.1.5,77295,75545,614,37
2021.1.6,77350,75650,615,55
2021.1.7,77412,75759,615,62
2021.1.8,77485,75875,616,73
2021.1.9,77530,75947,616,45
2021.1.10,77572,76014,617,42
2021.1.11,77611,76067,617,39
2021.1.12,77663,76134,617,52
2021.1.13,77716,76197,618,53
2021.1.14,77777,76276,618,61
2021.1.15,77845,76335,619,68
2021.1.16,77904,76388,619,59
2021.1.17,77968,76436,619,64
2021.1.18,78036,76538,619,68
2021.1.19,78091,76585,620,55
2021.1.20,78163,76624,620,72
2021.1.21,78219,76655,620,56
2021.1.22,78272,76752,620,53
2021.1.23,78317,76778,621,45
2021.1.24,78375,76815,621,58
2021.1.25,78429,76862,621,54
2021.1.26,78471,76912,621,42
2021.1.27,78510,76997,621,39
2021.1.28,78556,77047,621,46
2021.1.29,78602,77084,621,46
2021.1.30,78672,77146,621,70
2021.1.31,78711,77191,621,39
2021.2.1,78755,77221,621,44
2021.2.2,78801,77286,621,46
2021.2.3,78859,77333,621,58
2021.2.4,78916,77368,621,57
2021.2.5,78989,77443,621,73
2021.2.6,79045,77490,621,56
2021.2.7,79098,77522,621,53
2021.2.8,79162,77564,621,64
2021.2.9,79204,77609,621,42
2021.2.10,79237,77648,621,33
2021.2.11,79303,77726,622,66
2021.2.12,79340,77780,622,37
2021.2.13,79381,77829,622,41
2021.2.14,79416,77890,622,35
2021.2.15,79442,77928,622,26
2021.2.16,79461,77969,622,19
2021.2.17,79497,77993,622,36
2021.2.18,79548,78059,622,51
2021.2.19,79598,78100,622,50
2021.2.20,79632,78127,622,34
2021.2.21,79654,78152,622,22
2021.2.22,79681,78171,622,27
2021.2.23,79717,78185,622,36
2021.2.24,79749,78252,622,32
2021.2.25,79773,78290,622,24
2021.2.26,79804,78333,622,31
2021.2.27,79836,78373,622,32
2021.2.28,79886,78442,622,50
2021.3.1,79926,78496,622,40
2021.3.2,79961,78513,622,35
2021.3.3,80006,78549,622,45
2021.3.4,80035,78587,622,29
2021.3.5,80081,78722,622,46
2021.3.6,80125,78802,622,44
2021.3.7,80176,78884,622,51
2021.3.8,80219,78915,622,43
2021.3.9,80247,78939,622,28
2021.3.10,80268,78994,622,21
2021.3.11,80347,79051,622,79
2021.3.12,80392,79077,622,45
2021.3.13,80481,79145,622,89
2021.3.14,80567,79242,622,86
2021.3.15,80678,79331,622,111
2021.3.16,80743,79371,622,65
2021.3.17,80858,79450,622,115
2021.3.18,80971,79533,622,113
2021.3.19,81095,79631,622,124
2021.3.20,81221,79708,622,126
2021.3.21,81339,79812,622,118
2021.3.22,81446,79884,622,107
2021.3.23,81559,79949,622,113
2021.3.24,81678,80045,623,119
2021.3.25,81816,80143,624,138
2021.3.26,81960,80248,624,144
2021.3.27,82146,80360,625,186
2021.3.28,82340,80523,626,194
2021.3.29,82536,80667,626,196
2021.3.30,82682,80799,628,146
2021.3.31,82869,80983,629,187
2021.4.1,83050,81135,630,181
2021.4.2,83239,81303,630,189
2021.4.3,83435,81449,630,196
2021.4.4,83623,81629,631,188
2021.4.5,83802,81763,631,179
2021.4.6,83935,81881,632,133
2021.4.7,84127,82055,633,192
2021.4.8,84322,82234,634,195
2021.4.9,84529,82415,634,207
2021.4.10,84724,82586,634,195
2021.4.11,84922,82760,634,198
2021.4.12,85114,82943,634,192
2021.4.13,85291,83089,634,177
2021.4.14,85503,83264,634,212
2021.4.15,85730,83462,634,227
2021.4.16,86022,83649,635,292
2021.4.17,86338,83838,636,316
2021.4.18,86680,84043,638,342
2021.4.19,86982,84307,638,302
2021.4.20,87225,84533,639,243
2021.4.21,87551,84717,640,326
