date,累计确诊,治愈,死亡,新增确诊
2020.4.8,456,192,7,32
2020.4.9,473,206,7,17
2020.4.10,494,214,7,21
2020.4.11,501,224,7,7
2020.4.12,501,231,8,0
2020.4.16,502,286,9,9
2020.4.17,508,294,9,6
2020.4.18,517,298,9,15
2020.4.19,528,298,10,11
2020.4.20,535,313,10,18
2020.4.21,543,324,12,8
2020.4.22,549,337,12,6
2020.4.23,577,354,12,8
2020.4.25,596,370,14,33
2020.4.26,606,375,15,10
2020.4.27,620,386,15,14
2020.4.28,625,394,15,5
2020.4.29,630,412,15,5
2020.4.30,643,417,17,1
2020.5.1,648,435,17,5
2020.5.2,652,440,17,4
2020.5.4,657,447,17,2
2020.5.5,670,468,17,13
2020.5.6,673,486,17,3
2020.5.7,684,492,17,11
2020.5.8,694,506,18,10
2020.5.10,707,517,19,5
2020.5.12,717,532,19,6
2020.5.13,719,545,19,2
2020.5.14,724,547,19,5
2020.5.15,732,553,19,5
2020.5.16,733,564,19,1
2020.5.17,734,564,20,1
2020.5.18,734,564,20,0
2020.5.19,737,569,20,3
2020.5.20,738,579,20,1
2020.5.21,746,588,20,8
2020.5.22,749,594,20,3
2020.5.23,753,603,20,4
2020.5.24,764,616,22,11
2020.5.25,769,618,22,5
2020.5.26,787,629,22,18
2020.5.27,789,638,22,2
2020.5.28,803,650,22,14
2020.5.29,811,654,22,8
2020.5.30,816,680,22,5
2020.5.31,821,682,22,5
2020.6.1,823,685,22,2
2020.6.2,825,689,23,2
2020.6.3,826,691,23,1
2020.6.4,828,698,23,2
2020.6.5,832,709,23,4
2020.6.6,834,721,23,2
2020.6.7,845,726,23,11
2020.6.8,845,730,23,0
2020.6.9,845,738,23,0
2020.6.10,846,754,23,1
2020.6.11,847,758,23,1
2020.6.12,847,772,23,0
2020.6.13,847,780,23,0
2020.6.14,847,784,23,0
2020.6.15,848,788,23,1
2020.6.16,848,792,23,0
2020.6.17,849,801,24,1
2020.6.18,849,810,24,0
2020.6.19,850,814,24,1
2020.6.20,853,814,24,3
2020.6.21,859,815,25,6
2020.6.22,876,814,25,17
2020.6.23,882,815,25,6
2020.6.24,885,815,25,3
2020.6.25,902,815,26,17
2020.6.26,907,818,26,5
2020.6.27,919,818,26,12
2020.6.28,924,818,26,5
2020.6.29,929,818,27,5
2020.6.30,932,822,27,3
2020.7.1,936,824,27,4
2020.7.2,943,825,28,7
2020.7.3,947,828,28,4
2020.7.4,952,837,28,5
2020.7.5,955,840,28,3
2020.7.6,956,849,28,1
2020.7.7,960,858,29,4
2020.7.8,965,865,29,5
2020.7.9,974,871,29,9
2020.7.10,977,878,29,3
2020.7.11,985,886,29,8
2020.7.12,986,896,30,1
2020.7.13,987,896,31,1
2020.7.14,989,903,31,2
2020.7.15,997,905,31,8
2020.7.16,1009,909,31,12
2020.7.17,1026,916,32,17
2020.7.18,1037,917,32,11
2020.7.19,1044,921,33,7
2020.7.20,1054,922,33,10
2020.7.21,1064,927,33,10
2020.7.22,1096,929,33,32
2020.7.23,1117,934,34,21
2020.7.24,1141,940,34,24
2020.7.25,1166,946,34,25
2020.7.26,1174,947,34,8
2020.7.27,1192,948,34,18
2020.7.28,1202,951,35,10
2020.7.29,1218,958,35,16
2020.7.30,1237,967,35,19
2020.7.31,1243,978,35,6
2020.8.1,1264,994,35,21
2020.8.2,1278,1004,35,14
2020.8.3,1286,1011,36,8
2020.8.4,1291,1023,36,5
2020.8.5,1300,1048,37,9
2020.8.6,1309,1065,37,9
2020.8.7,1318,1079,37,9
2020.8.8,1325,1095,37,7
2020.8.9,1335,1112,37,10
2020.8.10,1353,1125,37,18
2020.8.11,1364,1146,37,11
2020.8.12,1385,1157,37,21
2020.8.13,1393,1163,37,8
2020.8.14,1409,1180,37,16
2020.8.15,1421,1182,38,12
2020.8.16,1434,1194,38,13
2020.8.17,1440,1200,38,6
2020.8.18,1457,1205,40,17
2020.8.19,1485,1219,40,28
2020.8.20,1493,1228,40,8
2020.8.21,1506,1242,41,13
2020.8.22,1516,1249,42,10
2020.8.23,1521,1264,42,5
2020.8.24,1527,1276,42,6
2020.8.25,1533,1295,42,6
2020.8.26,1536,1309,43,3
2020.8.27,1543,1322,43,7
2020.8.28,1551,1333,43,8
2020.8.29,1556,1352,43,5
2020.8.30,1570,1364,44,14
2020.8.31,1585,1378,44,15
2020.9.1,1595,1409,44,10
2020.9.2,1611,1419,44,16
2020.9.3,1626,1433,44,15
2020.9.4,1636,1437,44,10
2020.9.5,1653,1446,45,17
2020.9.6,1669,1459,45,16
2020.9.7,1679,1459,45,10
2020.9.8,1693,1466,45,14
2020.9.9,1712,1476,45,19
2020.9.10,1741,1478,45,29
2020.9.11,1759,1484,45,18
2020.9.12,1773,1490,45,14
2020.9.13,1780,1502,45,7
2020.9.14,1808,1513,45,28
2020.9.15,1812,1528,45,4
2020.9.16,1827,1545,45,15
2020.9.17,1856,1559,45,29
2020.9.18,1876,1582,46,20
2020.9.19,1890,1603,46,14
2020.9.20,1904,1612,46,14
2020.9.21,1917,1621,46,13
2020.9.22,1927,1634,46,10
2020.9.23,1934,1645,46,7
2020.9.24,1946,1661,47,12
2020.9.25,1959,1679,47,13
2020.9.26,1967,1710,47,8
2020.9.27,1998,1716,47,31
2020.9.28,2008,1728,47,10
2020.9.29,2010,1755,47,2
2020.9.30,2033,1771,48,23
2020.10.1,2046,1791,48,13
2020.10.2,2061,1809,48,15
2020.10.3,2097,1824,48,36
2020.10.4,2122,1831,48,25
2020.10.5,2145,1844,48,23
2020.10.6,2155,1862,48,10
2020.10.7,2177,1878,49,22
2020.10.8,2206,1890,49,29
2020.10.9,2226,1904,49,20
2020.10.10,2251,1917,49,25
2020.10.11,2268,1930,50,17
2020.10.12,2294,1942,50,26
2020.10.13,2313,1950,51,19
2020.10.14,2337,1987,51,24
2020.10.15,2388,2007,51,51
2020.10.16,2417,2025,51,29
2020.10.17,2450,2042,51,33
2020.10.18,2501,2052,51,51
2020.10.19,2531,2105,51,30
2020.10.20,2560,2121,51,29
2020.10.21,2623,2142,52,63
2020.10.22,2663,2172,53,40
2020.10.23,2701,2204,53,38
2020.10.24,2759,2241,53,58
2020.10.25,2807,2301,53,48
2020.10.26,2851,2351,53,44
2020.10.27,2872,2411,54,21
2020.10.28,2916,2455,54,44
2020.10.29,2981,2481,55,65
2020.10.30,3044,2504,57,63
2020.10.31,3082,2532,58,38
2020.11.1,3124,2560,58,42
2020.11.2,3149,2601,59,25
2020.11.3,3165,2658,60,16
2020.11.4,3196,2727,61,31
2020.11.5,3245,2770,61,49
2020.11.6,3309,2814,61,64
2020.11.7,3370,2853,61,61
2020.11.8,3441,2903,61,71
2020.11.9,3514,2943,62,73
2020.11.10,3560,2993,62,46
2020.11.11,3620,3034,62,60
2020.11.12,3700,3078,63,80
2020.11.13,3795,3103,63,95
2020.11.14,3883,3135,64,88
2020.11.15,3957,3175,64,74
2020.11.16,4030,3233,65,73
2020.11.17,4104,3284,67,74
2020.11.18,4208,3348,68,104
2020.11.19,4296,3404,68,88
2020.11.20,4377,3479,69,81
2020.11.21,4477,3547,69,100
2020.11.22,4564,3621,69,87
2020.11.23,4699,3679,71,135
2020.11.24,4763,3764,71,64
2020.11.25,4870,3827,72,107
2020.11.26,4988,3923,73,118
2020.11.27,5117,4021,74,129
2020.11.28,5303,4107,74,186
2020.11.29,5511,4185,75,208
2020.11.30,5857,4357,77,205
2020.12.1,5857,4357,77,0
2020.12.2,6024,4483,78,167
2020.12.3,6225,4584,80,201
2020.12.4,6455,4707,80,230
2020.12.5,6731,4826,80,276
2020.12.6,6965,4946,81,234
2020.12.7,7303,5062,82,338
2020.12.8,7505,5240,83,202
2020.12.9,7806,5415,86,301
2020.12.10,8104,5564,87,298
2020.12.11,8487,5747,90,383
2020.12.12,8849,5941,90,362
2020.12.13,9180,6155,91,331
2020.12.14,9708,6358,92,528
2020.12.15,10029,6593,95,321
2020.12.16,10418,6895,98,389
2020.12.17,10893,7142,102,475
2020.12.18,11436,7406,105,543
2020.12.19,11950,7699,109,514
2020.12.20,12557,8002,114,607
2020.12.21,13048,8327,119,491
2020.12.22,13477,8688,119,429
2020.12.23,14001,9127,120,524
2020.12.24,14710,9574,128,709
2020.12.25,15457,10040,135,747
2020.12.26,15848,10479,143,391
2020.12.27,16728,11366,158,880
2020.12.28,17306,11966,160,578
2020.12.29,17306,11966,160,0
2020.12.30,17962,12506,168,656
2020.12.31,18480,12996,174,518
2021.1.1,19119,13468,181,639
2021.1.2,19753,13990,193,634
2021.1.3,20275,14592,201,522
2021.1.4,20823,15125,204,548
2021.1.5,21426,15539,211,603
2021.1.6,22104,15919,217,678
2021.1.7,23048,16540,221,944
2021.1.8,23807,17098,231,759
2021.1.9,24339,17677,240,532
2021.1.10,24974,18372,248,635
2021.1.11,26186,19013,256,1212
2021.1.12,26901,19555,262,715
2021.1.13,27846,20099,269,945
2021.1.14,28475,20733,275,629
2021.1.15,29989,21685,280,1514
2021.1.16,30946,22423,291,957
2021.1.17,31669,23136,298,723
2021.1.18,32378,23910,311,709
2021.1.19,32863,24618,319,485
2021.1.20,33446,25410,330,583
2021.1.21,34294,26118,336,848
2021.1.22,34992,26927,347,698
2021.1.23,36170,27715,364,1178
2021.1.24,36967,28547,367,797
2021.1.25,37633,29270,376,666
2021.1.26,38041,30143,390,408
2021.1.27,38680,30861,401,639
2021.1.28,39328,31598,407,648
2021.1.29,39887,32306,415,559
2021.1.30,40529,33146,425,642
2021.1.31,41181,33914,431,652
2021.2.1,41738,34683,436,557
2021.2.2,42128,35535,444,390
2021.2.3,42667,36178,453,539
2021.2.4,43215,36820,464,548
2021.2.5,43804,37411,476,589
2021.2.6,44303,37967,478,499
2021.2.7,44812,38469,481,509
2021.2.8,45311,38976,490,499
2021.2.9,45650,39677,497,339
2021.2.10,46153,40272,506,503
2021.2.11,46778,40769,516,625
2021.2.12,47254,41426,524,476
2021.2.13,47828,41966,527,574
2021.2.14,48459,42505,533,631
2021.2.15,48909,42889,535,450
2021.2.16,49360,43486,541,451
2021.2.17,49725,44060,546,365
2021.2.18,50208,44481,553,483
2021.2.19,50752,44976,558,544
2021.2.20,51377,45398,563,625
2021.2.21,52163,45881,569,786
2021.2.22,52815,46265,574,652
2021.2.23,53310,46845,583,495
2021.2.24,53973,47512,588,663
2021.2.25,54874,48035,591,901
2021.2.26,55695,48496,595,821
2021.2.27,56542,49012,601,847
2021.2.28,57362,49466,603,820
2021.3.1,57994,50039,608,632
2021.3.2,58589,50624,611,595
2021.3.3,59171,51365,617,582
2021.3.4,60074,51978,624,903
2021.3.5,60945,52612,631,871
2021.3.6,61929,53419,637,984
2021.3.7,63010,54175,645,1081
2021.3.8,63837,54861,651,827
2021.3.9,64700,55638,658,863
2021.3.10,65527,56399,666,827
2021.3.11,66484,57134,678,957
2021.3.12,67717,57773,683,1233
2021.3.13,69074,58627,689,1357
2021.3.14,70133,59539,698,1059
2021.3.15,71691,60517,712,1558
2021.3.16,72862,61609,717,1171
2021.3.17,73770,62584,725,908
2021.3.18,75138,63475,740,1368
2021.3.19,76816,64492,749,1678
2021.3.20,78401,65515,760,1585
2021.3.21,79923,66668,776,1522
2021.3.22,81537,67730,792,1614
2021.3.23,84230,68983,811,2693
2021.3.24,86007,70372,827,1777
2021.3.25,87812,71588,843,1805
2021.3.26,89458,72919,856,1646
2021.3.27,92343,74339,875,2885
2021.3.28,95278,76030,901,2935
2021.3.29,97406,77567,915,2128
2021.3.30,99584,79410,928,2178
2021.3.31,102461,81438,953,2877
2021.4.1,105549,83380,974,3088
2021.4.2,108188,85200,1009,2639
2021.4.3,111568,87039,1041,3380
2021.4.4,113904,89035,1071,2336
2021.4.5,117757,89035,1101,3853
2021.4.6,119958,94042,1146,2201
2021.4.7,123063,96563,1191,3105
2021.4.8,126987,98837,1231,3924
2021.4.9,130657,101241,1275,3670
2021.4.10,137946,104241,1363,7289
2021.4.11,141380,104434,1414,3434
2021.4.12,144642,110277,1462,3262
2021.4.13,147173,113125,1533,2531
2021.4.14,149430,116533,1595,2257
2021.4.15,152089,119388,1647,2659
2021.4.16,156499,122637,1726,4410
2021.4.17,159569,126119,1788,3070
2021.4.18,162400,129336,1848,2831
2021.4.19,164744,132917,1908,2344
2021.4.20,167033,136304,1971,2289
2021.4.21,169327,139590,2022,2294
