date,累计确诊,治愈,死亡,新增确诊
2020.4.9,11,2,0,1
2020.4.13,23,2,0,5
2020.4.15,27,5,0,4
2020.4.17,33,8,0,6
2020.4.23,40,8,0,7
2020.4.25,46,15,0,6
2020.4.28,52,19,2,6
2020.4.30,73,33,5,21
2020.5.2,117,39,10,44
2020.5.5,170,43,17,53
2020.5.7,253,50,27,83
2020.5.9,322,53,31,62
2020.5.12,357,76,40,35
2020.5.13,372,78,42,15
2020.5.14,399,83,46,27
2020.5.15,428,88,48,29
2020.5.16,474,111,50,46
2020.5.17,503,117,53,29
2020.5.18,503,117,53,0
2020.5.19,519,117,53,16
2020.5.20,545,139,56,26
2020.5.21,565,177,57,20
2020.5.22,588,186,58,23
2020.5.23,611,196,58,23
2020.5.24,648,204,60,37
2020.5.25,675,215,60,27
2020.5.26,687,244,61,12
2020.5.27,700,303,62,13
2020.5.28,715,359,64,15
2020.5.29,726,413,65,11
2020.5.30,759,444,65,33
2020.5.31,759,470,65,0
2020.6.1,778,491,65,19
2020.6.2,790,539,66,12
2020.6.3,803,562,66,13
2020.6.4,820,590,66,17
2020.6.5,828,633,66,8
2020.6.6,836,657,68,8
2020.6.7,836,672,69,0
2020.6.8,837,672,69,1
2020.6.9,839,685,70,2
2020.6.10,844,706,71,5
2020.6.11,846,706,72,2
2020.6.12,848,706,72,2
2020.6.13,848,711,72,0
2020.6.14,850,720,73,2
2020.6.15,850,720,73,0
2020.6.16,850,720,73,0
2020.6.17,853,720,74,3
2020.6.18,854,733,74,1
2020.6.19,858,742,74,4
2020.6.20,858,742,74,0
2020.6.21,858,746,74,0
2020.6.22,858,752,74,0
2020.6.23,858,755,74,0
2020.6.24,860,757,74,2
2020.6.25,860,770,74,0
2020.6.26,865,778,74,5
2020.6.27,865,778,74,0
2020.6.28,865,778,74,0
2020.6.29,866,780,74,1
2020.6.30,866,781,74,0
2020.7.1,866,781,74,0
2020.7.2,866,785,74,0
2020.7.3,868,785,74,2
2020.7.4,871,786,74,3
2020.7.5,871,787,74,0
2020.7.6,872,787,74,1
2020.7.7,872,787,74,0
2020.7.8,873,788,74,1
2020.7.9,873,788,74,0
2020.7.10,873,788,74,0
2020.7.11,874,789,74,1
2020.7.12,874,790,74,0
2020.7.13,880,790,75,6
2020.7.14,880,792,75,0
2020.7.15,884,798,75,4
2020.7.16,885,799,75,1
2020.7.17,887,800,75,2
2020.7.18,887,800,75,0
2020.7.19,889,800,75,2
2020.7.20,889,801,75,0
2020.7.21,889,801,75,0
2020.7.22,889,803,75,0
2020.7.23,889,805,75,0
2020.7.24,915,805,75,26
2020.7.25,915,805,75,0
2020.7.26,915,810,75,0
2020.7.27,915,810,75,0
2020.7.28,922,810,75,7
2020.7.29,926,810,75,4
2020.7.30,926,813,75,0
2020.7.31,935,813,75,9
2020.8.1,936,813,75,1
2020.8.2,936,813,75,0
2020.8.3,936,813,75,0
2020.8.4,936,814,75,0
2020.8.5,938,814,75,2
2020.8.6,939,835,75,1
2020.8.7,942,838,76,3
2020.8.8,942,838,76,0
2020.8.9,942,839,76,0
2020.8.10,944,839,76,2
2020.8.11,945,843,76,1
2020.8.12,946,859,76,1
2020.8.13,949,859,76,3
2020.8.14,949,860,76,0
2020.8.15,951,862,76,2
2020.8.16,952,864,76,1
2020.8.17,956,865,76,4
2020.8.18,959,865,76,3
2020.8.19,970,865,76,11
2020.8.20,971,868,76,1
2020.8.21,972,869,76,1
2020.8.22,981,869,76,9
2020.8.23,982,869,76,1
2020.8.24,986,870,76,4
2020.8.25,987,870,76,1
2020.8.26,995,871,77,8
2020.8.27,998,873,77,3
2020.8.28,1004,875,77,6
2020.8.29,1008,878,77,4
2020.8.30,1008,878,77,0
2020.8.31,1012,878,77,4
2020.9.1,1013,880,77,1
2020.9.2,1017,884,77,4
2020.9.3,1017,904,77,0
2020.9.4,1018,908,77,1
2020.9.5,1023,914,77,5
2020.9.6,1034,914,77,11
2020.9.7,1039,918,79,5
2020.9.8,1040,919,79,1
2020.9.9,1045,927,79,5
2020.9.10,1048,931,79,3
2020.9.11,1051,932,79,3
2020.9.12,1081,934,79,30
2020.9.13,1083,938,80,2
2020.9.14,1084,938,80,1
2020.9.15,1085,940,81,1
2020.9.16,1087,944,81,2
2020.9.17,1090,960,81,3
2020.9.18,1115,962,81,25
2020.9.19,1147,966,81,32
2020.9.20,1149,966,81,2
2020.9.21,1151,967,81,2
2020.9.22,1153,967,81,2
2020.9.23,1155,967,81,2
2020.9.24,1164,997,82,9
2020.9.25,1171,1003,82,7
2020.9.26,1175,1004,83,4
2020.9.27,1177,1005,83,2
2020.9.28,1178,1005,84,1
2020.9.29,1185,1006,85,7
2020.9.30,1193,1007,85,8
2020.10.1,1200,1007,85,7
2020.10.2,1203,1067,85,3
2020.10.3,1211,1070,85,8
2020.10.4,1214,1075,85,3
2020.10.5,1217,1075,86,3
2020.10.6,1223,1075,86,6
2020.10.7,1238,1077,88,15
2020.10.8,1251,1090,89,13
2020.10.9,1262,1098,89,11
2020.10.10,1274,1102,90,12
2020.10.11,1291,1103,92,17
2020.10.12,1304,1115,92,13
2020.10.13,1308,1117,92,4
2020.10.14,1321,1120,92,13
2020.10.15,1329,1120,92,8
2020.10.16,1350,1120,92,21
2020.10.17,1361,1138,93,11
2020.10.18,1365,1179,93,4
2020.10.19,1379,1181,93,14
2020.10.20,1390,1194,93,11
2020.10.21,1399,1199,93,9
2020.10.22,1404,1221,96,5
2020.10.23,1410,1223,96,6
2020.10.24,1423,1234,96,13
2020.10.25,1434,1254,96,11
2020.10.26,1437,1268,96,3
2020.10.27,1441,1277,96,4
2020.10.28,1460,1290,96,19
2020.10.29,1468,1306,97,8
2020.10.30,1473,1307,97,5
2020.10.31,1483,1314,98,10
2020.11.1,1498,1324,98,15
2020.11.2,1498,1324,98,0
2020.11.3,1499,1329,98,1
2020.11.4,1513,1331,98,14
2020.11.5,1517,1351,99,4
2020.11.6,1529,1354,99,12
2020.11.7,1538,1362,99,9
2020.11.8,1543,1365,99,5
2020.11.9,1547,1382,99,4
2020.11.10,1551,1394,99,4
2020.11.11,1561,1413,99,10
2020.11.12,1565,1420,99,4
2020.11.13,1578,1428,100,13
2020.11.14,1589,1435,100,11
2020.11.15,1591,1439,100,2
2020.11.16,1597,1443,101,6
2020.11.17,1603,1448,101,6
2020.11.18,1608,1450,101,5
2020.11.19,1616,1457,101,8
2020.11.20,1620,1463,101,4
2020.11.21,1626,1465,101,6
2020.11.22,1633,1469,101,7
2020.11.23,1642,1469,101,9
2020.11.24,1648,1476,101,6
2020.11.25,1649,1493,101,1
2020.11.26,1655,1494,101,6
2020.11.27,1661,1496,101,6
2020.11.28,1663,1499,101,2
2020.11.29,1663,1504,101,0
2020.11.30,1688,1525,101,19
2020.12.1,1688,1525,101,0
2020.12.2,1700,1532,102,12
2020.12.3,1705,1539,102,5
2020.12.4,1708,1539,102,3
2020.12.5,1719,1555,102,11
2020.12.6,1722,1561,102,3
2020.12.7,1725,1564,102,3
2020.12.8,1728,1571,102,3
2020.12.9,1729,1573,102,1
2020.12.10,1732,1581,102,3
2020.12.11,1739,1587,102,7
2020.12.12,1745,1595,102,6
2020.12.13,1751,1603,102,6
2020.12.14,1770,1607,102,19
2020.12.15,1771,1608,102,1
2020.12.16,1784,1611,102,13
2020.12.17,1800,1620,102,16
2020.12.18,1818,1626,102,18
2020.12.19,1839,1630,102,21
2020.12.20,1867,1632,102,28
2020.12.21,1890,1632,102,23
2020.12.22,1902,1633,102,12
2020.12.23,1916,1634,102,14
2020.12.24,1938,1638,102,22
2020.12.25,1958,1651,102,20
2020.12.26,1971,1654,102,13
2020.12.27,2005,1662,104,34
2020.12.28,2015,1686,104,10
2020.12.29,2015,1686,104,0
2020.12.30,2048,1686,104,33
2020.12.31,2077,1703,104,29
2021.1.1,2113,1704,104,36
2021.1.2,2141,1704,104,28
2021.1.3,2169,1710,104,28
2021.1.4,2213,1720,104,44
2021.1.5,2229,1724,104,16
2021.1.6,2289,1876,105,60
2021.1.7,2328,1888,105,39
2021.1.8,2358,1918,105,30
2021.1.9,2419,1938,106,61
2021.1.10,2510,1962,107,91
2021.1.11,2537,1965,107,27
2021.1.12,2589,1994,107,52
2021.1.13,2668,2016,108,79
2021.1.14,2709,2033,109,41
2021.1.15,2773,2073,110,64
2021.1.16,2807,2080,111,34
2021.1.17,2855,2107,111,48
2021.1.18,2895,2130,111,40
2021.1.19,2919,2148,113,24
2021.1.20,2977,2170,114,58
2021.1.21,3012,2178,114,35
2021.1.22,3065,2193,114,53
2021.1.23,3104,2222,115,39
2021.1.24,3137,2240,115,33
2021.1.25,3161,2255,116,24
2021.1.26,3182,2260,116,21
2021.1.27,3225,2316,116,43
2021.1.28,3269,2335,117,44
2021.1.29,3296,2364,118,27
2021.1.30,3321,2374,118,25
2021.1.31,3347,2442,118,26
2021.2.1,3376,2464,118,29
2021.2.2,3385,2470,121,9
2021.2.3,3404,2507,121,19
2021.2.4,3419,2544,121,15
2021.2.5,3433,2568,121,14
2021.2.6,3450,2810,124,17
2021.2.7,3473,2849,125,23
2021.2.8,3497,2895,125,24
2021.2.9,3508,2913,125,11
2021.2.10,3539,3044,125,31
2021.2.11,3568,3062,126,29
2021.2.12,3581,3088,126,13
2021.2.13,3597,3131,128,16
2021.2.14,3622,3158,128,25
2021.2.15,3645,3175,129,23
2021.2.16,3664,3182,131,19
2021.2.17,3689,3209,131,25
2021.2.18,3724,3223,132,35
2021.2.19,3751,3233,132,27
2021.2.20,3776,3246,132,25
2021.2.21,3794,3259,133,18
2021.2.22,3849,3315,134,55
2021.2.23,3868,3336,135,19
2021.2.24,3882,3368,136,14
2021.2.25,3904,3398,136,22
2021.2.26,3934,3420,137,30
2021.2.27,3957,3450,138,23
2021.2.28,3973,3475,140,16
2021.3.1,3973,3475,140,0
2021.3.2,3986,3480,140,13
2021.3.3,3999,3484,140,13
2021.3.4,4056,3542,140,57
2021.3.5,4089,3572,140,33
2021.3.6,4089,3572,140,0
2021.3.7,4161,3607,140,72
2021.3.8,4177,3668,140,16
2021.3.9,4193,3690,146,16
2021.3.10,4214,3724,148,21
2021.3.11,4231,3729,149,17
2021.3.12,4246,3760,151,15
2021.3.13,4274,3771,152,28
2021.3.14,4288,3781,153,14
2021.3.15,4309,3787,154,21
2021.3.16,4328,3803,155,19
2021.3.17,4344,3818,155,16
2021.3.18,4357,3836,156,13
2021.3.19,4380,3864,157,23
2021.3.20,4395,3888,157,15
2021.3.21,4410,3945,157,15
2021.3.22,4420,4017,157,10
2021.3.23,4427,4045,157,7
2021.3.24,4440,4059,158,13
2021.3.25,4453,4072,158,13
2021.3.26,4465,4080,158,12
2021.3.27,4480,4094,158,15
2021.3.28,4501,4099,160,21
2021.3.29,4506,4109,162,5
2021.3.30,4510,4110,164,4
2021.3.31,4523,4137,164,13
2021.4.1,4533,4140,164,10
2021.4.2,4552,4149,164,19
2021.4.3,4573,4165,164,21
2021.4.4,4589,4190,164,16
2021.4.5,4595,4199,165,6
2021.4.6,4595,4215,166,0
2021.4.7,4603,4233,166,8
2021.4.8,4606,4236,166,3
2021.4.9,4616,4254,167,10
2021.4.10,4619,4279,167,3
2021.4.11,4625,4286,167,6
2021.4.12,4636,4286,167,11
2021.4.13,4641,4298,167,5
2021.4.14,4652,4306,167,11
2021.4.15,4662,4312,167,10
2021.4.16,4673,4320,168,11
2021.4.17,4686,4329,168,13
2021.4.18,4691,4335,168,5
2021.4.19,4706,4342,169,15
2021.4.20,4708,4353,169,2
2021.4.21,4723,4353,169,15
