date,累计确诊,治愈,死亡,新增确诊
2020.4.9,1,0,0,1
2020.4.23,1,1,0,0
2020.4.29,6,1,2,5
2020.5.1,7,1,2,1
2020.5.2,10,1,2,3
2020.5.4,12,1,2,2
2020.5.5,25,1,5,3
2020.5.7,34,1,7,9
2020.5.10,51,1,8,17
2020.5.12,65,1,10,9
2020.5.13,85,1,12,15
2020.5.15,106,1,15,21
2020.5.16,122,1,18,16
2020.5.17,128,1,20,6
2020.5.18,128,1,20,0
2020.5.19,130,1,20,2
2020.5.20,167,5,28,37
2020.5.21,184,5,30,17
2020.5.22,197,5,33,13
2020.5.23,209,11,33,12
2020.5.24,212,11,39,3
2020.5.25,233,10,44,21
2020.5.26,233,10,44,0
2020.5.27,249,10,49,16
2020.5.28,256,10,53,7
2020.5.29,283,11,65,27
2020.5.30,283,11,65,0
2020.5.31,310,13,77,27
2020.6.1,323,14,80,13
2020.6.2,354,14,84,31
2020.6.3,399,15,87,45
2020.6.4,419,17,95,20
2020.6.5,453,17,103,34
2020.6.6,469,23,111,16
2020.6.7,482,23,111,13
2020.6.8,484,23,112,2
2020.6.9,496,23,112,12
2020.6.10,524,23,127,28
2020.6.11,560,23,129,36
2020.6.12,591,23,136,31
2020.6.13,632,28,139,41
2020.6.14,705,39,160,73
2020.6.15,728,53,164,23
2020.6.16,844,79,208,116
2020.6.17,885,91,214,41
2020.6.18,902,271,244,17
2020.6.19,909,273,248,7
2020.6.20,919,288,251,10
2020.6.21,922,328,254,3
2020.6.22,941,347,256,19
2020.6.23,967,350,257,26
2020.6.24,992,356,261,25
2020.6.25,1015,379,274,23
2020.6.26,1076,386,288,61
2020.6.27,1089,402,293,13
2020.6.28,1103,417,296,14
2020.6.29,1118,430,302,15
2020.6.30,1128,432,304,10
2020.7.1,1158,488,312,30
2020.7.2,1190,504,318,32
2020.7.3,1221,513,325,31
2020.7.4,1240,536,335,19
2020.7.5,1248,537,337,8
2020.7.6,1265,552,338,17
2020.7.7,1284,575,345,19
2020.7.8,1297,591,348,13
2020.7.9,1318,595,351,21
2020.7.10,1356,619,361,38
2020.7.11,1380,630,364,24
2020.7.12,1389,642,365,9
2020.7.13,1465,659,417,76
2020.7.14,1498,675,424,33
2020.7.15,1516,685,429,18
2020.7.16,1526,694,433,10
2020.7.17,1552,695,438,26
2020.7.18,1576,695,440,24
2020.7.19,1581,701,443,5
2020.7.20,1606,712,445,25
2020.7.21,1619,714,447,13
2020.7.22,1640,751,458,21
2020.7.23,1640,751,458,0
2020.7.24,1654,762,461,14
2020.7.25,1674,779,469,20
2020.7.26,1674,780,474,0
2020.7.27,1681,797,479,7
2020.7.28,1691,833,483,10
2020.7.29,1703,840,484,12
2020.7.30,1711,849,485,8
2020.7.31,1726,856,487,15
2020.8.1,1728,862,493,2
2020.8.2,1730,862,494,2
2020.8.3,1734,862,497,4
2020.8.4,1734,863,499,0
2020.8.5,1760,863,506,26
2020.8.6,1763,894,508,3
2020.8.7,1768,898,508,5
2020.8.8,1796,907,512,28
2020.8.9,1797,910,512,1
2020.8.10,1804,913,515,7
2020.8.11,1832,915,518,28
2020.8.12,1831,919,523,0
2020.8.13,1841,937,528,10
2020.8.14,1847,949,528,6
2020.8.15,1858,1009,528,11
2020.8.16,1858,1013,528,0
2020.8.17,1869,1013,530,11
2020.8.18,1882,1045,535,13
2020.8.19,1889,1052,537,7
2020.8.20,1892,1055,539,3
2020.8.21,1899,1058,541,7
2020.8.22,1906,1058,542,7
2020.8.23,1907,1066,546,1
2020.8.24,1911,1086,553,4
2020.8.25,1916,1090,555,5
2020.8.26,1924,1091,557,8
2020.8.27,1930,1097,560,6
2020.8.28,1933,1098,562,3
2020.8.29,1943,1107,563,10
2020.8.30,1946,1113,563,3
2020.8.31,1953,1123,564,7
2020.9.1,1958,1131,566,5
2020.9.2,1962,1160,570,4
2020.9.3,1976,1175,571,14
2020.9.4,1979,1180,571,3
2020.9.5,1983,1194,572,4
2020.9.6,1983,1197,572,0
2020.9.7,1987,1200,572,4
2020.9.8,1989,1201,573,2
2020.9.9,1994,1203,576,5
2020.9.10,1999,1209,576,5
2020.9.11,2003,1211,580,4
2020.9.12,2007,1211,582,4
2020.9.13,2009,1211,582,2
2020.9.14,2011,1212,583,2
2020.9.15,2013,1215,583,2
2020.9.16,2016,1219,583,3
2020.9.17,2019,1221,583,3
2020.9.18,2022,1221,585,3
2020.9.19,2024,1221,585,2
2020.9.20,2026,1221,585,2
2020.9.21,2026,1227,586,0
2020.9.22,2028,1235,586,2
2020.9.23,2029,1245,586,1
2020.9.24,2029,1250,586,0
2020.9.25,2029,1255,587,0
2020.9.26,2029,1255,587,0
2020.9.27,2030,1260,587,1
2020.9.28,2031,1266,587,1
2020.9.29,2031,1266,587,0
2020.9.30,2031,1275,587,0
2020.10.1,2034,1286,587,3
2020.10.2,2039,1297,587,5
2020.10.3,2040,1307,589,1
2020.10.4,2041,1320,589,1
2020.10.5,2041,1320,591,0
2020.10.6,2041,1323,592,0
2020.10.7,2047,1327,593,6
2020.10.8,2049,1328,593,2
2020.10.9,2050,1329,593,1
2020.10.10,2051,1329,593,1
2020.10.11,2051,1329,595,0
2020.10.12,2052,1329,595,1
2020.10.13,2052,1329,596,0
2020.10.14,2053,1329,596,1
2020.10.15,2053,1329,596,0
2020.10.16,2053,1329,596,0
2020.10.17,2055,1335,596,2
2020.10.18,2055,1336,596,0
2020.10.19,2056,1338,597,1
2020.10.20,2056,1338,597,0
2020.10.21,2057,1338,597,1
2020.10.22,2057,1344,597,0
2020.10.23,2057,1344,597,0
2020.10.24,2060,1354,599,3
2020.10.25,2060,1360,599,0
2020.10.26,2060,1360,599,0
2020.10.27,2060,1360,599,0
2020.10.28,2060,1364,599,0
2020.10.29,2061,1366,599,1
2020.10.30,2062,1366,599,1
2020.10.31,2062,1366,599,0
2020.11.1,2063,1366,599,1
2020.11.2,2063,1366,600,0
2020.11.3,2063,1375,601,0
2020.11.4,2063,1375,601,0
2020.11.5,2063,1375,601,0
2020.11.6,2063,1375,601,0
2020.11.7,2067,1375,602,4
2020.11.8,2070,1375,602,3
2020.11.9,2070,1375,602,0
2020.11.10,2071,1394,605,1
2020.11.11,2071,1394,605,0
2020.11.12,2071,1394,605,0
2020.11.13,2071,1394,605,0
2020.11.14,2072,1394,605,1
2020.11.15,2072,1394,605,0
2020.11.16,2072,1394,605,0
2020.11.17,2078,1406,605,6
2020.11.18,2081,1410,607,3
2020.11.19,2086,1428,608,5
2020.11.20,2090,1434,608,4
2020.11.21,2093,1441,608,3
2020.11.22,2099,1448,608,6
2020.11.23,2107,1459,609,8
2020.11.24,2114,1467,609,7
2020.11.25,2124,1474,611,10
2020.11.26,2124,1474,611,0
2020.11.27,2137,1484,612,13
2020.11.28,2160,1498,615,23
2020.11.29,2177,1504,617,17
2020.11.30,2191,1510,619,14
2020.12.1,2191,1510,619,0
2020.12.2,2197,1514,619,6
2020.12.3,2217,1518,621,20
2020.12.4,2239,1525,624,22
2020.12.5,2267,1534,627,28
2020.12.6,2337,1549,639,70
2020.12.7,2383,1554,649,46
2020.12.8,2436,1580,660,53
2020.12.9,2078,1382,606,0
2020.12.10,2079,1383,606,1
2020.12.11,2081,1383,606,2
2020.12.12,2082,1383,606,1
2020.12.13,2083,1383,606,1
2020.12.14,2083,1383,606,0
2020.12.15,2084,1384,606,1
2020.12.16,2085,1384,606,1
2020.12.17,2085,1384,606,0
2020.12.18,2087,1384,606,2
2020.12.19,2087,1384,606,0
2020.12.20,2087,1384,606,0
2020.12.21,2087,1384,606,0
2020.12.22,2087,1384,606,0
2020.12.23,2087,1384,606,0
2020.12.24,2087,1384,606,0
2020.12.25,2092,1384,606,5
2020.12.26,2092,1384,606,0
2020.12.27,2094,1384,607,2
2020.12.28,2096,1384,607,2
2020.12.29,2096,1384,607,0
2020.12.30,2096,1387,610,0
2020.12.31,2097,1392,610,1
2021.1.1,2099,1394,610,2
2021.1.2,2101,1396,610,2
2021.1.3,2101,1396,610,0
2021.1.4,2101,1399,610,0
2021.1.5,2101,1401,610,0
2021.1.6,2101,1401,610,0
2021.1.7,2102,1403,610,1
2021.1.8,2104,1405,610,2
2021.1.9,2104,1405,610,0
2021.1.10,2104,1407,610,0
2021.1.11,2104,1407,611,0
2021.1.12,2105,1416,612,1
2021.1.13,2107,1416,612,2
2021.1.14,2109,1419,612,2
2021.1.15,2110,1419,612,1
2021.1.16,2111,1419,612,1
2021.1.17,2112,1419,612,1
2021.1.18,2112,1419,612,0
2021.1.19,2113,1421,612,1
2021.1.20,2115,1422,612,2
2021.1.21,2115,1423,612,0
2021.1.22,2115,1423,614,0
2021.1.23,2118,1423,614,3
2021.1.24,2118,1423,615,0
2021.1.25,2118,1423,615,0
2021.1.26,2118,1424,615,0
2021.1.27,2119,1426,615,1
2021.1.28,2120,1425,615,1
2021.1.29,2120,1425,615,0
2021.1.30,2120,1425,615,0
2021.1.31,2120,1426,615,0
2021.2.1,2121,1426,615,1
2021.2.2,2122,1426,615,1
2021.2.3,2122,1427,615,0
2021.2.4,2122,1427,615,0
2021.2.5,2122,1427,615,0
2021.2.6,2124,1427,615,2
2021.2.7,2127,1428,615,3
2021.2.8,2127,1428,615,0
2021.2.9,2131,1428,615,4
2021.2.10,2131,1428,615,0
2021.2.11,2133,1428,616,2
2021.2.12,2134,1428,616,1
2021.2.13,2136,1430,616,2
2021.2.14,2136,1430,616,0
2021.2.15,2145,1430,617,9
2021.2.16,2145,1430,617,0
2021.2.17,2148,1431,618,3
2021.2.18,2151,1431,618,3
2021.2.19,2154,1432,618,3
2021.2.20,2157,1432,618,3
2021.2.21,2157,1432,618,0
2021.2.22,2165,1432,619,8
2021.2.23,2176,1432,619,11
2021.2.24,2187,1432,620,11
2021.2.25,2221,1433,624,34
2021.2.26,2255,1434,625,34
2021.2.27,2267,1434,627,12
2021.2.28,2269,1435,631,2
2021.3.1,2285,1435,634,16
2021.3.2,2310,1435,634,25
2021.3.3,2342,1435,640,32
2021.3.4,2363,1435,643,21
2021.3.5,2375,1435,645,12
2021.3.6,2411,1439,648,36
2021.3.7,2444,1442,650,33
2021.3.8,2473,1446,651,29
2021.3.9,2545,1447,653,72
2021.3.10,2586,1451,654,41
2021.3.11,2627,1452,661,41
2021.3.12,2667,1464,667,40
2021.3.13,2771,1472,683,104
2021.3.14,2836,1491,689,65
2021.3.15,2836,1491,689,0
2021.3.16,2908,1500,698,72
2021.3.17,2969,1507,707,61
2021.3.18,3037,1508,713,68
2021.3.19,3126,1520,723,89
2021.3.20,3217,1529,733,91
2021.3.21,3418,1534,751,201
2021.3.22,3516,1546,771,98
2021.3.23,3516,1546,771,0
2021.3.24,3612,1566,785,96
2021.3.25,3703,1577,800,91
2021.3.26,3816,1580,810,113
2021.3.27,3969,1590,832,153
2021.3.28,4033,1606,851,64
2021.3.29,4033,1606,851,0
2021.3.30,4115,1657,863,82
2021.3.31,4357,1676,888,242
2021.4.1,4531,1682,906,174
2021.4.2,4531,1682,906,0
2021.4.3,4620,1691,916,89
2021.4.4,4697,1715,932,77
2021.4.5,4798,1738,946,101
2021.4.6,4881,1772,955,83
2021.4.7,5047,1886,986,166
2021.4.8,5047,1886,986,0
2021.4.9,5133,1946,1004,86
2021.4.10,5233,1987,1022,100
2021.4.11,5276,2027,1031,43
2021.4.12,5357,2053,1049,81
2021.4.13,5507,2070,1073,150
2021.4.14,5507,2070,1073,0
2021.4.15,5657,2178,1097,150
2021.4.16,5657,2178,1097,0
2021.4.17,5770,2209,1119,113
2021.4.18,5770,2209,1119,0
2021.4.19,5812,2219,1126,42
2021.4.20,5858,2261,1132,46
2021.4.21,5918,2281,1138,60
