date,累计确诊,治愈,死亡,新增确诊
2020.4.8,921,138,10,40
2020.4.9,937,149,11,16
2020.4.12,1039,211,14,26
2020.4.13,1067,265,16,28
2020.4.14,1111,297,17,44
2020.4.15,1159,358,18,48
2020.4.16,1201,402,19,42
2020.4.17,1248,523,20,47
2020.4.18,1291,545,20,43
2020.4.19,1339,580,22,48
2020.4.20,1401,609,24,62
2020.4.21,1473,633,24,72
2020.4.22,1523,659,24,50
2020.4.23,1596,728,27,73
2020.4.24,1677,803,28,81
2020.4.25,1746,833,28,69
2020.4.26,1808,848,29,62
2020.4.27,1867,866,30,59
2020.4.28,1932,900,30,65
2020.4.29,2066,929,32,134
2020.4.30,2148,977,33,82
2020.5.1,2273,1010,33,125
2020.5.2,2386,1035,35,113
2020.5.3,2507,1071,39,121
2020.5.4,2619,1111,40,112
2020.5.5,2782,1135,40,163
2020.5.6,2884,1185,42,102
2020.5.7,3029,1218,43,145
2020.5.8,3175,1267,44,146
2020.5.9,3313,1325,45,138
2020.5.10,3392,1359,46,138
2020.5.11,3538,1430,47,14
2020.5.12,3718,1430,48,180
2020.5.13,3860,1572,49,142
2020.5.14,4044,1666,52,184
2020.5.15,4283,1791,55,239
2020.5.16,4472,1925,60,189
2020.5.17,4823,2019,61,351
2020.5.18,4823,2019,61,0
2020.5.19,5041,2164,64,218
2020.5.20,5271,2419,67,230
2020.5.21,5606,2581,70,335
2020.5.22,5928,2874,74,322
2020.5.23,6302,2936,77,374
2020.5.24,6661,3064,81,359
2020.5.25,7113,3145,87,452
2020.5.26,7402,3220,91,289
2020.5.27,7774,3255,98,372
2020.5.28,8216,3287,113,442
2020.5.29,8676,3297,120,460
2020.5.30,8927,3317,127,251
2020.5.31,9282,3386,131,355
2020.6.1,9492,3402,139,210
2020.6.2,10009,3427,158,517
2020.6.3,10524,3454,170,515
2020.6.4,11221,3468,176,697
2020.6.5,11817,3513,183,596
2020.6.6,12364,3720,190,547
2020.6.7,13130,4014,200,766
2020.6.8,13325,4099,211,195
2020.6.9,13675,4451,217,350
2020.6.10,14103,5226,227,428
2020.6.11,14669,5466,245,566
2020.6.12,15281,5639,258,612
2020.6.13,16004,6081,264,723
2020.6.14,16667,6214,269,663
2020.6.15,17064,6276,285,397
2020.6.16,17489,6571,293,425
2020.6.17,18033,6814,302,544
2020.6.18,18698,7560,309,665
2020.6.19,19157,8266,319,459
2020.6.20,19708,8854,332,551
2020.6.21,20268,9002,350,560
2020.6.22,20588,9131,360,320
2020.6.23,21006,10144,372,418
2020.6.24,21717,10797,386,711
2020.6.25,22488,11335,397,771
2020.6.26,23247,12149,410,759
2020.6.27,23909,12911,421,662
2020.6.28,24645,13116,426,736
2020.6.29,25127,13297,433,482
2020.6.30,25542,14048,443,415
2020.7.1,26065,14563,453,523
2020.7.2,26658,15036,459,593
2020.7.3,27320,15484,469,662
2020.7.4,27900,15935,477,580
2020.7.5,28606,16140,484,706
2020.7.6,28936,16302,491,330
2020.7.7,29285,16907,503,349
2020.7.8,29820,17427,521,535
2020.7.9,30346,18000,535,526
2020.7.10,30903,18709,546,557
2020.7.11,31392,19419,559,489
2020.7.12,31969,19633,565,577
2020.7.13,32151,19865,573,182
2020.7.14,32490,20729,581,339
2020.7.15,33005,21348,592,515
2020.7.16,33559,21931,607,554
2020.7.17,34001,22492,620,442
2020.7.18,34462,23123,631,461
2020.7.19,34877,23294,641,415
2020.7.20,34981,23502,650,104
2020.7.21,35254,24206,662,273
2020.7.22,35693,24766,678,439
2020.7.23,36162,25244,688,469
2020.7.24,36613,25734,692,451
2020.7.25,36996,26243,700,383
2020.7.26,37317,26478,705,321
2020.7.27,37390,26665,711,73
2020.7.28,37629,27357,719,239
2020.7.29,37937,27824,723,308
2020.7.30,38196,28366,728,259
2020.7.31,38550,28997,738,354
2020.8.1,38841,29557,749,291
2020.8.2,39050,29750,754,209
2020.8.3,39102,29861,762,52
2020.8.4,39298,30372,768,196
2020.8.5,39586,30850,770,288
2020.8.6,39819,31556,772,233
2020.8.7,39985,32008,777,166
2020.8.8,40185,32395,785,200
2020.8.9,40410,32520,791,225
2020.8.10,40433,32616,796,23
2020.8.11,40593,33157,803,160
2020.8.12,40794,33492,806,201
2020.8.13,41023,33897,809,229
2020.8.14,41299,34164,814,276
2020.8.15,41495,34484,817,196
2020.8.16,41663,34584,818,168
2020.8.17,41701,34655,824,38
2020.8.18,41846,34982,832,145
2020.8.19,42056,35226,833,210
2020.8.20,42319,35476,836,263
2020.8.21,42477,35693,842,158
2020.8.22,42616,35907,850,139
2020.8.23,42792,35991,852,176
2020.8.24,42825,36049,854,33
2020.8.25,42936,36475,858,111
2020.8.26,43067,36726,861,131
2020.8.27,43270,36988,864,203
2020.8.28,43451,37264,869,181
2020.8.29,43626,37563,872,175
2020.8.30,43750,37650,877,124
2020.8.31,43781,37722,879,31
2020.9.1,43878,38356,881,97
2020.9.2,44075,38631,884,197
2020.9.3,44271,38855,887,196
2020.9.4,44461,39257,891,190
2020.9.5,44649,39823,895,188
2020.9.6,44783,40089,897,134
2020.9.7,44845,40121,900,62
2020.9.8,44953,40592,903,108
2020.9.9,45152,41023,905,199
2020.9.10,45326,41233,906,174
2020.9.11,45503,41434,909,177
2020.9.12,45675,41605,911,172
2020.9.13,45862,41659,916,187
2020.9.14,45969,41693,919,107
2020.9.15,46119,41941,920,150
2020.9.16,46376,42069,923,257
2020.9.17,46671,42231,925,295
2020.9.18,46910,42369,926,239
2020.9.19,47154,42551,928,244
2020.9.20,47431,42608,930,277
2020.9.21,47552,42637,936,121
2020.9.22,47667,42676,938,115
2020.9.23,47877,43026,942,210
2020.9.24,48251,43266,945,374
2020.9.25,48643,43401,947,392
2020.9.26,49072,43576,948,429
2020.9.27,49400,43613,951,328
2020.9.28,49574,43665,957,174
2020.9.29,49901,43849,958,327
2020.9.30,50359,44001,959,458
2020.10.1,50850,44219,963,491
2020.10.2,51382,44406,966,532
2020.10.3,51925,44583,972,543
2020.10.4,52496,44672,977,571
2020.10.5,52677,44710,984,181
2020.10.6,53083,44932,990,406
2020.10.7,53755,45110,995,672
2020.10.8,54473,45312,1004,718
2020.10.9,55087,45528,1010,614
2020.10.10,55736,45771,1016,649
2020.10.11,56451,45824,1020,715
2020.10.12,56821,45891,1026,370
2020.10.13,57566,46318,1032,745
2020.10.14,58624,46713,1039,1058
2020.10.15,59995,47119,1046,1371
2020.10.16,61460,47541,1056,1465
2020.10.17,63000,47925,1067,1540
2020.10.18,64694,48104,1081,1694
2020.10.19,65460,48208,1091,766
2020.10.20,66694,48734,1101,1234
2020.10.21,68530,49219,1121,1836
2020.10.22,70836,49787,1131,2306
2020.10.23,73310,50276,1145,2474
2020.10.24,75523,50701,1157,2213
2020.10.25,77837,50908,1180,2314
2020.10.26,78810,51162,1196,973
2020.10.27,80410,51814,1222,1600
2020.10.28,82651,52508,1243,2241
2020.10.29,85034,53257,1272,2383
2020.10.30,87432,54316,1300,2398
2020.10.31,89813,55317,1341,2381
2020.11.1,92254,55827,1363,2441
2020.11.2,93448,56466,1391,1194
2020.11.3,94776,57599,1413,1328
2020.11.4,97150,58811,1448,2374
2020.11.5,99563,60135,1476,2413
2020.11.6,101773,61782,1506,2210
2020.11.7,104249,63258,1533,2476
2020.11.8,106424,64179,1559,2175
2020.11.9,107466,64910,1580,1042
2020.11.10,108687,66835,1609,1221
2020.11.11,110548,68336,1636,1861
2020.11.12,112680,70130,1668,2132
2020.11.13,114383,72116,1697,1703
2020.11.14,115855,74105,1738,1472
2020.11.15,117337,74984,1763,1482
2020.11.16,117886,75865,1788,549
2020.11.17,118870,78343,1811,984
2020.11.18,120459,80069,1839,1589
2020.11.19,121979,88388,1870,1520
2020.11.20,123646,90754,1900,1667
2020.11.21,124839,92829,1931,1193
2020.11.22,126224,94090,1952,1385
2020.11.23,126709,95099,1976,485
2020.11.24,127522,98944,2002,813
2020.11.25,129085,100913,2040,1563
2020.11.26,130870,103055,2068,1785
2020.11.27,132346,105149,2090,1476
2020.11.28,133594,106479,2121,1248
2020.11.29,134768,107364,2142,1174
2020.11.30,135967,110365,2193,356
2020.12.1,135967,110365,2193,0
2020.12.2,137231,111795,2228,1264
2020.12.3,138508,113228,2254,1277
2020.12.4,139692,114990,2277,1184
2020.12.5,140959,116066,2309,1267
2020.12.6,141937,116796,2326,978
2020.12.7,142344,117649,2344,407
2020.12.8,142928,119147,2372,584
2020.12.9,144066,120532,2393,1138
2020.12.10,145240,121882,2416,1174
2020.12.11,146317,123474,2445,1077
2020.12.12,147312,124521,2462,995
2020.12.13,148325,125169,2486,1013
2020.12.14,148682,125966,2503,357
2020.12.15,149120,127452,2529,438
2020.12.16,150218,128694,2556,1098
2020.12.17,151392,129990,2581,1174
2020.12.18,152253,131213,2596,861
2020.12.19,153173,131931,2616,920
2020.12.20,153825,132532,2630,652
2020.12.21,154065,133176,2656,240
2020.12.22,154602,134586,2673,537
2020.12.23,155440,135638,2691,838
2020.12.24,156142,136766,2714,702
2020.12.25,156763,137815,2733,621
2020.12.26,157349,138669,2752,586
2020.12.27,157948,139675,2775,599
2020.12.28,157948,139675,2775,0
2020.12.29,158296,140942,2797,348
2020.12.30,158878,141844,2807,582
2020.12.31,159409,142801,2823,531
2021.1.1,159738,143355,2828,329
2021.1.2,159798,143640,2836,60
2021.1.3,160027,144091,2850,229
2021.1.4,160220,144831,2864,193
2021.1.5,160544,145759,2878,324
2021.1.6,160853,146576,2890,309
2021.1.7,161054,147388,2901,201
2021.1.8,161415,147961,2908,361
2021.1.9,161794,148893,2922,379
2021.1.10,162131,149312,2929,337
2021.1.11,162288,149873,2931,157
2021.1.12,162643,150602,2941,355
2021.1.13,163128,151246,2951,485
2021.1.14,163576,151849,2963,448
2021.1.15,163972,152320,2974,396
2021.1.16,164235,152615,2987,263
2021.1.17,164586,152772,2992,351
2021.1.18,164676,153064,2998,90
2021.1.19,164912,153500,3007,236
2021.1.20,165221,153857,3016,309
2021.1.21,165528,154046,3021,307
2021.1.22,165711,154259,3030,183
2021.1.23,165909,154535,3034,198
2021.1.24,166036,154708,3039,127
2021.1.25,166094,154932,3047,58
2021.1.26,166232,155404,3052,138
2021.1.27,166427,156053,3056,195
2021.1.28,166669,156645,3067,242
2021.1.29,166728,156910,3069,59
2021.1.30,166901,157314,3071,173
2021.1.31,167026,157519,3080,125
2021.2.1,167088,157800,3084,62
2021.2.2,167231,158335,3089,143
2021.2.3,167421,158693,3096,190
2021.2.4,167568,159045,3107,147
2021.2.5,167726,159350,3109,158
2021.2.6,167937,159577,3114,211
2021.2.7,168088,159720,3117,151
2021.2.8,168177,159876,3123,89
2021.2.9,168300,160169,3126,123
2021.2.10,168496,160405,3130,196
2021.2.11,168676,160670,3135,180
2021.2.12,168830,160838,3138,154
2021.2.13,169022,160942,3140,192
2021.2.14,169167,161015,3141,145
2021.2.15,169255,161105,3147,88
2021.2.16,169391,161348,3150,136
2021.2.17,169597,161476,3155,206
2021.2.18,169820,161577,3156,223
2021.2.19,170011,161790,3158,191
2021.2.20,170234,161903,3159,223
2021.2.21,170402,161994,3164,168
2021.2.22,170402,161994,3164,0
2021.2.23,170672,162329,3171,270
2021.2.24,170945,162517,3175,273
2021.2.25,171227,162984,3179,282
2021.2.26,171510,163165,3183,283
2021.2.27,171793,163309,3190,283
2021.2.28,172058,163394,3192,265
2021.3.1,172216,163511,3195,158
2021.3.2,172456,163738,3200,240
2021.3.3,172816,163906,3202,360
2021.3.4,173307,164085,3208,491
2021.3.5,173749,164463,3215,442
2021.3.6,174257,164654,3219,508
2021.3.7,174679,164784,3221,422
2021.3.8,175016,164954,3225,337
2021.3.9,175198,165096,3232,182
2021.3.10,175538,165259,3237,340
2021.3.11,176286,165441,3239,748
2021.3.12,177104,165718,3243,818
2021.3.13,177104,165718,3243,0
2021.3.14,178385,166180,3255,1281
2021.3.15,178702,166410,3265,317
2021.3.16,179287,166702,3277,585
2021.3.17,180141,166913,3282,854
2021.3.18,181165,167186,3301,1024
2021.3.19,182056,167518,3320,891
2021.3.20,183127,167977,3332,1071
2021.3.21,183713,168289,3348,586
2021.3.22,184219,168721,3360,506
2021.3.23,185020,169172,3384,801
2021.3.24,186184,169485,3398,1164
2021.3.25,187441,169727,3416,1257
2021.3.26,188446,170160,3434,1005
2021.3.27,189540,170903,3450,1094
2021.3.28,190317,171506,3464,777
2021.3.29,190741,172096,3476,424
2021.3.30,191491,172605,3497,750
2021.3.31,192639,173064,3515,1148
2021.4.1,193736,173681,3533,1097
2021.4.2,194852,174545,3552,1116
2021.4.3,196044,175401,3575,1192
2021.4.4,196634,176009,3592,590
2021.4.5,197113,176889,3614,479
2021.4.6,197873,177601,3627,760
2021.4.7,198898,178227,3647,1025
2021.4.8,200129,179043,3675,1231
2021.4.9,201158,180160,3697,1029
2021.4.10,202167,181180,3720,1009
2021.4.11,202817,181963,3735,650
2021.4.12,203327,182836,3753,510
2021.4.13,204053,183660,3775,726
2021.4.14,205128,184243,3794,1075
2021.4.15,206142,185125,3817,1014
2021.4.16,207103,186200,3835,961
2021.4.17,207973,187256,3859,870
2021.4.18,208520,187466,3878,547
2021.4.19,208818,189017,3895,298
2021.4.20,209485,189688,3919,667
2021.4.21,210518,190271,3944,1033
