date,累计确诊,治愈,死亡,新增确诊
2020.4.7,9404,801,72,344
2020.4.8,9404,801,73,156
2020.4.9,9968,1011,86,213
2020.4.10,10408,1183,95,313
2020.4.11,10743,1341,101,238
2020.4.12,11145,1627,103,267
2020.4.13,11586,1855,116,441
2020.4.14,12046,2195,123,460
2020.4.15,12501,2563,130,455
2020.4.16,12728,2818,142,257
2020.4.17,12982,3126,151,224
2020.4.18,13265,3247,164,158
2020.4.19,13491,3754,172,226
2020.4.20,13713,4049,177,59
2020.4.21,13942,4507,184,229
2020.4.22,14498,5215,189,172
2020.4.23,14803,5611,192,305
2020.4.24,15058,6003,194,176
2020.4.25,15298,6435,199,150
2020.4.26,15443,6731,201,45
2020.4.27,15555,7200,204,89
2020.4.28,15728,7746,210,139
2020.4.29,15834,8233,215,52
2020.4.30,15946,8561,222,76
2020.5.1,16101,9156,225,97
2020.5.2,16185,9593,229,33
2020.5.3,16208,9749,232,23
2020.5.4,16246,10064,235,38
2020.5.5,16289,10465,238,43
2020.5.6,16310,10637,239,21
2020.5.7,16381,10873,240,71
2020.5.9,16454,11376,247,18
2020.5.10,16477,11430,252,23
2020.5.11,16506,11843,258,29
2020.5.12,16529,12083,260,23
2020.5.13,16548,12232,264,19
2020.5.14,16579,12521,265,31
2020.5.15,16589,12587,266,10
2020.5.16,16607,12855,268,18
2020.5.17,16617,12942,272,10
2020.5.18,16621,13014,272,4
2020.5.19,16650,13299,277,29
2020.5.20,16659,13435,278,9
2020.5.21,16670,13617,279,11
2020.5.22,16690,13915,279,20
2020.5.23,16712,14085,279,22
2020.5.24,16712,14093,279,0
2020.5.25,16720,14203,280,8
2020.5.26,16743,14362,281,23
2020.5.27,16771,14486,281,28
2020.5.28,16809,14602,281,38
2020.5.29,16887,14727,284,78
2020.5.30,17008,14776,284,121
2020.5.31,17024,14812,284,16
2020.6.1,17106,14826,285,82
2020.6.2,17219,14915,287,113
2020.6.3,17342,14955,290,123
2020.6.4,17429,14993,291,87
2020.6.5,17562,15026,291,133
2020.6.6,17706,15042,292,144
2020.6.7,17783,15064,297,77
2020.6.8,17915,15102,298,132
2020.6.9,18089,15137,298,174
2020.6.10,18268,15168,299,179
2020.6.11,18461,15214,300,193
2020.6.12,18701,15288,300,240
2020.6.13,18876,15319,300,175
2020.6.14,19008,15360,300,132
2020.6.15,19121,15389,302,113
2020.6.16,19338,15438,302,217
2020.6.17,19637,15459,303,299
2020.6.18,19894,15499,303,257
2020.6.19,20243,15567,304,349
2020.6.20,20339,15586,304,96
2020.6.21,20734,15685,306,395
2020.6.22,20869,15714,307,135
2020.6.23,21246,15812,307,377
2020.6.24,21666,15898,308,420
2020.6.25,22139,15961,308,473
2020.6.26,22638,16589,313,499
2020.6.27,22800,16872,314,162
2020.6.28,23616,17047,318,816
2020.6.29,23989,17114,319,373
2020.6.30,24688,17272,320,699
2020.7.1,25547,17389,320,859
2020.7.2,26452,17481,324,905
2020.7.3,27611,17607,326,1159
2020.7.4,28055,17669,326,444
2020.7.5,29366,17847,330,1311
2020.7.6,30162,17974,332,796
2020.7.7,31271,18131,338,1109
2020.7.8,32714,18267,343,1443
2020.7.9,33947,18392,346,1233
2020.7.10,35631,18542,350,1684
2020.7.11,36266,18613,351,635
2020.7.12,38213,18915,358,1947
2020.7.13,39979,19282,364,1766
2020.7.14,41235,19474,368,1256
2020.7.15,42813,19734,375,1578
2020.7.16,44714,20100,380,1901
2020.7.17,46546,20523,387,1832
2020.7.18,47459,20744,392,913
2020.7.19,49575,21440,406,2116
2020.7.20,50714,21875,415,1139
2020.7.21,52687,22382,422,1973
2020.7.22,54663,22920,430,1976
2020.7.23,56748,23560,433,2085
2020.7.24,59475,26797,448,2727
2020.7.25,59475,26797,448,0
2020.7.26,61388,26959,464,1913
2020.7.27,62626,27077,473,1238
2020.7.28,64649,32117,480,2023
2020.7.29,66805,32697,490,2156
2020.7.30,68769,35516,497,1964
2020.7.31,70582,43813,509,1813
2020.8.1,70970,43850,512,388
2020.8.2,72315,45631,531,1345
2020.8.3,73231,47523,541,916
2020.8.4,75083,49763,554,1852
2020.8.5,76763,51331,564,1680
2020.8.6,78514,53362,569,1751
2020.8.7,80431,55274,578,1917
2020.8.8,80991,55313,581,560
2020.8.9,82515,57483,597,1524
2020.8.10,83540,58934,606,1025
2020.8.11,85354,60019,619,1814
2020.8.12,87173,61577,633,1819
2020.8.13,88733,64674,643,1560
2020.8.14,90472,66151,657,1739
2020.8.15,91080,66965,665,608
2020.8.16,92404,68400,679,1324
2020.8.17,93691,69062,690,1287
2020.8.18,95264,71167,698,1573
2020.8.19,96996,72498,719,1732
2020.8.20,98550,73848,789,1554
2020.8.21,99599,77785,809,1049
2020.8.22,100716,77785,809,1117
2020.8.23,102150,79303,825,1434
2020.8.24,103274,80521,839,1124
2020.8.25,105252,83028,856,1978
2020.8.26,107341,85893,867,2089
2020.8.27,109039,87017,877,1698
2020.8.28,111493,90158,891,2454
2020.8.29,112000,91051,894,507
2020.8.30,113648,92588,909,1648
2020.8.31,115057,93801,922,1409
2020.9.1,117241,95596,946,2184
2020.9.2,119627,96662,963,2386
2020.9.3,122779,97885,976,3152
2020.9.4,126419,100357,993,3640
2020.9.5,126419,100357,993,0
2020.9.6,129349,102107,1010,2930
2020.9.7,131970,103849,1022,2621
2020.9.8,135288,106297,1031,3318
2020.9.9,139013,107599,1048,3725
2020.9.10,143049,109775,1055,4036
2020.9.11,148564,111728,1090,5515
2020.9.12,148564,111728,1090,0
2020.9.13,153759,114635,1108,5195
2020.9.14,156823,115128,1126,3064
2020.9.15,162273,120443,1141,5450
2020.9.16,166794,122785,1147,4521
2020.9.17,172322,125671,1163,5528
2020.9.18,179071,130024,1196,6749
2020.9.19,183602,132449,1226,4531
2020.9.20,183602,132449,1226,0
2020.9.21,188760,135997,1260,5158
2020.9.22,193374,140751,1285,4614
2020.9.23,200041,144401,1316,6667
2020.9.24,206332,148075,1335,6291
2020.9.25,217899,153574,1412,11567
2020.9.26,217899,153574,1412,0
2020.9.27,231026,159931,1466,13127
2020.9.28,231026,159931,1466,0
2020.9.29,234060,167032,1516,3034
2020.9.30,239806,173109,1547,5746
2020.10.1,248133,177752,1571,8327
2020.10.2,258920,185122,1633,10787
2020.10.3,258920,185122,1633,0
2020.10.4,265086,193027,1692,6166
2020.10.5,268175,201392,1719,3089
2020.10.6,274423,208819,1771,6248
2020.10.7,278932,215198,1806,4509
2020.10.8,283532,220046,1846,4600
2020.10.9,287858,225248,1886,4326
2020.10.10,287858,225248,1886,0
2020.10.11,290079,225929,1956,2221
2020.10.12,292230,238380,1993,2151
2020.10.13,295625,242027,2032,3395
2020.10.14,297501,248940,2067,1876
2020.10.15,299502,253597,2109,2001
2020.10.16,301896,262503,2141,2394
2020.10.17,302730,265348,2167,834
2020.10.18,302911,267221,2202,181
2020.10.19,304367,272252,2248,1456
2020.10.20,305633,279740,2271,1266
2020.10.21,306503,283205,2278,870
2020.10.22,307965,286438,2319,1462
2020.10.23,308840,290130,2329,875
2020.10.24,309374,291130,2366,534
2020.10.25,309413,291206,2372,39
2020.10.26,310254,293846,2404,841
2020.10.27,311313,295968,2452,1059
2020.10.28,312024,296770,2483,711
2020.10.29,312787,298376,2494,763
2020.10.30,313701,299822,2514,914
2020.10.31,313701,299822,2514,0
2020.11.1,314535,301624,2541,834
2020.11.2,315237,302871,2569,702
2020.11.3,316064,303634,2583,827
2020.11.4,316792,304418,2592,728
2020.11.5,317668,305623,2638,876
2020.11.6,318402,306890,2644,734
2020.11.7,318402,306890,2644,0
2020.11.8,319090,307728,2664,688
2020.11.9,319562,308735,2674,472
2020.11.10,320321,309467,2681,759
2020.11.11,320912,310061,2684,591
2020.11.12,321326,310605,2700,414
2020.11.13,322695,310605,2716,1369
2020.11.14,322695,312131,2716,0
2020.11.15,323503,312824,2732,808
2020.11.16,324293,313643,2732,790
2020.11.17,325143,314270,2736,850
2020.11.18,325974,314894,2737,831
2020.11.19,326628,315508,2739,654
2020.11.20,327748,316544,2744,1120
2020.11.21,327748,316544,2744,0
2020.11.22,328613,317348,2757,865
2020.11.23,329650,318361,2810,1037
2020.11.24,330495,318773,2818,845
2020.11.25,331299,319300,2826,804
2020.11.26,332420,320078,2827,1121
2020.11.27,333802,321346,2839,1382
2020.11.28,333802,321346,2839,0
2020.11.29,334988,322211,2854,1186
2020.11.30,337373,323995,2865,1172
2020.12.1,337422,323997,2867,49
2020.12.2,338748,324645,2881,1326
2020.12.3,340424,325874,2890,1676
2020.12.4,342101,327162,2896,1677
2020.12.5,342101,327162,2896,0
2020.12.6,344228,327972,2916,2127
2020.12.7,345661,329586,2917,1433
2020.12.8,347497,330475,2925,1836
2020.12.9,349024,331285,2933,1527
2020.12.10,351579,332645,2937,2555
2020.12.11,353269,333900,2969,1690
2020.12.12,355252,335093,2979,1983
2020.12.13,356250,335820,2990,998
2020.12.14,358293,337599,3003,2043
2020.12.15,360630,338784,3014,2337
2020.12.16,363287,340145,3030,2657
2020.12.17,366612,341743,3040,3325
2020.12.18,370152,344372,3057,3540
2020.12.19,370152,344372,3057,0
2020.12.20,373655,346217,3082,3503
2020.12.21,376857,348589,3109,3202
2020.12.22,380095,349356,3111,3238
2020.12.23,384169,351624,3141,4074
2020.12.24,385022,351875,3150,853
2020.12.25,394391,357867,3186,9369
2020.12.26,394391,357867,3186,0
2020.12.27,403986,364879,3240,9595
2020.12.28,407285,366518,3256,3299
2020.12.29,409338,367081,3257,2053
2020.12.30,414967,370425,3304,5629
2020.12.31,419943,374138,3318,4976
2021.1.1,428510,379911,3356,8567
2021.1.2,428510,379911,3356,0
2021.1.3,435866,383554,3404,7356
2021.1.4,442187,388713,3433,6321
2021.1.5,451044,391373,3448,8857
2021.1.6,459435,395453,3497,8391
2021.1.7,466916,399019,3527,7481
2021.1.8,477357,408753,3596,10441
2021.1.9,477357,408753,3596,0
2021.1.10,487680,415096,3651,10323
2021.1.11,495063,421612,3689,7383
2021.1.12,504888,427199,3723,9825
2021.1.13,513715,432765,3772,8827
2021.1.14,523885,440794,3846,10170
2021.1.15,535049,453358,3910,11164
2021.1.16,535049,453358,3910,0
2021.1.17,546087,459231,3979,11038
2021.1.18,552415,467790,4005,6328
2021.1.19,562619,477309,4060,10204
2021.1.20,570503,483017,4144,7884
2021.1.21,579016,493313,4210,8513
2021.1.22,589028,504820,4266,10012
2021.1.23,589028,504820,4266,0
2021.1.24,595097,515683,4361,6069
2021.1.25,601069,525773,4437,5972
2021.1.26,606365,529834,4498,5296
2021.1.27,619150,538691,4539,12785
2021.1.28,624814,545381,4612,5664
2021.1.29,633991,558249,4700,9177
2021.1.30,633991,558249,4700,0
2021.1.31,641373,567208,4768,7382
2021.2.1,647237,573155,4808,5864
2021.2.2,656016,579822,4863,8779
2021.2.3,664651,586061,4890,8635
2021.2.4,672324,589617,4975,7673
2021.2.5,680856,591052,5020,8532
2021.2.6,680856,591052,5020,0
2021.2.7,687492,612025,5096,6636
2021.2.8,693212,620452,5129,5720
2021.2.9,700479,625167,5192,7267
2021.2.10,706416,630739,5233,5937
2021.2.11,712078,639016,5266,5662
2021.2.12,718746,651522,5304,6668
2021.2.13,718746,651522,5304,0
2021.2.14,721846,655519,5351,3100
2021.2.15,727485,667279,5403,5639
2021.2.16,732040,671437,5423,4555
2021.2.17,737644,679133,5463,5604
2021.2.18,740527,682285,5486,2883
2021.2.19,743814,690275,5521,3287
2021.2.20,744513,693730,5526,699
2021.2.21,744513,693730,5526,0
2021.2.22,752398,707173,5585,7885
2021.2.23,757150,710059,5604,4752
2021.2.24,761551,713858,5648,4401
2021.2.25,765492,719009,5673,3941
2021.2.26,769971,723832,5694,4479
2021.2.27,770780,725953,5697,809
2021.2.28,774479,728633,5738,3699
2021.3.1,778172,733934,5758,3693
2021.3.2,781857,736888,5779,3685
2021.3.3,787211,738681,5797,5354
2021.3.4,791319,743228,5815,4108
2021.3.5,796465,750661,5834,5146
2021.3.6,796465,750661,5834,0
2021.3.7,800721,754210,5861,4256
2021.3.8,803260,759663,5899,2539
2021.3.9,806841,762269,5922,3581
2021.3.10,809870,765357,5936,3029
2021.3.11,812823,770156,5955,2953
2021.3.12,815462,773911,5975,2639
2021.3.13,816198,775896,5980,736
2021.3.14,818154,780155,5992,1956
2021.3.15,819987,786369,6025,1833
2021.3.16,821762,788685,6037,1775
2021.3.17,823314,791322,6051,1552
2021.3.18,824926,794861,6062,1612
2021.3.19,826609,800728,6073,1683
2021.3.20,826609,800728,6073,0
2021.3.21,827428,803034,6085,819
2021.3.22,828239,806376,6098,811
2021.3.23,829288,808495,6114,1049
2021.3.24,829832,809298,6131,544
2021.3.25,830515,811452,6157,683
2021.3.26,831383,814505,6165,868
2021.3.27,831383,814505,6165,0
2021.3.28,831897,815721,6180,514
2021.3.29,832068,817502,6196,171
2021.3.30,832125,817698,6197,57
2021.3.31,832998,818953,6201,873
2021.4.1,833281,819867,6214,283
2021.4.2,833707,820906,6220,426
2021.4.3,833707,820906,6220,0
2021.4.4,834206,822548,6240,499
2021.4.5,834446,822971,6243,240
2021.4.6,834822,823527,6253,376
2021.4.7,835104,823955,6261,282
2021.4.8,835385,824344,6270,281
2021.4.9,835674,825195,6280,289
2021.4.10,835674,825195,6280,0
2021.4.11,835871,825687,6294,197
2021.4.12,836072,826289,6299,201
2021.4.13,836261,826588,6304,189
2021.4.14,836504,827184,6312,243
2021.4.15,836504,827184,6312,0
2021.4.16,836726,827555,6315,222
2021.4.17,836740,827745,6315,14
2021.4.18,836926,828052,6334,186
2021.4.19,837160,828552,6338,234
2021.4.20,837309,828761,6342,149
2021.4.21,837479,829117,6346,170
