date,累计确诊,治愈,死亡,新增确诊
2020.4.9,9,0,1,1
2020.4.11,13,0,2,3
2020.4.12,14,0,2,1
2020.4.13,18,0,2,4
2020.4.22,18,5,2,0
2020.4.27,18,6,2,0
2020.5.1,18,13,2,0
2020.5.5,18,16,2,0
2020.5.16,18,16,2,0
2020.5.18,18,16,2,0
2020.5.19,18,16,2,0
2020.5.20,18,16,2,0
2020.5.21,18,16,2,0
2020.5.22,18,16,2,0
2020.5.23,18,16,2,0
2020.5.24,18,16,2,0
2020.5.25,18,16,2,0
2020.5.26,18,16,2,0
2020.5.27,18,16,2,0
2020.5.28,18,16,2,0
2020.5.29,18,16,2,0
2020.5.30,18,16,2,0
2020.5.31,18,16,2,0
2020.6.1,18,16,2,0
2020.6.2,18,16,2,0
2020.6.3,18,16,2,0
2020.6.4,18,16,2,0
2020.6.5,18,16,2,0
2020.6.6,19,16,2,1
2020.6.7,19,16,2,0
2020.6.8,19,16,2,0
2020.6.9,19,16,2,0
2020.6.10,20,16,2,1
2020.6.11,20,16,2,0
2020.6.12,20,16,2,0
2020.6.13,20,16,2,0
2020.6.14,20,16,2,0
2020.6.15,21,16,2,1
2020.6.16,21,16,2,0
2020.6.17,22,16,2,1
2020.6.18,22,16,2,0
2020.6.19,22,16,2,0
2020.6.20,22,17,2,0
2020.6.21,22,17,2,0
2020.6.22,22,17,2,0
2020.6.23,23,17,2,1
2020.6.24,23,17,2,0
2020.6.25,23,17,2,0
2020.6.26,23,17,2,0
2020.6.27,24,18,2,1
2020.6.28,24,18,2,0
2020.6.29,24,18,2,0
2020.6.30,24,18,2,0
2020.7.1,28,18,2,4
2020.7.2,28,18,2,0
2020.7.3,28,18,2,0
2020.7.4,30,19,2,2
2020.7.5,30,19,2,0
2020.7.6,30,19,2,0
2020.7.7,30,19,2,0
2020.7.8,30,19,2,0
2020.7.9,30,19,2,0
2020.7.10,33,20,2,3
2020.7.11,37,20,2,4
2020.7.12,37,20,2,0
2020.7.13,37,20,2,0
2020.7.14,37,20,2,0
2020.7.15,39,21,2,2
2020.7.16,39,21,2,0
2020.7.17,40,22,2,1
2020.7.18,40,22,2,0
2020.7.19,40,22,2,0
2020.7.20,40,22,2,0
2020.7.21,42,22,2,2
2020.7.22,43,23,2,1
2020.7.23,43,23,2,0
2020.7.24,47,25,2,4
2020.7.25,48,26,2,1
2020.7.26,48,26,2,0
2020.7.27,48,26,2,0
2020.7.28,48,26,2,0
2020.7.29,48,27,2,0
2020.7.30,48,27,2,0
2020.7.31,48,27,2,0
2020.8.1,48,30,2,0
2020.8.2,56,30,2,8
2020.8.3,57,30,2,1
2020.8.4,57,30,2,0
2020.8.5,72,31,2,15
2020.8.6,86,31,2,14
2020.8.7,114,32,2,28
2020.8.8,146,32,2,32
2020.8.9,146,32,2,0
2020.8.10,154,32,2,8
2020.8.11,177,32,2,23
2020.8.12,210,32,2,33
2020.8.13,296,32,2,86
2020.8.14,356,32,2,60
2020.8.15,388,35,3,32
2020.8.16,452,35,3,64
2020.8.17,452,35,3,0
2020.8.18,475,38,4,23
2020.8.19,553,38,4,78
2020.8.20,553,38,4,0
2020.8.21,605,38,5,52
2020.8.22,648,43,5,43
2020.8.23,668,44,6,20
2020.8.24,686,44,6,18
2020.8.25,713,45,10,27
2020.8.26,730,48,10,17
2020.8.27,760,54,11,30
2020.8.28,818,54,12,58
2020.8.29,870,93,12,52
2020.8.30,964,115,13,94
2020.8.31,993,117,13,29
2020.9.1,1007,173,13,14
2020.9.2,1050,213,13,43
2020.9.3,1101,240,13,51
2020.9.4,1118,255,13,17
2020.9.5,1152,271,15,34
2020.9.6,1194,287,15,42
2020.9.7,1194,287,15,0
2020.9.8,1307,314,16,113
2020.9.9,1361,321,16,54
2020.9.10,1365,326,18,4
2020.9.11,1399,360,19,34
2020.9.12,1435,404,19,36
2020.9.13,1458,458,19,23
2020.9.14,1480,492,19,22
2020.9.15,1501,540,19,21
2020.9.16,1528,663,19,27
2020.9.17,1536,696,19,8
2020.9.18,1567,742,19,31
2020.9.19,1590,812,20,23
2020.9.20,1606,876,20,16
2020.9.21,1627,918,21,21
2020.9.22,1635,967,21,8
2020.9.23,1635,967,21,0
2020.9.24,1706,1019,22,71
2020.9.25,1758,1072,22,52
2020.9.26,1808,1134,23,50
2020.9.27,1825,1165,24,17
2020.9.28,1854,1196,24,29
2020.9.29,1891,1208,24,37
2020.9.30,1943,1225,26,52
2020.10.1,1992,1246,27,49
2020.10.2,2026,1272,27,34
2020.10.3,2080,1290,28,54
2020.10.4,2131,1346,29,51
2020.10.5,2196,1378,30,65
2020.10.6,2204,1378,30,8
2020.10.7,2243,1392,34,39
2020.10.8,2310,1427,34,67
2020.10.9,2373,1459,34,63
2020.10.10,2427,1487,35,54
2020.10.11,2496,1531,36,69
2020.10.12,2531,1548,37,35
2020.10.13,2569,1566,37,38
2020.10.14,2585,1580,39,16
2020.10.15,2619,1596,40,34
2020.10.16,2682,1612,41,63
2020.10.17,2728,1626,43,46
2020.10.18,2775,1648,43,47
2020.10.19,2813,1670,44,38
2020.10.20,2833,1692,45,20
2020.10.21,2886,1727,45,53
2020.10.22,2937,1756,46,51
2020.10.23,2995,1826,46,58
2020.10.24,3050,1872,46,55
2020.10.25,3106,1921,48,56
2020.10.26,3145,1961,50,39
2020.10.27,3200,2031,51,55
2020.10.28,3232,2045,51,32
2020.10.29,3261,2076,52,29
2020.10.30,3382,2127,56,121
2020.10.31,3462,2148,58,80
2020.11.1,3487,2160,59,25
2020.11.2,3577,2207,59,90
2020.11.3,3624,2230,59,47
2020.11.4,3790,2262,61,166
2020.11.5,3905,2293,64,115
2020.11.6,3977,2323,66,72
2020.11.7,4016,2330,67,39
2020.11.8,4076,2353,68,60
2020.11.9,4176,2364,70,100
2020.11.10,4230,2386,71,54
2020.11.11,4414,2440,73,184
2020.11.12,4520,2485,75,106
2020.11.13,4596,2513,75,76
2020.11.14,4715,2539,85,119
2020.11.15,4783,2564,88,68
2020.11.16,4861,2598,90,78
2020.11.17,4883,2608,94,22
2020.11.18,4920,2660,96,37
2020.11.19,4958,2680,100,38
2020.11.20,5018,2743,102,60
2020.11.21,5056,2760,107,38
2020.11.22,5110,2800,112,54
2020.11.23,5183,2842,116,73
2020.11.24,5249,2877,120,66
2020.11.25,5335,2899,125,86
2020.11.26,5423,2986,129,88
2020.11.27,5515,3021,131,92
2020.11.28,5587,3056,141,72
2020.11.29,5647,3072,144,60
2020.11.30,5854,3151,148,96
2020.12.1,5854,3151,148,0
2020.12.2,5854,3151,148,0
2020.12.3,5854,3151,148,0
2020.12.4,7236,3571,164,1382
2020.12.5,7383,3725,170,147
2020.12.6,7601,3752,172,218
2020.12.7,7769,3849,173,168
2020.12.8,7953,3943,176,184
2020.12.9,8013,4012,179,60
2020.12.10,8519,4075,183,506
2020.12.11,8805,4141,183,286
2020.12.12,8965,4219,185,160
2020.12.13,9173,4279,192,208
2020.12.14,9295,4321,195,122
2020.12.15,9377,4414,197,82
2020.12.16,9511,4514,211,134
2020.12.17,9672,4628,212,161
2020.12.18,9791,4779,213,119
2020.12.19,9929,8214,215,138
2020.12.20,10023,8266,216,94
2020.12.21,10095,8296,220,72
2020.12.22,10145,8435,224,50
2020.12.23,10257,8802,226,112
2020.12.24,10370,8933,226,113
2020.12.25,10490,9081,228,120
2020.12.26,10490,9081,228,0
2020.12.27,10561,9281,233,71
2020.12.28,10591,9429,236,30
2020.12.29,10591,9429,236,0
2020.12.30,10668,9593,241,77
2020.12.31,10724,9689,242,56
2021.1.1,10776,9795,248,52
2021.1.2,10776,9795,248,0
2021.1.3,10807,9950,249,31
2021.1.4,10901,9994,250,94
2021.1.5,10938,10095,257,37
2021.1.6,11018,10230,258,80
2021.1.7,11108,10312,260,90
2021.1.8,11152,10344,267,44
2021.1.9,11202,10362,271,50
2021.1.10,11266,10386,271,64
2021.1.11,11303,10397,274,37
2021.1.12,11332,10419,275,29
2021.1.13,11366,10502,277,34
2021.1.14,11419,10569,278,53
2021.1.15,11456,10641,280,37
2021.1.16,11529,10650,281,73
2021.1.17,11529,10650,281,0
2021.1.18,11580,10694,281,51
2021.1.19,11592,10782,282,12
2021.1.20,11615,10866,283,23
2021.1.21,11642,10911,286,27
2021.1.22,11676,10962,289,34
2021.1.23,11700,11009,290,24
2021.1.24,11722,11050,290,22
2021.1.25,11750,11071,290,28
2021.1.26,11770,11131,293,20
2021.1.27,11788,11187,293,18
2021.1.28,11816,11236,294,28
2021.1.29,11845,11273,298,29
2021.1.30,11877,11294,301,32
2021.1.31,11908,11309,301,31
2021.2.1,11908,11309,301,0
2021.2.2,11945,11353,302,37
2021.2.3,11957,11378,303,12
2021.2.4,11978,11413,306,21
2021.2.5,12008,11452,306,30
2021.2.6,12013,11468,306,5
2021.2.7,12037,11479,306,24
2021.2.8,12037,11479,306,0
2021.2.9,12070,11509,307,33
2021.2.10,12079,11532,310,9
2021.2.11,12107,11565,313,28
2021.2.12,12114,11605,313,7
2021.2.13,12134,11623,313,20
2021.2.14,12145,11626,313,11
2021.2.15,12145,11626,313,0
2021.2.16,12175,11668,313,30
2021.2.17,12188,11682,313,13
2021.2.18,12195,11708,314,7
2021.2.19,12207,11725,314,12
2021.2.20,12227,11741,314,20
2021.2.21,12244,11749,314,17
2021.2.22,12244,11749,314,0
2021.2.23,12255,11787,314,11
2021.2.24,12264,11799,314,9
2021.2.25,12271,11816,315,7
2021.2.26,12280,11824,315,9
2021.2.27,12293,11836,315,13
2021.2.28,12293,11836,315,0
2021.3.1,12293,11836,315,0
2021.3.2,12313,11860,315,20
2021.3.3,12320,11870,315,7
2021.3.4,12328,11895,315,8
2021.3.5,12329,11916,314,1
2021.3.6,12335,11926,315,6
2021.3.7,12335,11926,315,0
2021.3.8,12335,11926,315,0
2021.3.9,12335,11926,315,0
2021.3.10,12345,11957,316,10
2021.3.11,12355,11962,316,10
2021.3.12,12359,11972,316,4
2021.3.13,12370,11987,316,11
2021.3.14,12370,11987,316,0
2021.3.15,12370,11987,316,0
2021.3.16,12383,12004,316,13
2021.3.17,12389,12010,316,6
2021.3.18,12396,12020,316,7
2021.3.19,12399,12024,316,3
2021.3.20,12400,12026,316,1
2021.3.21,12400,12026,316,0
2021.3.22,12400,12026,316,0
2021.3.23,12407,12031,316,7
2021.3.24,12410,12047,316,3
2021.3.25,12410,12047,317,0
2021.3.26,12411,12052,317,1
2021.3.27,12415,12061,317,4
2021.3.28,12415,12061,317,0
2021.3.29,12415,12061,317,0
2021.3.30,12415,12061,317,0
2021.3.31,12415,12061,317,0
2021.4.1,12456,12090,317,41
2021.4.2,12456,12090,317,0
2021.4.3,12456,12090,317,0
2021.4.4,12456,12090,317,0
2021.4.5,12456,12090,317,0
2021.4.6,12456,12090,317,0
2021.4.7,12477,12102,318,21
2021.4.8,12485,12106,318,8
2021.4.9,12485,12106,318,0
2021.4.10,12485,12106,318,0
2021.4.11,12485,12106,318,0
2021.4.12,12485,12106,318,0
2021.4.13,12503,12134,318,18
2021.4.14,12513,12137,318,10
2021.4.15,12522,12140,318,9
2021.4.16,12529,12141,318,7
2021.4.17,12538,12143,318,9
2021.4.18,12538,12143,318,0
2021.4.19,12538,12143,318,0
2021.4.20,12558,12156,318,20
2021.4.21,12568,12161,318,10
