date,累计确诊,治愈,死亡,新增确诊
2020.4.12,8,1,1,0
2020.4.14,11,1,1,1
2020.4.17,58,1,1,2
2020.4.18,61,1,1,3
2020.4.19,67,1,1,6
2020.4.21,68,1,1,1
2020.4.22,73,1,1,5
2020.4.23,88,1,1,6
2020.4.24,90,1,1,2
2020.4.25,106,1,1,16
2020.4.26,109,1,1,3
2020.4.27,114,2,1,5
2020.4.30,121,4,1,8
2020.5.2,152,18,2,30
2020.5.3,165,33,2,13
2020.5.4,186,37,2,11
2020.5.5,191,38,2,5
2020.5.6,218,38,2,27
2020.5.7,230,44,2,12
2020.5.9,236,56,2,6
2020.5.10,246,56,2,10
2020.5.11,260,58,2,14
2020.5.12,270,61,2,3
2020.5.14,315,67,2,26
2020.5.15,326,67,2,11
2020.5.16,328,84,3,2
2020.5.17,328,84,3,2
2020.5.18,328,84,3,0
2020.5.19,328,85,3,0
2020.5.20,349,85,3,21
2020.5.21,349,85,3,0
2020.5.22,362,95,3,13
2020.5.23,371,142,3,9
2020.5.24,371,142,3,0
2020.5.25,390,155,3,19
2020.5.26,390,155,4,0
2020.5.27,390,155,4,0
2020.5.28,390,155,4,0
2020.5.29,390,155,4,0
2020.5.30,421,167,4,31
2020.5.31,421,167,4,0
2020.6.1,435,193,4,14
2020.6.2,466,237,5,31
2020.6.3,477,238,5,11
2020.6.4,502,239,5,25
2020.6.5,502,239,5,0
2020.6.6,542,240,5,40
2020.6.7,542,240,5,0
2020.6.8,567,266,5,25
2020.6.9,585,270,5,18
2020.6.10,615,294,5,30
2020.6.11,657,294,5,42
2020.6.12,697,294,6,40
2020.6.13,726,294,6,29
2020.6.14,750,301,6,24
2020.6.15,759,301,6,9
2020.6.16,760,354,7,1
2020.6.17,791,354,7,31
2020.6.18,823,377,7,32
2020.6.19,823,377,7,0
2020.6.20,863,377,8,40
2020.6.21,863,377,8,0
2020.6.22,890,413,8,27
2020.6.23,944,419,8,54
2020.6.24,982,479,8,38
2020.6.25,1003,562,8,21
2020.6.26,1027,562,9,24
2020.6.27,1027,568,10,0
2020.6.28,1091,568,12,64
2020.6.29,1155,570,12,64
2020.6.30,1226,608,14,71
2020.7.1,1267,629,15,41
2020.7.2,1301,629,15,34
2020.7.3,1382,629,15,81
2020.7.4,1382,629,15,0
2020.7.5,1421,654,16,39
2020.7.6,1451,655,17,30
2020.7.7,1463,722,17,12
2020.7.8,1499,724,18,36
2020.7.9,1542,730,18,43
2020.7.10,1552,730,18,10
2020.7.11,1591,730,19,39
2020.7.12,1623,748,19,32
2020.7.13,1698,748,19,75
2020.7.14,1722,772,19,24
2020.7.15,1780,850,19,58
2020.7.16,1837,892,19,57
2020.7.17,1939,902,19,102
2020.7.18,1939,902,19,0
2020.7.19,2045,973,21,106
2020.7.20,2045,973,21,0
2020.7.21,2071,1063,21,26
2020.7.22,2107,1100,21,36
2020.7.23,2154,1132,21,47
2020.7.24,2190,1150,21,36
2020.7.25,2220,1216,22,30
2020.7.26,2258,1363,22,38
2020.7.27,2307,1447,22,49
2020.7.28,2328,1550,22,21
2020.7.29,2354,1616,22,26
2020.7.30,2373,1694,23,19
2020.7.31,2418,1694,23,45
2020.8.1,2451,1824,23,33
2020.8.2,2480,1837,24,29
2020.8.3,2547,1860,24,67
2020.8.4,2583,1911,25,36
2020.8.5,2631,1930,26,48
2020.8.6,2689,1955,27,58
2020.8.7,2734,2010,27,45
2020.8.8,2780,2042,29,46
2020.8.9,2835,2073,32,55
2020.8.10,2858,2086,32,23
2020.8.11,2883,2128,32,25
2020.8.12,2920,2148,33,37
2020.8.13,3000,2172,33,80
2020.8.14,3073,2232,33,73
2020.8.15,3136,2254,33,63
2020.8.16,3163,2302,34,27
2020.8.17,3179,2317,35,16
2020.8.18,3203,2336,36,24
2020.8.19,3253,2390,36,50
2020.8.20,3321,2442,36,68
2020.8.21,3368,2462,37,47
2020.8.22,3412,2498,37,44
2020.8.23,3455,2538,37,43
2020.8.24,3509,2540,37,54
2020.8.25,3532,2599,37,23
2020.8.26,3568,2673,37,36
2020.8.27,3630,2713,38,62
2020.8.28,3699,2749,38,69
2020.8.29,3745,2807,38,46
2020.8.30,3778,2855,39,33
2020.8.31,3852,2867,40,74
2020.9.1,3884,2916,40,32
2020.9.2,3970,3423,40,86
2020.9.3,4048,3460,41,78
2020.9.4,4125,3502,41,77
2020.9.5,4200,3562,41,75
2020.9.6,4275,3611,42,75
2020.9.7,4330,3628,42,55
2020.9.8,4358,3790,42,28
2020.9.9,4400,3851,42,42
2020.9.10,4473,3915,43,73
2020.9.11,4557,3993,43,84
2020.9.12,4651,4076,44,94
2020.9.13,4711,4104,44,60
2020.9.14,4813,4119,44,102
2020.9.15,4839,4240,45,26
2020.9.16,4904,4294,46,65
2020.9.17,4978,4430,47,74
2020.9.18,5063,4465,49,85
2020.9.19,5141,4548,50,78
2020.9.20,5186,4581,50,45
2020.9.21,5257,4599,51,71
2020.9.22,5281,4674,52,24
2020.9.23,5337,4742,52,56
2020.9.24,5412,4837,54,75
2020.9.25,5479,4917,55,67
2020.9.26,5628,4982,55,149
2020.9.27,5701,5018,56,73
2020.9.28,5771,5031,57,70
2020.9.29,5817,5134,59,46
2020.9.30,5900,5228,59,83
2020.10.1,6024,5277,60,124
2020.10.2,6126,5338,61,102
2020.10.3,6205,5399,62,79
2020.10.4,6296,5409,62,91
2020.10.5,6360,5416,65,64
2020.10.6,6433,5524,68,73
2020.10.7,6518,5632,69,85
2020.10.8,6624,5684,71,106
2020.10.9,6717,5821,71,93
2020.10.10,6809,5932,73,92
2020.10.11,6913,5970,74,104
2020.10.12,7072,5981,75,159
2020.10.13,7155,6075,75,83
2020.10.14,7254,6210,77,99
2020.10.15,7371,6270,79,117
2020.10.16,7444,6348,79,73
2020.10.17,7526,6425,82,82
2020.10.18,7638,6473,85,112
2020.10.19,7752,6526,86,114
2020.10.20,7800,6620,87,48
2020.10.21,7901,6792,87,101
2020.10.22,8033,6835,90,132
2020.10.23,8122,6940,91,89
2020.10.24,8198,7034,94,76
2020.10.25,8322,7234,94,124
2020.10.26,8396,7285,94,74
2020.10.27,8423,7455,94,27
2020.10.28,8472,7599,94,49
2020.10.29,8548,7701,94,76
2020.10.30,8603,7796,95,55
2020.10.31,8694,7913,95,91
2020.11.1,8793,7981,95,99
2020.11.2,8848,8012,95,55
2020.11.3,8882,8110,95,34
2020.11.4,8944,8155,95,62
2020.11.5,9053,8220,95,109
2020.11.6,9149,8289,97,96
2020.11.7,9224,8363,100,75
2020.11.8,9291,8431,100,67
2020.11.9,9369,8465,100,78
2020.11.10,9419,8717,100,50
2020.11.11,9499,8738,101,80
2020.11.12,9560,8829,102,61
2020.11.13,9694,9004,102,134
2020.11.14,9741,9076,102,47
2020.11.15,9780,9148,102,39
2020.11.16,9822,9220,103,42
2020.11.17,9840,9386,103,18
2020.11.18,9960,9438,103,120
2020.11.19,10000,9484,104,40
2020.11.20,10082,9557,104,82
2020.11.21,10152,9626,104,70
2020.11.22,10234,9649,104,82
2020.11.23,10276,9730,104,42
2020.11.24,10302,9791,104,26
2020.11.25,10400,9833,104,98
2020.11.26,10526,9900,104,126
2020.11.27,10570,9956,105,44
2020.11.28,10626,10088,105,56
2020.11.29,10700,10161,105,74
2020.11.30,10761,10329,105,47
2020.12.1,10761,10329,105,0
2020.12.2,10816,10366,106,55
2020.12.3,10867,10422,106,51
2020.12.4,10938,10454,107,71
2020.12.5,10996,10496,108,58
2020.12.6,11036,10541,109,40
2020.12.7,11063,10596,109,27
2020.12.8,11098,10676,109,35
2020.12.9,11118,10712,109,20
2020.12.10,11192,10760,109,74
2020.12.11,11203,10836,109,11
2020.12.12,11262,10894,110,59
2020.12.13,11302,10922,110,40
2020.12.14,11357,10962,110,55
2020.12.15,11361,11036,110,4
2020.12.16,11395,11055,110,34
2020.12.17,11458,11106,110,63
2020.12.18,11502,11137,110,44
2020.12.19,11526,11164,110,24
2020.12.20,11567,11215,111,41
2020.12.21,11579,11248,111,12
2020.12.22,11600,11270,111,21
2020.12.23,11636,11275,112,36
2020.12.24,11668,11311,112,32
2020.12.25,11688,11366,112,20
2020.12.26,11696,11381,112,8
2020.12.27,11714,11447,112,18
2020.12.28,11723,11499,112,9
2020.12.29,11723,11499,112,0
2020.12.30,11752,11504,112,29
2020.12.31,11793,11530,112,41
2021.1.1,11840,11559,113,47
2021.1.2,11872,11569,113,32
2021.1.3,11883,11578,113,11
2021.1.4,11920,11580,113,37
2021.1.5,11949,11597,113,29
2021.1.6,11983,11608,113,34
2021.1.7,12052,11633,113,69
2021.1.8,12146,11665,113,94
2021.1.9,12237,11691,114,91
2021.1.10,12316,11731,114,79
2021.1.11,12392,11733,114,76
2021.1.12,12433,11793,115,41
2021.1.13,12506,11815,115,73
2021.1.14,12592,11900,115,86
2021.1.15,12664,11989,115,72
2021.1.16,12776,12054,118,112
2021.1.17,12901,12134,119,125
2021.1.18,12993,12219,119,92
2021.1.19,13046,12287,120,53
2021.1.20,13139,12319,120,93
2021.1.21,13224,12400,121,85
2021.1.22,13307,12517,122,83
2021.1.23,13381,12590,122,74
2021.1.24,13414,12646,124,33
2021.1.25,13489,12710,127,75
2021.1.26,13557,12751,127,68
2021.1.27,13619,12841,129,62
2021.1.28,13722,12908,129,103
2021.1.29,13784,12981,131,62
2021.1.30,13897,13038,131,113
2021.1.31,13981,13103,133,84
2021.2.1,14070,13144,134,89
2021.2.2,14098,13251,134,28
2021.2.3,14152,13335,134,54
2021.2.4,14214,13401,135,62
2021.2.5,14290,13513,135,76
2021.2.6,14306,13622,135,16
2021.2.7,14380,13684,135,74
2021.2.8,14423,13723,135,43
2021.2.9,14451,13851,136,28
2021.2.10,14479,13901,137,28
2021.2.11,14543,13983,138,64
2021.2.12,14601,14084,138,58
2021.2.13,14647,14134,139,46
2021.2.14,14700,14164,139,53
2021.2.15,14741,14198,139,41
2021.2.16,14761,14240,139,20
2021.2.17,14785,14282,140,24
2021.2.18,14848,14338,141,63
2021.2.19,14885,14393,142,37
2021.2.20,14948,14470,142,63
2021.2.21,14999,14498,143,51
2021.2.22,15048,14538,144,49
2021.2.23,15072,14581,144,24
2021.2.24,15089,14608,144,17
2021.2.25,15161,14638,145,72
2021.2.26,15201,14694,145,40
2021.2.27,15253,14754,146,52
2021.2.28,15324,14784,147,71
2021.3.1,15400,14814,147,76
2021.3.2,15432,14875,147,32
2021.3.3,15483,14898,148,51
2021.3.4,15558,14921,150,75
2021.3.5,15621,14959,152,63
2021.3.6,15683,15007,152,62
2021.3.7,15724,15022,152,41
2021.3.8,15782,15040,154,58
2021.3.9,15806,15133,154,24
2021.3.10,15826,15159,154,20
2021.3.11,15892,15236,155,66
2021.3.12,15932,15275,155,40
2021.3.13,15986,15344,155,54
2021.3.14,16035,15401,156,49
2021.3.15,16101,15452,156,66
2021.3.16,16120,15511,156,19
2021.3.17,16154,15549,157,34
2021.3.18,16250,15599,158,96
2021.3.19,16298,15646,158,48
2021.3.20,16374,15699,159,76
2021.3.21,16440,15732,159,66
2021.3.22,16491,15752,159,51
2021.3.23,16517,15804,160,26
2021.3.24,16555,15845,163,38
2021.3.25,16661,15889,163,106
2021.3.26,16787,15936,164,126
2021.3.27,16911,16011,165,124
2021.3.28,17018,16050,165,107
2021.3.29,17125,16075,165,107
2021.3.30,17190,16160,165,65
2021.3.31,17279,16191,168,89
2021.4.1,17470,16277,168,191
2021.4.2,17587,16340,169,117
2021.4.3,17717,16398,171,130
2021.4.4,17821,16443,171,104
2021.4.5,17871,16480,173,50
2021.4.6,17939,16587,173,68
2021.4.7,18023,16670,173,84
2021.4.8,18214,16811,175,191
2021.4.9,18422,16925,176,208
2021.4.10,18629,17077,177,207
2021.4.11,18629,17077,177,0
2021.4.12,19005,17197,182,376
2021.4.13,19110,17399,184,105
2021.4.14,19231,17487,187,121
2021.4.15,19525,17645,188,294
2021.4.16,19780,17802,188,255
2021.4.17,19975,17870,189,195
2021.4.18,19975,17870,189,0
2021.4.19,20466,18041,192,491
2021.4.20,20627,18191,193,161
2021.4.21,20781,18350,194,154
