date,累计确诊,治愈,死亡,新增确诊
2020.4.8,10131,698,76,1459
2020.4.9,11917,795,94,1786
2020.4.11,13584,1045,106,1667
2020.4.12,18328,1470,148,2558
2020.4.13,21102,1694,170,2774
2020.4.14,24490,1986,198,3388
2020.4.15,27938,2304,232,3448
2020.4.16,32008,2590,273,4070
2020.4.17,36793,3057,313,4785
2020.4.18,42853,3291,361,6060
2020.4.19,47121,3446,405,4268
2020.4.20,52763,3873,456,5642
2020.4.21,57999,4420,513,5236
2020.4.22,62773,4420,513,4774
2020.4.23,68622,5568,615,5849
2020.4.24,74588,6250,681,5966
2020.4.25,80949,6767,747,6361
2020.4.26,87147,6767,794,6198
2020.4.27,93558,8456,867,6411
2020.4.28,99399,10286,972,5841
2020.4.29,106498,11619,1073,7099
2020.4.30,114431,13220,1169,7933
2020.5.1,124054,13220,1169,9623
2020.5.2,134687,16639,1280,10663
2020.5.3,145268,18095,1356,10581
2020.5.4,155370,19865,1451,10102
2020.5.5,165929,21327,1537,10559
2020.5.6,177160,23803,1625,11231
2020.5.7,187859,26608,1723,10699
2020.5.8,198676,31916,1827,10817
2020.5.9,209688,34306,1915,11012
2020.5.10,221344,39801,2009,11656
2020.5.11,232243,43512,2116,10899
2020.5.12,242271,48003,2212,10028
2020.5.13,252245,53530,2305,9974
2020.5.14,262843,58226,2418,10598
2020.5.15,272043,63166,2537,9200
2020.5.16,281752,67373,2631,9709
2020.5.17,290678,70209,2722,8926
2020.5.18,290678,70209,2722,0
2020.5.19,299941,76130,2837,9263
2020.5.20,308705,85392,2972,8764
2020.5.21,317554,92681,3099,8849
2020.5.22,326448,99825,3249,8894
2020.5.23,335882,107936,3388,9434
2020.5.24,344481,113299,3541,8599
2020.5.25,353427,118798,3633,8946
2020.5.26,362342,131129,3807,8915
2020.5.27,370680,142208,3968,8338
2020.5.28,379051,150993,4142,8371
2020.5.29,387623,159257,4374,8572
2020.5.30,396575,167469,4555,8952
2020.5.31,405843,171883,4693,9268
2020.6.1,414878,175877,4855,9035
2020.6.2,423741,186985,5037,8863
2020.6.3,432277,195957,5215,8536
2020.6.4,441108,204623,5384,8831
2020.6.5,449834,212680,5528,8726
2020.6.6,458689,221388,5725,8855
2020.6.7,467673,226731,5859,8984
2020.6.8,476658,230688,5971,8985
2020.6.9,485253,242397,6142,8595
2020.6.10,493657,252783,6358,8404
2020.6.11,502436,261150,6532,8779
2020.6.12,511423,269370,6715,8987
2020.6.13,520129,274641,6829,8706
2020.6.14,528964,280050,6948,8835
2020.6.15,537210,284539,7091,8246
2020.6.16,545458,294306,7284,8248
2020.6.17,553301,304342,7478,7843
2020.6.18,561091,313963,7660,7790
2020.6.19,569063,324406,7841,7972
2020.6.20,576952,334592,8002,7889
2020.6.21,584680,339711,8111,7728
2020.6.22,592280,344416,8206,7600
2020.6.23,599705,356429,8359,7425
2020.6.24,606881,368822,8513,7176
2020.6.25,613994,375164,8605,7113
2020.6.26,620794,384152,8781,6800
2020.6.27,627646,393352,8969,6852
2020.6.28,634437,399087,9073,6791
2020.6.29,641156,403430,9166,6719
2020.6.30,647849,412650,9320,6693
2020.7.1,654405,422931,9536,6556
2020.7.2,661165,428978,9683,6760
2020.7.3,667883,437893,9859,6718
2020.7.4,674515,446879,10027,6632
2020.7.5,681251,450750,10161,6736
2020.7.6,687862,454329,10296,6611
2020.7.7,694230,463880,10494,6368
2020.7.8,700792,472511,10667,6562
2020.7.9,707301,481316,10843,6509
2020.7.10,713936,489068,11017,6635
2020.7.11,720547,497446,11205,6611
2020.7.12,727162,501061,11335,6615
2020.7.13,733699,504021,11439,6537
2020.7.14,739947,512825,11614,6248
2020.7.15,746369,523249,11770,6422
2020.7.16,752797,531692,11937,6428
2020.7.17,759203,539373,12123,6406
2020.7.18,765437,546863,12247,6234
2020.7.19,771546,550344,12342,6109
2020.7.20,777486,553602,12427,5940
2020.7.21,783328,562384,12580,5842
2020.7.22,789190,572053,12745,5862
2020.7.23,795038,580330,12892,5848
2020.7.24,800849,588774,13046,5811
2020.7.25,806720,597140,13192,5871
2020.7.26,812485,600250,13269,5765
2020.7.27,818120,603329,13354,5635
2020.7.28,823515,612217,13504,5395
2020.7.29,828990,620333,13673,5475
2020.7.30,834499,629655,13802,5509
2020.7.31,839981,638410,13963,5482
2020.8.1,845443,646524,14058,5462
2020.8.2,850870,650173,14128,5427
2020.8.3,856264,653593,14207,5394
2020.8.4,861423,661471,14351,5159
2020.8.5,866627,669026,14490,5204
2020.8.6,871894,676357,14606,5267
2020.8.7,877135,683592,14725,5241
2020.8.8,882347,690207,14854,5212
2020.8.9,887536,693422,14931,5189
2020.8.10,892654,696681,15001,5118
2020.8.11,897599,703175,15131,4945
2020.8.12,902701,710298,15260,5102
2020.8.13,907758,716396,15384,5057
2020.8.14,912823,722964,15498,5065
2020.8.15,917884,729411,15617,5061
2020.8.16,922853,732968,15685,4969
2020.8.17,927745,736101,15740,4892
2020.8.18,932493,742628,15872,4748
2020.8.19,937321,749423,15989,4828
2020.8.20,942106,755513,16099,4785
2020.8.21,946976,761330,16189,4870
2020.8.22,951897,767477,16310,4921
2020.8.23,956749,770639,16383,4852
2020.8.24,961493,773095,16448,4744
2020.8.25,966189,779747,16568,4696
2020.8.26,970865,786150,16683,4676
2020.8.27,975576,792561,16804,4711
2020.8.28,980405,798466,16914,4829
2020.8.29,985346,804383,17025,4941
2020.8.30,990326,806982,17093,4980
2020.8.31,995319,809387,17176,4993
2020.9.1,1000048,815705,17299,4729
2020.9.2,1005000,821169,17414,4952
2020.9.3,1009995,826935,17528,4995
2020.9.4,1015105,832747,17649,5110
2020.9.5,1020310,838126,17759,5205
2020.9.6,1025505,840949,17820,5195
2020.9.7,1030690,843277,17871,5185
2020.9.8,1035789,850049,17993,5099
2020.9.9,1041007,856458,18135,5218
2020.9.10,1046370,862373,18263,5363
2020.9.11,1051874,868107,18365,5504
2020.9.12,1057362,873535,18484,5488
2020.9.13,1062811,876225,18578,5449
2020.9.14,1068320,878700,18635,5509
2020.9.15,1073849,884305,18785,5529
2020.9.16,1079519,890114,18917,5670
2020.9.17,1085281,895868,19061,5762
2020.9.18,1091186,901207,19195,5905
2020.9.19,1097251,906462,19339,6065
2020.9.20,1103399,909357,19418,6148
2020.9.21,1109595,911973,19489,6196
2020.9.22,1115810,917949,19649,6215
2020.9.23,1122241,923699,19799,6431
2020.9.24,1128836,929829,19948,6595
2020.9.25,1136048,934146,20056,7212
2020.9.26,1143571,940150,20225,7523
2020.9.27,1151438,943218,20324,7867
2020.9.28,1159573,945920,20385,8135
2020.9.29,1167805,952399,20545,8232
2020.9.30,1176286,958257,20722,8481
2020.10.1,1185231,964242,20891,8945
2020.10.2,1194643,970296,21077,9412
2020.10.3,1204502,975859,21251,9859
2020.10.4,1215001,979143,21358,10499
2020.10.5,1225889,982324,21475,10888
2020.10.6,1237504,988576,21663,11615
2020.10.7,1248619,995275,21865,11115
2020.10.8,1260112,1002329,22056,11493
2020.10.9,1272238,1009421,22257,12126
2020.10.10,1285084,1016202,22454,12846
2020.10.11,1298718,1020442,22597,13634
2020.10.12,1312310,1024235,22722,13592
2020.10.13,1326178,1031785,22966,13868
2020.10.14,1340409,1039705,23205,14231
2020.10.15,1354163,1048097,23491,13754
2020.10.16,1369313,1056582,23723,15150
2020.10.17,1384235,1065199,24002,14922
2020.10.18,1399334,1070576,24187,15099
2020.10.19,1415316,1075904,24366,15982
2020.10.20,1431635,1085608,24635,16319
2020.10.21,1447335,1096560,24952,15700
2020.10.22,1463306,1107988,25242,15971
2020.10.23,1480646,1119251,25525,17340
2020.10.24,1497167,1130818,25821,16521
2020.10.25,1513877,1138522,26050,16710
2020.10.26,1531224,1146096,26269,17347
2020.10.27,1547774,1158940,26589,16550
2020.10.28,1563976,1171301,26935,16202
2020.10.29,1581693,1186041,27301,17717
2020.10.30,1599976,1200560,27656,18283
2020.10.31,1618116,1215414,27990,18140
2020.11.1,1636781,1225673,28235,18665
2020.11.2,1655038,1236033,28473,18257
2020.11.3,1673686,1251364,28828,18648
2020.11.4,1693454,1266931,29217,19768
2020.11.5,1712858,1279169,29509,19404
2020.11.6,1733440,1296124,29887,20582
2020.11.7,1753836,1312927,30251,20396
2020.11.8,1774334,1324419,30537,20498
2020.11.9,1796132,1335141,30793,21798
2020.11.10,1817109,1350741,31161,20977
2020.11.11,1836960,1369357,31593,19851
2020.11.12,1858568,1388168,32032,21608
2020.11.13,1880551,1406903,32443,21983
2020.11.14,1903253,1425529,32834,22702
2020.11.15,1925825,1439985,33186,22572
2020.11.16,1948603,1453849,33489,22778
2020.11.17,1971013,1475904,33931,22410
2020.11.18,1991998,1501083,34387,20985
2020.11.19,2015608,1526656,34850,23610
2020.11.20,2039926,1551414,35311,24318
2020.11.21,2064748,1577435,35778,24822
2020.11.22,2089329,1595443,36179,24581
2020.11.23,2114502,1611445,36540,25173
2020.11.24,2138828,1634671,37031,24326
2020.11.25,2162503,1660419,37538,23675
2020.11.26,2187990,1685492,38062,25487
2020.11.27,2215533,1712174,38558,27543
2020.11.28,2242633,1739470,39068,27100
2020.11.29,2269316,1761457,39068,26683
2020.11.30,2295654,1778704,39895,26338
2020.12.1,2322056,1803467,40464,26402
2020.12.2,2347401,1830349,41053,25345
2020.12.3,2375546,1859851,41607,28145
2020.12.4,2402949,1888752,42176,27403
2020.12.5,2431731,1916396,42684,28782
2020.12.6,2460770,1937738,43141,29039
2020.12.7,2488912,1956588,43597,28142
2020.12.8,2515009,1981526,44159,26097
2020.12.9,2541199,2007792,44718,26190
2020.12.10,2569126,2033669,45280,27927
2020.12.11,2597711,2059840,45893,28585
2020.12.12,2625848,2085958,46453,28137
2020.12.13,2653928,2106235,46941,28080
2020.12.14,2681256,2124797,47391,27328
2020.12.15,2707945,2149610,47968,26689
2020.12.16,2734454,2176100,48564,26509
2020.12.17,2762668,2202540,49151,28214
2020.12.18,2791220,2228633,49762,28552
2020.12.19,2819429,2254742,50347,28209
2020.12.20,2848377,2275657,50858,28948
2020.12.21,2877727,2295362,51351,29350
2020.12.22,2906503,2319520,51912,28776
2020.12.23,2933753,2343967,52461,27250
2020.12.24,2963688,2370857,53096,29935
2020.12.25,2992706,2398254,53659,29018
2020.12.26,3021964,2426439,54226,29258
2020.12.27,3078035,2471309,55265,56071
2020.12.28,3078035,2471309,55265,0
2020.12.29,3105037,2496183,55827,27002
2020.12.30,3131550,2525418,56426,26513
2020.12.31,3159297,2554340,57019,27747
2021.1.1,3186336,2580138,57555,27039
2021.1.2,3212637,2599035,58002,26301
2021.1.3,3236787,2618882,58506,24150
2021.1.4,3260138,2640036,58988,23351
2021.1.5,3284384,2662668,59506,24246
2021.1.6,3308601,2685723,59951,24217
2021.1.7,3332142,2709452,60457,23541
2021.1.8,3355794,2731129,60911,23652
2021.1.9,3379103,2754809,61381,23309
2021.1.10,3401954,2778889,61837,22851
2021.1.11,3425269,2800675,62273,23315
2021.1.12,3448203,2825430,62804,22934
2021.1.13,3471053,2854088,63370,22850
2021.1.14,3495816,2882044,63940,24763
2021.1.15,3520531,2909680,64495,24715
2021.1.16,3544623,2936991,65085,24092
2021.1.17,3568209,2960431,65566,23586
2021.1.18,3591066,2978764,66037,22857
2021.1.19,3612800,3002026,66623,21734
2021.1.20,3633952,3027316,67220,21152
2021.1.21,3655839,3054218,67832,21887
2021.1.22,3677352,3081536,68412,21513
2021.1.23,3698273,3109315,68971,20921
2021.1.24,3719400,3131760,69462,21127
2021.1.25,3738690,3150763,69918,19290
2021.1.26,3756931,3174561,70482,18241
2021.1.27,3774672,3202483,71076,17741
2021.1.28,3793810,3229258,71651,19138
2021.1.29,3813048,3255462,72185,19238
2021.1.30,3832080,3279964,72697,19032
2021.1.31,3850439,3300004,73182,18359
2021.2.1,3868087,3318173,73619,17648
2021.2.2,3884730,3340545,74158,16643
2021.2.3,3901204,3365367,74684,16474
2021.2.4,3917918,3389913,75205,16714
2021.2.5,3934606,3413495,75732,16688
2021.2.6,3951233,3436326,76229,16627
2021.2.7,3967281,3456210,76661,16048
2021.2.8,3983197,3472091,77068,15916
2021.2.9,3998216,3493886,77598,15019
2021.2.10,4012710,3516461,78134,14494
2021.2.11,4027748,3538422,78687,15038
2021.2.12,4042837,3559142,79194,15089
2021.2.13,4057698,3577907,79696,14861
2021.2.14,4071883,3593101,80126,14185
2021.2.15,4086090,3607036,80520,14207
2021.2.16,4099323,3624663,80979,13233
2021.2.17,4112151,3642582,81446,12828
2021.2.18,4125598,3661312,81926,13447
2021.2.19,4139031,3679949,82396,13433
2021.2.20,4151984,3697433,82876,12953
2021.2.21,4164726,3713445,83293,12742
2021.2.22,4177330,3726388,83630,12604
2021.2.23,4189153,3739344,84047,11823
2021.2.24,4200902,3751562,84430,11749
2021.2.25,4212100,3767664,84876,11198
2021.2.26,4223186,3783386,85304,11086
2021.2.27,4234720,3799406,85743,11534
2021.2.28,4246079,3811797,86122,11359
2021.3.1,4257650,3823074,86455,11571
2021.3.2,4268215,3838040,86896,10565
2021.3.3,4278750,3853734,87348,10535
2021.3.4,4290135,3869857,87823,11385
2021.3.5,4301159,3885321,88285,11024
2021.3.6,4312181,3900348,88726,11022
2021.3.7,4322776,3911924,89094,10595
2021.3.8,4333029,3922246,89473,10253
2021.3.9,4342474,3932177,89809,9445
2021.3.10,4351553,3945527,90275,9079
2021.3.11,4360823,3959533,90734,9270
2021.3.12,4370617,3973029,91220,9794
2021.3.13,4380525,3985897,91695,9908
2021.3.14,4390608,3995309,92090,10083
2021.3.15,4400045,4003576,92494,9437
2021.3.16,4409438,4014220,92937,9393
2021.3.17,4418436,4024975,93364,8998
2021.3.18,4428239,4037036,93824,9803
2021.3.19,4437938,4049373,94267,9699
2021.3.20,4447570,4060652,94659,9632
2021.3.21,4456869,4069395,95030,9299
2021.3.22,4466153,4077185,95391,9284
2021.3.23,4474610,4088045,95818,8457
2021.3.24,4483471,4098400,96219,8861
2021.3.25,4492692,4109281,96612,9221
2021.3.26,4501859,4120161,97017,9167
2021.3.27,4510744,4130498,97404,8885
2021.3.28,4519832,4139128,97740,9088
2021.3.29,4528543,4146408,98033,8711
2021.3.30,4536820,4155996,98442,8277
2021.3.31,4545095,4166172,98850,8275
2021.4.1,4554264,4176419,99233,9169
2021.4.2,4563056,4186251,99633,8792
2021.4.3,4572077,4195869,100017,9021
2021.4.4,4580894,4204081,100374,8817
2021.4.5,4589540,4211133,100717,8646
2021.4.6,4597868,4220035,101106,8328
2021.4.7,4606162,4229480,101480,8294
2021.4.8,4614834,4239038,101845,8672
2021.4.9,4623984,4248700,102247,9150
2021.4.10,4632688,4258279,102649,8704
2021.4.11,4641390,4265509,102986,8702
2021.4.12,4649710,4272165,103263,8320
2021.4.13,4657883,4281776,103601,8173
2021.4.14,4666209,4291223,104000,8326
2021.4.15,4675153,4301448,104398,8944
2021.4.16,4684148,4310557,104795,8995
2021.4.17,4693469,4319389,105193,9321
2021.4.18,4702101,4326780,105582,8632
2021.4.19,4710690,4333598,105928,8589
2021.4.20,4718854,4343229,106307,8164
