date,累计确诊,治愈,死亡,新增确诊
2020.4.7,593,42,24,28
2020.4.8,593,42,24,12
2020.4.9,618,48,24,25
2020.4.10,648,62,26,13
2020.4.11,661,62,28,13
2020.4.12,675,68,29,6
2020.4.13,695,81,35,10
2020.4.14,735,105,36,22
2020.4.15,783,122,37,36
2020.4.16,825,141,40,25
2020.4.17,865,153,41,19
2020.4.18,878,153,41,32
2020.4.19,915,167,43,21
2020.4.20,929,167,43,35
2020.4.21,1015,174,47,40
2020.4.22,1081,190,49,57
2020.4.23,1171,193,52,74
2020.4.24,1234,197,54,46
2020.4.25,1290,205,55,43
2020.4.26,1348,205,56,48
2020.4.27,1387,222,58,24
2020.4.28,1437,243,61,38
2020.4.29,1447,243,64,10
2020.4.30,1541,276,66,35
2020.5.1,1555,276,68,14
2020.5.2,1611,308,72,17
2020.5.3,1632,321,74,24
2020.5.4,1689,342,78,37
2020.5.5,1758,360,82,54
2020.5.6,1811,384,84,33
2020.5.7,1865,401,84,36
2020.5.8,1911,422,88,39
2020.5.9,1955,444,90,34
2020.5.10,1990,461,93,16
2020.5.11,2023,476,95,14
2020.5.12,2069,499,96,46
2020.5.13,2100,531,99,31
2020.5.14,2138,545,102,38
2020.5.15,2174,573,105,3
2020.5.16,2211,598,108,36
2020.5.17,2235,612,110,24
2020.5.18,2235,612,110,0
2020.5.19,2259,646,112,24
2020.5.20,2292,684,116,33
2020.5.21,2331,727,120,39
2020.5.22,2372,769,125,41
2020.5.23,2408,808,126,36
2020.5.24,2427,840,130,19
2020.5.25,2433,862,130,6
2020.5.26,2443,880,130,10
2020.5.27,2460,912,133,17
2020.5.28,2477,965,134,17
2020.5.29,2485,1016,136,8
2020.5.30,2499,1064,139,14
2020.5.31,2513,1074,140,14
2020.6.1,2519,1090,140,6
2020.6.2,2538,1123,144,19
2020.6.3,2560,1206,146,22
2020.6.4,2585,1322,147,25
2020.6.5,2627,1390,159,42
2020.6.6,2668,1528,160,41
2020.6.7,2711,1545,160,43
2020.6.8,2727,1548,160,16
2020.6.9,2810,1587,164,83
2020.6.10,2889,1623,167,79
2020.6.11,2993,1664,167,104
2020.6.12,3086,1688,168,93
2020.6.13,3191,1716,172,105
2020.6.14,3266,1723,172,75
2020.6.15,3290,1730,174,24
2020.6.16,3341,1784,176,51
2020.6.17,3453,1817,181,112
2020.6.18,3542,1880,184,89
2020.6.19,3674,1941,190,132
2020.6.20,3755,2008,193,81
2020.6.21,3872,2027,199,117
2020.6.22,3905,2074,199,33
2020.6.23,3984,2171,207,79
2020.6.24,4114,2217,208,130
2020.6.25,4242,2263,209,128
2020.6.26,4408,2370,211,166
2020.6.27,4513,2457,215,105
2020.6.28,4625,2475,216,112
2020.6.29,4691,2508,219,66
2020.6.30,4831,2582,223,140
2020.7.1,4989,2676,230,158
2020.7.2,5154,2722,232,165
2020.7.3,5315,2802,232,161
2020.7.4,5497,2892,239,182
2020.7.5,5677,2898,241,180
2020.7.6,5740,2915,246,63
2020.7.7,5914,3000,250,174
2020.7.8,6102,3037,254,188
2020.7.9,6342,3166,259,240
2020.7.10,6672,3229,262,330
2020.7.11,6964,3308,267,292
2020.7.12,7175,3311,267,211
2020.7.13,7252,3319,268,77
2020.7.14,7411,3517,276,159
2020.7.15,7645,3663,283,234
2020.7.16,7877,3841,289,232
2020.7.17,8144,3927,293,267
2020.7.18,8442,4033,297,298
2020.7.19,8638,4081,299,196
2020.7.20,8733,4106,300,95
2020.7.21,8929,4205,308,196
2020.7.22,9254,4521,313,325
2020.7.23,9584,4643,321,330
2020.7.24,9853,5031,329,269
2020.7.25,10123,5252,337,270
2020.7.26,10312,5306,338,189
2020.7.27,10427,5355,340,115
2020.7.28,10621,5585,347,194
2020.7.29,10871,5766,355,250
2020.7.30,11155,5971,368,284
2020.7.31,11420,6173,374,265
2020.8.1,11690,6319,383,270
2020.8.2,11836,6396,385,146
2020.8.3,11955,6420,388,119
2020.8.4,12159,6684,404,204
2020.8.5,12414,6964,415,255
2020.8.6,12717,7154,424,303
2020.8.7,13014,7374,435,297
2020.8.8,13209,7622,442,195
2020.8.9,13343,7718,445,134
2020.8.10,13396,7772,447,53
2020.8.11,13512,7980,459,116
2020.8.12,13722,8154,471,210
2020.8.13,13893,8479,482,171
2020.8.14,14069,8901,484,176
2020.8.15,14243,9114,492,174
2020.8.16,14333,9161,495,90
2020.8.17,14365,9186,498,32
2020.8.18,14500,9442,512,135
2020.8.19,14669,9699,519,169
2020.8.20,14820,9931,527,151
2020.8.21,14962,10087,532,142
2020.8.22,15131,10282,539,169
2020.8.23,15227,10322,545,96
2020.8.24,15287,10338,545,60
2020.8.25,15386,10497,563,99
2020.8.26,15589,10601,572,203
2020.8.27,15751,10750,586,162
2020.8.28,15908,11044,594,157
2020.8.29,16065,11231,603,157
2020.8.30,16164,11253,605,99
2020.8.31,16190,11313,613,26
2020.9.1,16266,11483,629,76
2020.9.2,16454,11615,642,188
2020.9.3,16617,11760,648,163
2020.9.4,16775,11935,658,158
2020.9.5,16954,12046,665,179
2020.9.6,17050,12132,671,96
2020.9.7,17089,12157,676,39
2020.9.8,17146,12189,677,57
2020.9.9,17313,12297,692,167
2020.9.10,17435,12474,702,122
2020.9.11,17598,12619,706,163
2020.9.12,17799,12750,713,201
2020.9.13,17891,12758,717,92
2020.9.14,17918,12767,720,27
2020.9.15,18061,12930,729,143
2020.9.16,18216,13057,736,155
2020.9.17,18390,13241,739,174
2020.9.18,18544,13391,749,154
2020.9.19,18733,13510,753,189
2020.9.20,18819,13558,755,86
2020.9.21,18863,13580,761,44
2020.9.22,19014,13727,765,151
2020.9.23,19123,13748,767,109
2020.9.24,19283,13867,779,160
2020.9.25,19573,14013,785,290
2020.9.26,19828,14132,789,255
2020.9.27,19997,14160,789,169
2020.9.28,20055,14176,796,58
2020.9.29,20271,14339,807,216
2020.9.30,20547,14489,813,276
2020.10.1,20833,14634,825,286
2020.10.2,21096,14787,832,263
2020.10.3,21336,14939,838,240
2020.10.4,21518,14984,841,182
2020.10.5,21587,15014,844,69
2020.10.6,21870,15179,854,283
2020.10.7,22306,15310,862,436
2020.10.8,22743,15448,873,437
2020.10.9,23259,15563,880,516
2020.10.10,23871,15713,887,612
2020.10.11,24319,15818,891,448
2020.10.12,24402,15847,892,83
2020.10.13,24989,15975,915,587
2020.10.14,25774,16139,923,785
2020.10.15,26593,16489,929,819
2020.10.16,27507,16678,944,914
2020.10.17,28505,16875,958,998
2020.10.18,29108,16912,968,603
2020.10.19,29503,16943,986,395
2020.10.20,30527,17153,1008,1024
2020.10.21,31863,17414,1019,1336
2020.10.22,33335,17598,1048,1472
2020.10.23,34930,17833,1064,1595
2020.10.24,36519,18102,1077,1589
2020.10.25,37562,18232,1084,1043
2020.10.26,37889,18354,1094,327
2020.10.27,40132,18650,1136,2243
2020.10.28,42701,18943,1161,2569
2020.10.29,45461,19159,1197,2760
2020.10.30,48150,19695,1225,2689
2020.10.31,51041,19877,1254,2891
2020.11.1,52844,20045,1279,1803
2020.11.2,54069,20530,1298,1225
2020.11.3,56496,21037,1349,2427
2020.11.4,60537,21544,1412,4041
2020.11.5,64591,21947,1466,4054
2020.11.6,68345,22709,1518,3754
2020.11.7,72184,23436,1576,3839
2020.11.8,74485,23805,1632,2301
2020.11.9,75160,24408,1665,675
2020.11.10,78976,25283,1771,3816
2020.11.11,83366,25799,1851,4390
2020.11.12,87311,26714,1898,3945
2020.11.13,90725,27587,1970,3414
2020.11.14,94937,28269,2055,4212
2020.11.15,97435,28805,2091,2498
2020.11.16,98251,29375,2130,816
2020.11.17,101770,30317,2282,3519
2020.11.18,106598,31536,2413,4828
2020.11.19,110536,32480,2530,3938
2020.11.20,114435,33327,2649,3899
2020.11.21,118418,34388,2778,3983
2020.11.22,120697,35752,2820,2279
2020.11.23,121820,36524,2880,1123
2020.11.24,124966,38226,3069,3146
2020.11.25,129348,40102,3226,4382
2020.11.26,133060,42620,3367,3712
2020.11.27,136628,44875,3529,3568
2020.11.28,139955,46740,3680,3327
2020.11.29,141747,47779,3749,1792
2020.11.30,145300,50565,4035,739
2020.12.1,145300,50565,4035,0
2020.12.2,148775,53000,4188,3475
2020.12.3,151913,55206,4347,3138
2020.12.4,155193,57141,4503,3280
2020.12.5,158807,59677,4650,3614
2020.12.6,160844,60673,4729,2037
2020.12.7,161421,62246,4797,577
2020.12.8,164185,65616,5010,2764
2020.12.9,168165,69028,5156,3980
2020.12.10,171493,72078,5283,3328
2020.12.11,174568,75232,5405,3075
2020.12.12,177665,79522,5562,3097
2020.12.13,178952,81757,5626,1287
2020.12.14,179449,83720,5688,497
2020.12.15,181544,85578,5838,2095
2020.12.16,184287,87935,6005,2743
2020.12.17,186246,90510,6196,1959
2020.12.18,188288,93728,6339,2042
2020.12.19,190027,96622,6496,1739
2020.12.20,191029,98026,6551,1002
2020.12.21,191195,99758,6609,166
2020.12.22,192472,102666,6765,1277
2020.12.23,194271,105090,6879,1799
2020.12.24,195886,106465,6978,1615
2020.12.25,196658,107680,7023,772
2020.12.26,196915,108866,7073,257
2020.12.27,197716,111008,7164,801
2020.12.28,198053,112483,7251,337
2020.12.29,198053,112483,7251,0
2020.12.30,199491,115402,7405,1438
2020.12.31,201220,118335,7515,1729
2021.1.1,202266,119527,7576,1046
2021.1.2,202540,120343,7604,274
2021.1.3,202880,121467,7644,340
2021.1.4,203051,122411,7678,171
2021.1.5,204080,124624,7835,1029
2021.1.6,205390,126766,7902,1310
2021.1.7,206392,128789,7961,1002
2021.1.8,207259,130191,8017,867
2021.1.9,208012,134022,8078,753
2021.1.10,208406,134564,8097,394
2021.1.11,208511,135259,8126,105
2021.1.12,209131,137842,8232,620
2021.1.13,209881,140548,8279,750
2021.1.14,210416,143642,8349,535
2021.1.15,210951,150370,8396,535
2021.1.16,211503,156030,8457,552
2021.1.17,211736,156326,8474,233
2021.1.18,211813,156722,8483,77
2021.1.19,212383,164255,8565,570
2021.1.20,212927,170498,8614,544
2021.1.21,213409,175098,8651,482
2021.1.22,213864,177354,8741,455
2021.1.23,214430,178602,8799,566
2021.1.24,214696,178888,8811,266
2021.1.25,214817,179068,8820,121
2021.1.26,215589,180127,8880,772
2021.1.27,216416,180995,8916,827
2021.1.28,217014,181622,8944,598
2021.1.29,217574,182925,8973,560
2021.1.30,218269,184249,9008,695
2021.1.31,218618,185603,9028,349
2021.2.1,218748,187052,9045,130
2021.2.2,219580,188972,9142,832
2021.2.3,220547,190484,9178,967
2021.2.4,221266,191552,9218,719
2021.2.5,222149,192332,9272,883
2021.2.6,223059,193030,9302,910
2021.2.7,223552,193191,9311,493
2021.2.8,223734,193251,9331,182
2021.2.9,224849,194055,9420,1115
2021.2.10,226061,194514,9482,1212
2021.2.11,226974,195211,9527,913
2021.2.12,228044,195682,9561,1070
2021.2.13,229010,196204,9594,966
2021.2.14,229516,196593,9608,506
2021.2.15,229679,196920,9624,163
2021.2.16,230747,197576,9671,1068
2021.2.17,232096,198324,9703,1349
2021.2.18,233342,198888,9744,1246
2021.2.19,234428,199632,9786,1086
2021.2.20,235891,199978,9821,1463
2021.2.21,236439,200138,9839,548
2021.2.22,236666,200252,9854,227
2021.2.23,238591,201029,9933,1925
2021.2.24,240391,201500,9978,1800
2021.2.25,242124,202005,10026,1733
2021.2.26,243946,202694,10079,1822
2021.2.27,245627,203494,10128,1681
2021.2.28,246706,205137,10167,1079
2021.3.1,247038,205545,10191,332
2021.3.2,249626,206630,10308,2588
2021.3.3,252029,208411,10391,2403
2021.3.4,253183,209000,10413,1154
2021.3.5,255381,210638,10506,2198
2021.3.6,258385,211918,10571,3004
2021.3.7,259811,212502,10593,1426
2021.3.8,260308,212887,10614,497
2021.3.9,263303,214115,10764,2995
2021.3.10,266805,217518,10902,3502
2021.3.11,269579,220049,10999,2774
2021.3.12,272700,221783,11094,3121
2021.3.13,275859,223480,11196,3159
2021.3.14,277878,224598,11234,2019
2021.3.15,278557,225182,11285,679
2021.3.16,283194,227059,11472,4637
2021.3.17,287568,228816,11579,4374
2021.3.18,291769,230457,11715,4201
2021.3.19,295777,232041,11817,4008
2021.3.20,299939,233596,11932,4162
2021.3.21,302480,234237,11966,2541
2021.3.22,303423,234771,12019,943
2021.3.23,307890,237031,12188,4467
2021.3.24,312741,239602,12307,4851
2021.3.25,317116,242311,12413,4375
2021.3.26,321104,244472,12512,3988
2021.3.27,325233,247451,12601,4129
2021.3.28,327770,248904,12650,2537
2021.3.29,328753,249361,12710,983
2021.3.30,333250,252473,12913,4497
2021.3.31,338426,255692,13068,5176
2021.4.1,342633,259561,13197,4207
2021.4.2,346327,262095,13313,3694
2021.4.3,350340,266091,13438,4013
2021.4.4,352259,269575,13507,1919
2021.4.5,352999,270433,13589,740
2021.4.6,356859,273429,13786,3860
2021.4.7,360863,276188,13918,4004
2021.4.8,364419,278665,14034,3556
2021.4.9,367376,281979,14170,2957
2021.4.10,370179,284869,14308,2803
2021.4.11,371531,285799,14351,1352
2021.4.12,371993,286258,14418,462
2021.4.13,375115,289356,14619,3122
2021.4.14,378059,293351,14746,2944
2021.4.15,380576,296998,14871,2517
2021.4.16,382761,300391,14979,2185
2021.4.17,384887,304033,15100,2126
2021.4.18,385963,305237,15138,1076
2021.4.19,386381,306678,15195,418
2021.4.20,388815,310922,15412,2434
