date,累计确诊,治愈,死亡,新增确诊
2020.4.7,1343,179,19,61
2020.4.8,1343,179,19,61
2020.4.9,1407,219,20,64
2020.4.11,1534,323,21,64
2020.4.12,1660,373,23,66
2020.4.13,1704,415,31,54
2020.4.14,1741,473,34,37
2020.4.16,1814,600,36,23
2020.4.17,1832,615,39,18
2020.4.18,1871,709,47,39
2020.4.19,1881,771,47,10
2020.4.20,1908,801,48,27
2020.4.21,1950,869,48,42
2020.4.22,1981,883,50,31
2020.4.23,2009,982,51,28
2020.4.24,2016,1034,54,7
2020.4.25,2030,1103,55,14
2020.4.26,2039,1166,59,9
2020.4.27,2047,1232,63,8
2020.4.28,2062,1288,67,15
2020.4.29,2076,1348,69,14
2020.4.30,2085,1421,75,9
2020.5.1,2088,1463,77,3
2020.5.2,2096,1489,79,8
2020.5.3,2101,1522,80,5
2020.5.4,2112,1560,83,11
2020.5.5,2119,1601,85,7
2020.5.6,2125,1641,86,6
2020.5.7,2161,1689,86,36
2020.5.8,2176,1726,87,15
2020.5.9,2187,1764,90,11
2020.5.10,2196,1784,91,9
2020.5.11,2207,1808,91,11
2020.5.12,2213,1834,94,11
2020.5.13,2221,1850,94,8
2020.5.14,2222,1869,95,1
2020.5.15,2224,1913,95,2
2020.5.16,2226,1936,95,2
2020.5.17,2228,1946,95,2
2020.5.18,2228,1946,95,2
2020.5.19,2232,1967,96,4
2020.5.20,2234,1978,96,2
2020.5.21,2237,1978,97,3
2020.5.22,2243,2011,99,6
2020.5.23,2243,2023,99,0
2020.5.24,2244,2027,99,1
2020.5.25,2244,2035,100,0
2020.5.26,2244,2046,101,0
2020.5.27,2244,2047,101,0
2020.5.28,2245,2051,102,1
2020.5.29,2245,2059,103,0
2020.5.30,2246,2063,103,1
2020.5.31,2246,2072,103,0
2020.6.1,2246,2077,103,0
2020.6.2,2246,2088,103,0
2020.6.3,2246,2095,103,0
2020.6.4,2247,2105,103,1
2020.6.5,2247,2113,103,0
2020.6.6,2247,2121,104,0
2020.6.7,2247,2126,104,0
2020.6.8,2247,2128,104,0
2020.6.9,2247,2130,106,0
2020.6.10,2249,2130,106,2
2020.6.11,2249,2132,106,0
2020.6.12,2249,2133,107,0
2020.6.13,2251,2134,107,2
2020.6.14,2252,2134,107,1
2020.6.15,2254,2140,107,2
2020.6.16,2255,2140,107,1
2020.6.17,2258,2141,107,3
2020.6.18,2269,2142,107,11
2020.6.19,2280,2142,107,11
2020.6.20,2299,2142,107,19
2020.6.21,2317,2142,107,18
2020.6.22,2336,2142,107,19
2020.6.23,2366,2142,107,30
2020.6.24,2388,2145,107,22
2020.6.25,2483,2149,107,95
2020.6.26,2539,2150,107,56
2020.6.27,2624,2152,107,85
2020.6.28,2691,2152,107,67
2020.6.29,2725,2155,107,34
2020.6.30,2777,2155,107,52
2020.7.1,2831,2155,108,54
2020.7.2,2912,2155,110,81
2020.7.3,3008,2168,112,96
2020.7.4,3094,2183,113,86
2020.7.5,3151,2196,113,57
2020.7.6,3220,2210,113,69
2020.7.7,3272,2229,113,52
2020.7.8,3325,2277,114,53
2020.7.9,3416,2323,115,91
2020.7.10,3532,2377,117,116
2020.7.11,3672,2466,118,140
2020.7.12,3722,2486,119,50
2020.7.13,3775,2514,119,53
2020.7.14,3827,2558,120,52
2020.7.15,3953,2629,120,126
2020.7.16,4039,2729,120,86
2020.7.17,4137,2825,120,98
2020.7.18,4253,2929,120,116
2020.7.19,4345,3018,120,92
2020.7.20,4370,3101,122,25
2020.7.21,4422,3183,123,52
2020.7.22,4530,3278,125,108
2020.7.23,4634,3394,128,104
2020.7.24,4715,3555,128,81
2020.7.25,4792,3778,133,77
2020.7.26,4857,3866,136,65
2020.7.27,4881,3936,139,24
2020.7.28,4923,4034,140,42
2020.7.29,4993,4099,141,70
2020.7.30,5071,4178,144,78
2020.7.31,5139,4267,145,68
2020.8.1,5224,4341,145,85
2020.8.2,5260,4373,149,36
2020.8.3,5294,4438,153,34
2020.8.4,5318,4517,154,24
2020.8.5,5376,4589,154,58
2020.8.6,5404,4688,155,28
2020.8.7,5466,4758,155,62
2020.8.8,5543,4817,157,77
2020.8.9,5604,4861,157,61
2020.8.10,5649,4906,158,45
2020.8.11,5740,4962,160,91
2020.8.12,5870,5024,160,130
2020.8.13,6050,5078,161,180
2020.8.14,6258,5134,163,208
2020.8.15,6258,5134,163,0
2020.8.16,6571,5220,166,313
2020.8.17,6656,5254,166,85
2020.8.18,6855,5318,166,199
2020.8.19,7074,5386,168,219
2020.8.20,7329,5472,168,255
2020.8.21,7594,5584,169,265
2020.8.22,7900,5678,170,306
2020.8.23,8175,5801,171,275
2020.8.24,8311,5926,173,136
2020.8.25,8530,6124,175,219
2020.8.26,8888,6362,175,358
2020.8.27,9192,6595,177,304
2020.8.28,9549,6809,180,357
2020.8.29,9861,7024,183,312
2020.8.30,10123,7212,184,262
2020.8.31,10269,7434,186,146
2020.9.1,10414,7735,187,145
2020.9.2,10725,7968,191,311
2020.9.3,11094,8266,194,369
2020.9.4,11428,8530,195,334
2020.9.5,11739,8771,197,311
2020.9.6,11964,9008,198,225
2020.9.7,12081,9266,201,117
2020.9.8,12285,9553,203,204
2020.9.9,12626,9833,206,341
2020.9.10,12917,10142,208,291
2020.9.11,13107,10466,211,190
2020.9.12,13368,10721,218,261
2020.9.13,13533,10899,224,165
2020.9.14,13598,11151,227,65
2020.9.15,13749,11412,230,151
2020.9.16,14029,11690,236,280
2020.9.17,14279,11933,238,250
2020.9.18,14513,12169,244,234
2020.9.19,14725,12353,244,212
2020.9.20,14922,12536,248,197
2020.9.21,14992,12737,253,70
2020.9.22,15136,12987,255,144
2020.9.23,15340,13815,257,204
2020.9.24,15572,14111,261,232
2020.9.25,15795,14303,266,223
2020.9.26,16007,14405,269,212
2020.9.27,16197,14609,272,190
2020.9.28,16245,14793,272,48
2020.9.29,16380,14947,275,135
2020.9.30,16593,15057,280,213
2020.10.1,16827,15218,284,234
2020.10.2,17160,15423,291,333
2020.10.3,17401,15661,293,241
2020.10.4,17659,15849,298,258
2020.10.5,17797,16031,300,138
2020.10.6,18084,16192,304,287
2020.10.7,18447,16308,309,363
2020.10.8,18989,16473,310,542
2020.10.9,19446,16695,313,457
2020.10.10,19932,16953,317,486
2020.10.11,20440,17298,324,508
2020.10.12,20621,17582,327,181
2020.10.13,20993,17889,330,372
2020.10.14,21741,18197,334,748
2020.10.15,22534,18628,344,793
2020.10.16,23665,19087,345,1131
2020.10.17,24761,19562,355,1096
2020.10.18,25580,20053,363,819
2020.10.19,25973,20529,374,393
2020.10.20,26863,20962,382,890
2020.10.21,28287,21435,393,1424
2020.10.22,29850,22064,406,1563
2020.10.23,31717,22910,413,1867
2020.10.24,33959,23785,429,2242
2020.10.25,36380,24799,437,2421
2020.10.26,37208,25837,452,828
2020.10.27,38621,26840,470,1413
2020.10.28,40999,27770,493,2378
2020.10.29,43775,29233,511,2776
2020.10.30,46547,30910,531,2772
2020.10.31,49316,32818,546,2769
2020.11.1,51495,35039,562,2179
2020.11.2,52660,37332,594,1165
2020.11.3,54087,39380,628,1427
2020.11.4,56567,41070,654,2480
2020.11.5,59415,43376,683,2848
2020.11.6,62305,46021,717,2890
2020.11.7,64704,48410,752,2399
2020.11.8,67247,50775,794,2543
2020.11.9,68776,53002,832,1529
2020.11.10,70243,54854,865,1467
2020.11.11,72840,56434,893,2597
2020.11.12,75922,58649,925,3082
2020.11.13,78978,61264,968,3056
2020.11.14,81844,63748,1006,2866
2020.11.15,84206,66231,1049,2362
2020.11.16,85519,68738,1082,1313
2020.11.17,87464,70980,1113,1945
2020.11.18,90715,72673,1151,3251
2020.11.19,93879,74865,1200,3164
2020.11.20,96837,77387,1257,2958
2020.11.21,100410,80027,1304,3573
2020.11.22,103718,82380,1353,3308
2020.11.23,105691,85018,1398,1973
2020.11.24,108014,87408,1445,2323
2020.11.25,111617,89425,1501,3603
2020.11.26,115626,92349,1552,4009
2020.11.27,119706,95698,1600,4080
2020.11.28,123693,98465,1655,3987
2020.11.29,126612,101838,1712,2919
2020.11.30,128442,105199,1786,1830
2020.12.1,131342,108231,1861,2900
2020.12.2,134881,110355,1916,3539
2020.12.3,139415,113509,1964,4534
2020.12.4,143370,117148,2032,3955
2020.12.5,147454,120857,2102,4084
2020.12.6,150353,124439,2174,2899
2020.12.7,152239,127882,2233,1886
2020.12.8,154852,130869,2298,2613
2020.12.9,159372,133255,2367,4520
2020.12.10,163992,136721,2420,4620
2020.12.11,168388,140898,2484,4396
2020.12.12,172523,144691,2562,4135
2020.12.13,175886,148211,2640,3363
2020.12.14,177358,151884,2705,1472
2020.12.15,179718,155079,2778,2360
2020.12.16,183045,157773,2870,3327
2020.12.17,186963,161563,2955,3918
2020.12.18,190235,165915,3023,3272
2020.12.19,192987,169768,3101,2752
2020.12.20,194962,173158,3177,1975
2020.12.21,195728,176366,3257,766
2020.12.22,197323,178880,3328,1595
2020.12.23,200086,180735,3394,2763
2020.12.24,202319,183532,3464,2233
2020.12.25,203962,186553,3548,1643
2020.12.26,204312,189055,3613,350
2020.12.27,205246,193471,3739,934
2020.12.28,205246,193471,3739,0
2020.12.29,206596,195128,3795,1350
2020.12.30,208446,196285,3860,1850
2020.12.31,210837,198018,3920,2391
2021.1.1,212007,199820,3961,1170
2021.1.2,212262,201300,4016,255
2021.1.3,212958,202442,4072,696
2021.1.4,213319,203294,4126,361
2021.1.5,214390,204303,4179,1071
2021.1.6,216286,205078,4223,1896
2021.1.7,216848,206310,4266,562
2021.1.8,217946,207848,4304,1098
2021.1.9,219347,209207,4342,1401
2021.1.10,219993,210126,4368,646
2021.1.11,220223,210844,4403,230
2021.1.12,220982,211633,4446,759
2021.1.13,222117,212345,4472,1135
2021.1.14,223097,213370,4517,980
2021.1.15,223812,214609,4550,715
2021.1.16,224575,215276,4588,763
2021.1.17,224954,216280,4616,379
2021.1.18,225128,217197,4655,174
2021.1.19,225648,217880,4684,520
2021.1.20,226550,218358,4711,902
2021.1.21,227326,219082,4738,776
2021.1.22,227969,219878,4770,643
2021.1.23,228568,220537,4799,599
2021.1.24,228920,221097,4827,352
2021.1.25,229054,221676,4859,134
2021.1.26,229502,222110,4882,448
2021.1.27,230359,222396,4913,857
2021.1.28,230978,222862,4943,619
2021.1.29,231539,223450,4972,561
2021.1.30,232090,224017,4998,551
2021.1.31,232426,224476,5027,336
2021.2.1,232520,224915,5054,94
2021.2.2,232907,225300,5071,387
2021.2.3,233637,225623,5088,730
2021.2.4,234153,226073,5106,516
2021.2.5,234702,226625,5122,549
2021.2.6,235126,227078,5144,424
2021.2.7,235402,227485,5169,276
2021.2.8,235473,227868,5198,71
2021.2.9,235756,228203,5224,283
2021.2.10,236333,228499,5238,577
2021.2.11,236709,228896,5263,376
2021.2.12,237080,229327,5282,371
2021.2.13,237459,229709,5299,379
2021.2.14,237657,230041,5318,198
2021.2.15,237725,230384,5339,68
2021.2.16,237999,230683,5357,274
2021.2.17,238501,230907,5375,502
2021.2.18,238866,231176,5399,365
2021.2.19,239254,231534,5407,388
2021.2.20,239685,231844,5420,431
2021.2.21,239945,232145,5429,260
2021.2.22,240017,232457,5449,72
2021.2.23,240360,232697,5462,343
2021.2.24,241048,232892,5477,688
2021.2.25,241592,233170,5489,544
2021.2.26,242097,233548,5503,505
2021.2.27,242617,233890,5511,520
2021.2.28,242973,234234,5526,356
2021.3.1,243064,234635,5537,91
2021.3.2,243458,235017,5548,394
2021.3.3,244205,235328,5555,747
2021.3.4,244872,235750,5564,667
2021.3.5,245462,236283,5570,590
2021.3.6,246120,236765,5585,658
2021.3.7,246514,237181,5590,394
2021.3.8,246514,237181,5590,0
2021.3.9,247099,238121,5621,585
2021.3.10,248061,238455,5625,962
2021.3.11,248838,238914,5635,777
2021.3.12,249661,239492,5647,823
2021.3.13,250484,240022,5670,823
2021.3.14,251045,240564,5677,561
2021.3.15,251174,241147,5685,129
2021.3.16,251865,241693,5697,691
2021.3.17,253310,242111,5709,1445
2021.3.18,254507,242665,5726,1197
2021.3.19,255619,243450,5743,1112
2021.3.20,256805,244135,5753,1186
2021.3.21,257639,244944,5773,834
2021.3.22,257789,245723,5786,150
2021.3.23,258745,246543,5808,956
2021.3.24,260636,247208,5828,1891
2021.3.25,262309,248064,5838,1673
2021.3.26,264111,249205,5854,1802
2021.3.27,265901,250239,5872,1790
2021.3.28,267222,251237,5893,1321
2021.3.29,267522,252321,5911,300
2021.3.30,269009,253459,5928,1487
2021.3.31,271632,254379,5947,2623
2021.4.1,274054,255639,5967,2422
2021.4.2,276416,257309,5996,2362
2021.4.3,278650,258872,6025,2234
2021.4.4,280026,260536,6058,1376
2021.4.5,280164,262227,6083,138
2021.4.6,280899,263758,6113,735
2021.4.7,282548,265038,6149,1649
2021.4.8,285765,266813,6185,3217
2021.4.9,288364,268929,6235,2599
2021.4.10,290899,270964,6269,2535
2021.4.11,292516,272967,6308,1617
2021.4.12,292938,274761,6333,422
2021.4.13,294874,276420,6358,1936
2021.4.14,297973,277694,6399,3099
2021.4.15,300900,279151,6442,2927
2021.4.16,303598,281059,6486,2698
2021.4.17,306225,283418,6523,2627
2021.4.18,307790,285560,6562,1565
2021.4.19,308200,287787,6601,410
2021.4.20,310306,289664,6643,2106
