date,累计确诊,治愈,死亡,新增确诊
2020.4.11,9,2,1,5
2020.4.19,10,2,1,1
2020.4.24,10,8,1,0
2020.4.29,11,8,1,1
2020.4.30,12,8,1,1
2020.5.2,17,9,1,5
2020.5.7,18,9,1,5
2020.5.8,20,9,1,2
2020.5.11,22,10,1,2
2020.5.12,23,10,1,1
2020.5.16,23,12,1,0
2020.5.18,23,12,1,0
2020.5.19,24,13,1,1
2020.5.20,24,13,1,0
2020.5.21,24,13,1,0
2020.5.22,24,13,1,0
2020.5.23,25,13,1,1
2020.5.24,25,13,1,0
2020.5.25,25,13,1,0
2020.5.26,25,17,1,0
2020.5.27,25,18,1,0
2020.5.28,25,19,1,0
2020.5.29,25,19,1,0
2020.5.30,25,20,1,0
2020.5.31,25,20,1,0
2020.6.1,25,20,1,0
2020.6.2,25,20,1,0
2020.6.3,25,20,1,0
2020.6.4,26,20,1,1
2020.6.5,26,20,1,0
2020.6.6,26,21,1,0
2020.6.7,26,21,1,0
2020.6.8,26,21,1,0
2020.6.9,28,21,1,2
2020.6.10,28,21,1,0
2020.6.11,28,22,1,0
2020.6.12,28,22,1,0
2020.6.13,28,22,1,0
2020.6.14,28,24,1,0
2020.6.15,28,24,1,0
2020.6.16,30,24,1,2
2020.6.17,34,24,1,4
2020.6.18,34,24,1,0
2020.6.19,36,24,1,2
2020.6.20,36,24,1,0
2020.6.21,37,24,2,1
2020.6.22,37,24,2,0
2020.6.23,41,26,2,4
2020.6.24,42,26,2,1
2020.6.25,42,26,2,0
2020.6.26,43,26,2,1
2020.6.27,44,26,2,1
2020.6.28,45,26,2,1
2020.6.29,45,26,2,0
2020.6.30,47,26,2,2
2020.7.1,49,27,2,2
2020.7.2,49,27,2,0
2020.7.3,55,27,2,6
2020.7.4,55,27,2,0
2020.7.5,57,27,2,2
2020.7.6,57,27,2,0
2020.7.7,61,27,3,4
2020.7.8,61,27,3,0
2020.7.9,63,32,3,2
2020.7.10,64,34,3,1
2020.7.11,64,34,3,0
2020.7.12,64,34,3,0
2020.7.13,64,34,3,0
2020.7.14,64,34,3,0
2020.7.15,64,34,3,0
2020.7.16,64,34,3,0
2020.7.17,78,34,3,14
2020.7.18,93,49,4,15
2020.7.19,93,49,4,0
2020.7.20,93,49,4,0
2020.7.21,112,57,4,19
2020.7.22,132,57,5,20
2020.7.23,146,57,5,14
2020.7.24,170,58,5,24
2020.7.25,216,60,6,46
2020.7.26,277,60,6,61
2020.7.27,277,60,6,0
2020.7.28,326,66,8,49
2020.7.29,326,66,8,0
2020.7.30,403,66,8,77
2020.7.31,403,66,8,0
2020.8.1,498,68,9,95
2020.8.2,498,68,9,0
2020.8.3,498,68,9,0
2020.8.4,498,68,9,0
2020.8.5,799,115,16,301
2020.8.6,935,136,16,136
2020.8.7,935,136,16,0
2020.8.8,1090,146,19,155
2020.8.9,1090,146,19,0
2020.8.10,1235,221,23,145
2020.8.11,1346,227,32,111
2020.8.12,1477,247,33,131
2020.8.13,1556,267,43,79
2020.8.14,1623,304,50,67
2020.8.15,1689,347,54,66
2020.8.16,1689,347,54,0
2020.8.17,1872,401,63,183
2020.8.18,1872,401,63,0
2020.8.19,2116,415,63,244
2020.8.20,2401,435,81,285
2020.8.21,2401,435,81,0
2020.8.22,2437,455,84,36
2020.8.23,2437,455,84,0
2020.8.24,2685,490,87,248
2020.8.25,2686,601,90,1
2020.8.26,2686,601,90,0
2020.8.27,2743,638,93,57
2020.8.28,2743,638,93,0
2020.8.29,2895,751,96,152
2020.8.30,2895,751,96,0
2020.8.31,2963,1032,96,68
2020.9.1,2963,1032,96,0
2020.9.2,3029,1032,96,66
2020.9.3,3101,1075,99,72
2020.9.4,3120,1295,99,19
2020.9.5,3150,1315,99,30
2020.9.6,3197,1315,99,47
2020.9.7,3197,1315,99,0
2020.9.8,3197,1315,99,0
2020.9.9,3293,1460,99,96
2020.9.10,3293,1460,99,0
2020.9.11,3362,1582,100,69
2020.9.12,3376,1617,102,14
2020.9.13,3376,1617,102,0
2020.9.14,3405,1723,103,29
2020.9.15,3405,1723,103,0
2020.9.16,3428,1737,105,23
2020.9.17,3440,1851,107,12
2020.9.18,3473,1951,107,33
2020.9.19,3485,1973,108,12
2020.9.20,3526,1992,108,41
2020.9.21,3526,1992,108,0
2020.9.22,3526,1992,108,0
2020.9.23,3540,2002,110,14
2020.9.24,3552,2012,110,12
2020.9.25,3552,2012,110,0
2020.9.26,3555,2034,110,3
2020.9.27,3564,2061,110,9
2020.9.28,3569,2161,111,5
2020.9.29,3569,2161,111,0
2020.9.30,3579,2161,112,10
2020.10.1,3579,2161,112,0
2020.10.2,3584,2216,113,5
2020.10.3,3585,2224,115,1
2020.10.4,3590,2226,115,5
2020.10.5,3594,2226,115,4
2020.10.6,3613,2233,117,19
2020.10.7,3613,2233,117,0
2020.10.8,3617,2437,117,4
2020.10.9,3621,2489,117,4
2020.10.10,3621,2489,117,0
2020.10.11,3632,2543,117,11
2020.10.12,3632,2543,117,0
2020.10.13,3636,2593,118,4
2020.10.14,3642,2595,118,6
2020.10.15,3642,2595,118,0
2020.10.16,3644,2646,118,2
2020.10.17,3649,2649,118,5
2020.10.18,3649,2649,118,0
2020.10.19,3649,2649,118,0
2020.10.20,3649,2649,118,0
2020.10.21,3655,2658,118,6
2020.10.22,3657,2658,118,2
2020.10.23,3659,2660,119,2
2020.10.24,3659,2660,119,0
2020.10.25,3659,2660,119,0
2020.10.26,3660,2660,119,1
2020.10.27,3665,2660,119,5
2020.10.28,3666,2666,119,1
2020.10.29,3666,2666,119,0
2020.10.30,3666,2666,119,0
2020.10.31,3670,2876,119,4
2020.11.1,3672,3196,119,2
2020.11.2,3672,3196,119,0
2020.11.3,3672,3196,119,0
2020.11.4,3679,3494,120,7
2020.11.5,3680,3504,120,1
2020.11.6,3681,3518,120,1
2020.11.7,3684,3527,121,3
2020.11.8,3684,3527,121,0
2020.11.9,3684,3533,121,0
2020.11.10,3696,3543,122,12
2020.11.11,3697,3549,122,1
2020.11.12,3697,3549,122,0
2020.11.13,3698,3557,122,1
2020.11.14,3698,3557,122,0
2020.11.15,3702,3567,122,4
2020.11.16,3702,3571,122,0
2020.11.17,3705,3573,122,3
2020.11.18,3705,3576,122,0
2020.11.19,3705,3578,122,0
2020.11.20,3706,3578,122,1
2020.11.21,3716,3581,122,10
2020.11.22,3726,3582,123,10
2020.11.23,3726,3582,123,0
2020.11.24,3726,3582,123,0
2020.11.25,3726,3585,123,0
2020.11.26,3727,3587,123,1
2020.11.27,3728,3588,123,1
2020.11.28,3731,3590,123,3
2020.11.29,3734,3591,123,3
2020.11.30,3742,3601,123,8
2020.12.1,3742,3601,123,0
2020.12.2,3743,3607,123,1
2020.12.3,3765,3609,123,22
2020.12.4,3767,3610,123,2
2020.12.5,3768,3613,123,1
2020.12.6,3770,3615,123,2
2020.12.7,3770,3615,123,0
2020.12.8,3772,3618,123,2
2020.12.9,3776,3631,123,4
2020.12.10,3776,3631,123,0
2020.12.11,3779,3645,123,3
2020.12.12,3779,3645,123,0
2020.12.13,3779,3645,123,0
2020.12.14,3782,3647,123,3
2020.12.15,3782,3647,123,0
2020.12.16,3785,3653,123,3
2020.12.17,3786,3653,123,1
2020.12.18,3786,3654,123,0
2020.12.19,3786,3654,123,0
2020.12.20,3786,3656,123,0
2020.12.21,3786,3656,123,0
2020.12.22,3786,3656,123,0
2020.12.23,3791,3659,123,5
2020.12.24,3791,3659,123,0
2020.12.25,3791,3659,123,0
2020.12.26,3791,3659,123,0
2020.12.27,3793,3660,123,2
2020.12.28,3793,3660,123,0
2020.12.29,3793,3660,123,0
2020.12.30,3797,3664,124,4
2020.12.31,3797,3664,124,0
2021.1.1,3797,3664,124,0
2021.1.2,3800,3669,124,3
2021.1.3,3800,3669,124,0
2021.1.4,3800,3669,124,0
2021.1.5,3800,3669,124,0
2021.1.6,3812,3677,125,12
2021.1.7,3812,3677,125,0
2021.1.8,3838,3677,125,26
2021.1.9,3838,3677,125,0
2021.1.10,3841,3677,125,3
2021.1.11,3857,3677,125,16
2021.1.12,3857,3677,125,0
2021.1.13,3876,3678,125,19
2021.1.14,3885,3679,125,9
2021.1.15,3893,3689,126,8
2021.1.16,3897,3689,127,4
2021.1.17,3910,3692,127,13
2021.1.18,3910,3692,127,0
2021.1.19,3933,3697,128,23
2021.1.20,3938,3697,128,5
2021.1.21,3938,3697,128,0
2021.1.22,3958,3703,128,20
2021.1.23,3958,3703,128,0
2021.1.24,3958,3703,128,0
2021.1.25,3972,3703,128,14
2021.1.26,4008,3722,128,36
2021.1.27,4012,3753,128,4
2021.1.28,4019,3780,128,7
2021.1.29,4019,3780,128,0
2021.1.30,4090,3792,128,71
2021.1.31,4090,3792,128,0
2021.2.1,4090,3792,128,0
2021.2.2,4139,3803,131,49
2021.2.3,4139,3803,131,0
2021.2.4,4184,3876,132,45
2021.2.5,4184,3876,132,0
2021.2.6,4184,3876,132,0
2021.2.7,4237,3886,134,53
2021.2.8,4237,3886,134,0
2021.2.9,4302,3891,135,65
2021.2.10,4302,3891,135,0
2021.2.11,4302,3891,135,0
2021.2.12,4302,3891,135,0
2021.2.13,4302,3891,135,0
2021.2.14,4302,3891,135,0
2021.2.15,4414,3901,138,112
2021.2.16,4414,3901,138,0
2021.2.17,4469,3912,138,55
2021.2.18,4469,3912,138,0
2021.2.19,4510,3923,139,41
2021.2.20,4543,3933,143,33
2021.2.21,4554,4011,144,11
2021.2.22,4554,4011,144,0
2021.2.23,4554,4011,144,0
2021.2.24,4612,4089,146,58
2021.2.25,4640,4089,147,28
2021.2.26,4671,4089,147,31
2021.2.27,4691,4089,148,20
2021.2.28,4691,4089,148,0
2021.3.1,4712,4089,150,21
2021.3.2,4712,4089,150,0
2021.3.3,4735,4111,151,23
2021.3.4,4735,4111,151,0
2021.3.5,4759,4143,152,24
2021.3.6,4759,4143,152,0
2021.3.7,4759,4143,152,0
2021.3.8,4759,4143,152,0
2021.3.9,4792,4203,153,33
2021.3.10,4792,4203,153,0
2021.3.11,4792,4203,153,0
2021.3.12,4792,4203,153,0
2021.3.13,4939,4360,153,147
2021.3.14,4985,4437,153,46
2021.3.15,4985,4437,153,0
2021.3.16,5019,4525,153,34
2021.3.17,5019,4525,153,0
2021.3.18,5085,4620,158,66
2021.3.19,5122,4686,160,37
2021.3.20,5153,4760,160,31
2021.3.21,5255,4875,161,102
2021.3.22,5255,4875,161,0
2021.3.23,5255,4875,161,0
2021.3.24,5303,4926,161,48
2021.3.25,5303,4926,161,0
2021.3.26,5303,4926,161,0
2021.3.27,5365,4990,163,62
2021.3.28,5401,5030,163,36
2021.3.29,5401,5030,163,0
2021.3.30,5420,5050,164,19
2021.3.31,5447,5060,165,27
2021.4.1,5459,5070,165,12
2021.4.2,5459,5070,165,0
2021.4.3,5459,5070,165,0
2021.4.4,5505,5086,166,46
2021.4.5,5505,5086,166,0
2021.4.6,5505,5086,166,0
2021.4.7,5564,5111,166,59
2021.4.8,5564,5111,166,0
2021.4.9,5564,5111,166,0
2021.4.10,5564,5111,166,0
2021.4.11,5602,5145,168,38
2021.4.12,5602,5145,168,0
2021.4.13,5602,5145,168,0
2021.4.14,5602,5145,168,0
2021.4.15,5682,5165,170,80
2021.4.16,5694,5176,170,12
2021.4.17,5720,5190,170,26
2021.4.18,5720,5190,170,0
2021.4.19,5720,5190,170,0
2021.4.20,5720,5190,170,0
2021.4.21,5784,5225,170,64
