date,累计确诊,治愈,死亡,新增确诊
2020.3.17,220,1,0,40
2020.3.28,963,97,2,73
2020.4.7,1616,633,6,24
2020.4.8,1616,633,6,30
2020.4.9,1648,688,6,32
2020.4.10,1675,751,7,27
2020.4.11,1689,841,7,14
2020.4.12,1701,889,8,12
2020.4.13,1711,933,8,10
2020.4.14,1727,1077,8,7
2020.4.16,1739,1144,8,12
2020.4.17,1760,1291,9,6
2020.4.19,1771,1291,9,11
2020.4.20,1778,1417,10,5
2020.4.21,1785,1462,10,7
2020.4.22,1789,1509,10,4
2020.4.24,1790,1570,10,1
2020.4.25,1792,1608,10,2
2020.4.27,1792,1624,10,3
2020.4.28,1797,1656,10,2
2020.4.30,1798,1689,10,1
2020.5.2,1799,1717,10,1
2020.5.7,1801,1755,10,2
2020.5.12,1802,1780,10,1
2020.5.16,1802,1786,10,0
2020.5.18,1802,1786,10,0
2020.5.19,1802,1789,10,0
2020.5.20,1803,1789,10,1
2020.5.21,1803,1789,10,0
2020.5.22,1803,1791,10,0
2020.5.23,1804,1791,10,1
2020.5.24,1804,1791,10,0
2020.5.25,1804,1791,10,0
2020.5.26,1804,1792,10,0
2020.5.27,1805,1792,10,1
2020.5.28,1805,1792,10,0
2020.5.29,1805,1794,10,0
2020.5.30,1806,1794,10,1
2020.5.31,1806,1794,10,0
2020.6.1,1806,1794,10,0
2020.6.2,1806,1794,10,0
2020.6.3,1806,1794,10,0
2020.6.4,1806,1794,10,0
2020.6.5,1806,1794,10,0
2020.6.6,1806,1794,10,0
2020.6.7,1807,1794,10,1
2020.6.8,1807,1794,10,0
2020.6.9,1807,1794,10,0
2020.6.10,1807,1794,10,0
2020.6.11,1807,1794,10,0
2020.6.12,1807,1794,10,0
2020.6.13,1808,1794,10,1
2020.6.14,1810,1796,10,2
2020.6.15,1810,1796,10,0
2020.6.16,1812,1796,10,2
2020.6.17,1815,1797,10,3
2020.6.18,1816,1801,10,1
2020.6.19,1819,1801,10,3
2020.6.20,1822,1801,10,3
2020.6.21,1823,1805,10,1
2020.6.22,1823,1805,10,0
2020.6.23,1824,1806,10,1
2020.6.24,1824,1806,10,0
2020.6.25,1830,1811,10,6
2020.6.26,1832,1813,10,2
2020.6.27,1836,1814,10,4
2020.6.28,1836,1814,10,0
2020.6.29,1838,1816,10,2
2020.6.30,1842,1819,10,4
2020.7.1,1847,1823,10,5
2020.7.2,1850,1828,10,3
2020.7.3,1855,1828,10,5
2020.7.4,1855,1832,10,0
2020.7.5,1860,1833,10,5
2020.7.6,1866,1840,10,6
2020.7.7,1873,1847,10,7
2020.7.8,1880,1850,10,7
2020.7.9,1882,1854,10,2
2020.7.10,1882,1854,10,0
2020.7.11,1888,1860,10,6
2020.7.12,1896,1865,10,8
2020.7.13,1900,1871,10,4
2020.7.14,1905,1882,10,5
2020.7.15,1911,1885,10,6
2020.7.16,1914,1892,10,3
2020.7.17,1916,1895,10,2
2020.7.18,1922,1902,10,6
2020.7.19,1930,1907,10,8
2020.7.20,1930,1907,10,0
2020.7.21,1930,1907,10,0
2020.7.22,1840,1822,10,0
2020.7.23,1841,1823,10,1
2020.7.24,1843,1823,10,2
2020.7.25,1843,1823,10,0
2020.7.26,1847,1823,10,4
2020.7.27,1847,1823,10,0
2020.7.28,1857,1823,10,10
2020.7.29,1861,1823,10,4
2020.7.30,1872,1823,10,11
2020.7.31,1885,1825,10,13
2020.8.1,1893,1825,10,8
2020.8.2,1907,1825,10,14
2020.8.3,1915,1825,10,8
2020.8.4,1918,1825,10,3
2020.8.5,1926,1825,10,8
2020.8.6,1930,1825,10,4
2020.8.7,1952,1833,10,22
2020.8.8,1955,1833,10,3
2020.8.9,1958,1834,10,3
2020.8.10,1962,1838,10,4
2020.8.11,1968,1844,10,6
2020.8.12,1972,1847,10,4
2020.8.13,1976,1852,10,4
2020.8.14,1983,1861,10,7
2020.8.15,1999,1870,10,16
2020.8.16,2011,1880,10,12
2020.8.17,2014,1888,10,3
2020.8.18,2014,1888,10,0
2020.8.19,2027,1895,10,13
2020.8.20,2040,1913,10,13
2020.8.21,2050,1920,10,10
2020.8.22,2058,1936,10,8
2020.8.23,2064,1939,10,6
2020.8.24,2073,1946,10,9
2020.8.25,2077,1953,10,4
2020.8.26,2082,1957,10,5
2020.8.27,2087,1964,10,5
2020.8.28,2092,1964,10,5
2020.8.29,2100,1979,10,8
2020.8.30,2105,1990,10,5
2020.8.31,2107,1997,10,2
2020.9.1,2116,2007,10,9
2020.9.2,2121,2016,10,5
2020.9.3,2128,2023,10,7
2020.9.4,2135,2029,10,7
2020.9.5,2136,2038,10,1
2020.9.6,2136,2038,10,0
2020.9.7,2141,2050,10,5
2020.9.8,2143,2057,10,2
2020.9.9,2153,2067,10,10
2020.9.10,2157,2072,10,4
2020.9.11,2161,2079,10,4
2020.9.12,2161,2079,10,0
2020.9.13,2165,2092,10,4
2020.9.14,2168,2095,10,3
2020.9.15,2174,2102,10,6
2020.9.16,2189,2104,10,15
2020.9.17,2189,2104,10,0
2020.9.18,2230,2112,10,41
2020.9.19,2307,2116,10,77
2020.9.20,2346,2121,10,39
2020.9.21,2377,2125,10,31
2020.9.22,2419,2130,10,42
2020.9.23,2476,2142,10,57
2020.9.24,2512,2150,10,36
2020.9.25,2561,2151,10,49
2020.9.26,2561,2151,10,0
2020.9.27,2623,2158,10,62
2020.9.28,2663,2161,10,40
2020.9.29,2663,2161,10,0
2020.9.30,2728,2167,10,65
2020.10.1,2769,2177,10,41
2020.10.2,2809,2194,10,40
2020.10.3,2872,2212,10,63
2020.10.4,2921,2277,10,49
2020.10.5,2980,2300,10,59
2020.10.6,3081,2324,10,101
2020.10.7,3172,2366,10,91
2020.10.8,3267,2411,10,95
2020.10.9,3373,2448,10,106
2020.10.10,3460,2466,10,87
2020.10.11,3526,2499,10,66
2020.10.12,3582,2550,10,56
2020.10.13,3668,2587,10,86
2020.10.14,3757,2615,10,89
2020.10.15,3837,2657,10,80
2020.10.16,3929,2713,11,92
2020.10.17,3998,2745,11,69
2020.10.18,4055,2804,11,57
2020.10.19,4101,2856,11,46
2020.10.20,4193,2930,11,92
2020.10.21,4230,3013,11,37
2020.10.22,4268,3098,11,38
2020.10.23,4308,3187,11,40
2020.10.24,4394,3302,11,86
2020.10.25,4448,3395,11,54
2020.10.26,4504,3463,11,56
2020.10.27,4574,3515,11,70
2020.10.28,4671,3598,12,97
2020.10.29,4719,3701,12,48
2020.10.30,4797,3788,13,78
2020.10.31,4865,3873,13,68
2020.11.1,4890,3948,15,25
2020.11.2,4931,4010,16,41
2020.11.3,4958,4081,16,27
2020.11.4,4989,4174,17,31
2020.11.5,5017,4237,18,28
2020.11.6,5039,4286,18,22
2020.11.7,5063,4335,18,24
2020.11.8,5078,4423,20,15
2020.11.9,5101,4456,23,23
2020.11.10,5114,4521,24,13
2020.11.11,5142,4576,24,28
2020.11.12,5142,4576,24,0
2020.11.13,5160,4663,25,18
2020.11.14,5186,4767,25,26
2020.11.15,5186,4767,25,0
2020.11.16,5205,4840,25,19
2020.11.17,5215,4888,25,10
2020.11.18,5226,4934,25,11
2020.11.19,5231,4973,25,5
2020.11.20,5251,4993,26,20
2020.11.21,5269,5019,26,18
2020.11.22,5277,5046,26,8
2020.11.23,5289,5065,26,12
2020.11.24,5298,5086,26,9
2020.11.25,5312,5110,26,14
2020.11.26,5312,5110,26,0
2020.11.27,5346,5144,26,34
2020.11.28,5371,5152,26,25
2020.11.29,5381,5168,26,10
2020.11.30,5392,5179,26,11
2020.12.1,5413,5187,27,21
2020.12.2,5413,5187,27,0
2020.12.3,5448,5216,27,35
2020.12.4,5462,5223,27,14
2020.12.5,5476,5253,27,14
2020.12.6,5482,5269,27,6
2020.12.7,5496,5272,27,14
2020.12.8,5506,5292,28,10
2020.12.9,5516,5302,28,10
2020.12.10,5524,5313,28,8
2020.12.11,5539,5323,28,15
2020.12.12,5552,5346,28,13
2020.12.13,5557,5366,28,5
2020.12.14,5564,5392,28,7
2020.12.15,5571,5401,28,7
2020.12.16,5578,5421,28,7
2020.12.17,5588,5423,28,10
2020.12.18,5604,5449,28,16
2020.12.19,5621,5467,28,17
2020.12.20,5642,5478,28,21
2020.12.21,5656,5487,28,14
2020.12.22,5667,5500,28,11
2020.12.23,5683,5506,28,16
2020.12.24,5683,5506,28,0
2020.12.25,5683,5506,28,0
2020.12.26,5683,5506,28,0
2020.12.27,5726,5555,28,43
2020.12.28,5726,5555,28,0
2020.12.29,5736,5566,28,10
2020.12.30,5754,5578,29,18
2020.12.31,5754,5578,29,0
2021.1.1,5754,5578,29,0
2021.1.2,5754,5578,29,0
2021.1.3,5754,5578,29,0
2021.1.4,5795,5665,29,41
2021.1.5,5811,5671,29,16
2021.1.6,5832,5676,29,21
2021.1.7,5845,5690,29,13
2021.1.8,5867,5704,29,22
2021.1.9,5880,5706,29,13
2021.1.10,5890,5718,29,10
2021.1.11,5898,5726,29,8
2021.1.12,5912,5734,29,14
2021.1.13,5935,5742,29,23
2021.1.14,5948,5749,29,13
2021.1.15,5956,5767,29,8
2021.1.16,5956,5767,29,0
2021.1.17,5956,5767,29,0
2021.1.18,5970,5798,29,14
2021.1.19,5970,5814,29,0
2021.1.20,5975,5830,29,5
2021.1.21,5981,5846,29,6
2021.1.22,5981,5868,29,0
2021.1.23,5981,5868,29,0
2021.1.24,5981,5868,29,0
2021.1.25,5990,5900,29,9
2021.1.26,5992,5904,29,2
2021.1.27,6000,5915,29,8
2021.1.28,6001,5925,29,1
2021.1.29,6002,5930,29,1
2021.1.30,6002,5930,29,0
2021.1.31,6002,5930,29,0
2021.2.1,6009,5939,29,7
2021.2.2,6011,5942,29,2
2021.2.3,6013,5946,29,2
2021.2.4,6016,5954,29,3
2021.2.5,6021,5959,29,5
2021.2.6,6021,5959,29,0
2021.2.7,6021,5959,29,0
2021.2.8,6020,5963,29,0
2021.2.9,6025,5968,29,5
2021.2.10,6026,5973,29,1
2021.2.11,6026,5976,29,0
2021.2.12,6033,5978,29,7
2021.2.13,6033,5978,29,0
2021.2.14,6033,5978,29,0
2021.2.15,6039,5984,29,6
2021.2.16,6039,5986,29,0
2021.2.17,6044,5986,29,5
2021.2.18,6044,5986,29,0
2021.2.19,6045,5989,29,1
2021.2.20,6045,5989,29,0
2021.2.21,6045,5989,29,0
2021.2.22,6045,5989,29,0
2021.2.23,6049,6003,29,4
2021.2.24,6049,6004,29,0
2021.2.25,6049,6004,29,0
2021.2.26,6049,6006,29,0
2021.2.27,6049,6006,29,0
2021.2.28,6049,6006,29,0
2021.3.1,6054,6012,29,5
2021.3.2,6055,6017,29,1
2021.3.3,6058,6018,29,3
2021.3.4,6058,6018,29,0
2021.3.5,6059,6020,29,1
2021.3.6,6059,6020,29,0
2021.3.7,6059,6020,29,0
2021.3.8,6064,6020,29,5
2021.3.9,6067,6022,29,3
2021.3.10,6069,6023,29,2
2021.3.11,6070,6023,29,1
2021.3.12,6072,6023,29,2
2021.3.13,6072,6023,29,0
2021.3.14,6072,6023,29,0
2021.3.15,6083,6027,29,11
2021.3.16,6087,6028,29,4
2021.3.17,6087,6028,29,0
2021.3.18,6091,6030,29,4
2021.3.19,6091,6030,29,0
2021.3.20,6097,6033,29,6
2021.3.21,6097,6033,29,0
2021.3.22,6119,6035,29,22
2021.3.23,6122,6036,29,3
2021.3.24,6144,6040,29,22
2021.3.25,6158,6040,29,14
2021.3.26,6163,6039,29,5
2021.3.27,6163,6039,29,0
2021.3.28,6163,6039,29,0
2021.3.29,6163,6039,29,0
2021.3.30,6194,6056,29,31
2021.3.31,6205,6058,29,11
2021.4.1,6205,6058,29,0
2021.4.2,6205,6058,29,0
2021.4.3,6225,6072,29,20
2021.4.4,6225,6072,29,0
2021.4.5,6225,6072,29,0
2021.4.6,6241,6089,29,16
2021.4.7,6251,6090,29,10
2021.4.8,6256,6117,29,5
2021.4.9,6258,6126,29,2
2021.4.10,6258,6126,29,0
2021.4.11,6258,6126,29,0
2021.4.12,6267,6140,29,9
2021.4.13,6274,6152,29,7
2021.4.14,6275,6163,29,1
2021.4.15,6279,6170,29,4
2021.4.16,6286,6184,29,7
2021.4.17,6286,6184,29,0
2021.4.18,6286,6184,29,0
2021.4.19,6329,6203,29,43
2021.4.20,6350,6208,29,21
