date,累计确诊,治愈,死亡,新增确诊
2020.4.9,36,0,0,3
2020.4.10,38,0,0,2
2020.4.11,39,3,0,1
2020.4.14,43,3,0,5
2020.4.17,46,3,0,3
2020.4.22,52,3,0,2
2020.4.25,53,3,1,1
2020.4.27,73,18,1,20
2020.4.29,205,19,1,132
2020.5.1,257,19,1,52
2020.5.5,475,24,2,62
2020.5.7,564,25,2,89
2020.5.12,820,26,3,59
2020.5.13,836,26,3,16
2020.5.14,913,26,3,77
2020.5.15,913,26,3,0
2020.5.16,969,26,4,56
2020.5.17,990,26,4,21
2020.5.18,990,26,4,0
2020.5.19,1032,38,4,42
2020.5.20,1038,42,6,6
2020.5.21,1089,42,6,51
2020.5.22,1109,42,6,20
2020.5.23,1114,42,6,5
2020.5.24,1114,42,6,0
2020.5.25,1114,42,6,0
2020.5.26,1178,42,7,64
2020.5.27,1178,42,7,0
2020.5.28,1195,42,7,17
2020.5.29,1195,42,8,0
2020.5.30,1256,42,8,61
2020.5.31,1256,42,8,0
2020.6.1,1256,42,8,0
2020.6.2,1339,53,8,83
2020.6.3,1339,53,8,0
2020.6.4,1339,53,8,0
2020.6.5,1339,53,8,0
2020.6.6,1368,153,12,29
2020.6.7,1368,153,12,0
2020.6.8,1368,153,12,0
2020.6.9,1389,153,12,21
2020.6.10,1389,153,12,0
2020.6.11,1389,153,12,0
2020.6.12,1389,153,12,0
2020.6.13,1460,153,15,71
2020.6.14,1460,153,15,0
2020.6.15,1460,153,15,0
2020.6.16,1492,153,15,32
2020.6.17,1492,153,15,0
2020.6.18,1492,153,15,0
2020.6.19,1492,153,15,0
2020.6.20,1541,153,17,49
2020.6.21,1541,153,17,0
2020.6.22,1541,153,17,0
2020.6.23,1556,191,19,15
2020.6.24,1556,191,19,0
2020.6.25,1556,191,19,0
2020.6.26,1556,191,19,0
2020.6.27,1614,191,22,58
2020.6.28,1614,317,22,0
2020.6.29,1614,317,22,0
2020.6.30,1654,317,24,40
2020.7.1,1654,317,24,0
2020.7.2,1654,317,24,0
2020.7.3,1654,317,24,0
2020.7.4,1765,676,25,111
2020.7.5,1765,676,25,0
2020.7.6,1765,676,25,0
2020.7.7,1790,760,25,25
2020.7.8,1790,760,25,0
2020.7.9,1790,760,25,0
2020.7.10,1790,760,25,0
2020.7.11,1842,773,26,52
2020.7.12,1842,773,26,0
2020.7.13,1842,773,26,0
2020.7.14,1842,773,26,0
2020.7.15,1842,773,26,0
2020.7.16,1902,773,26,60
2020.7.17,1927,773,26,25
2020.7.18,1927,773,26,0
2020.7.19,1949,803,26,22
2020.7.20,1949,803,26,0
2020.7.21,1949,803,26,0
2020.7.22,1954,803,26,5
2020.7.23,1954,803,26,0
2020.7.24,1954,803,26,0
2020.7.25,1954,803,26,0
2020.7.26,1954,803,26,0
2020.7.27,1954,803,26,0
2020.7.28,1954,803,26,0
2020.7.29,1954,803,26,0
2020.7.30,1954,803,26,0
2020.7.31,1981,803,26,27
2020.8.1,1981,803,26,0
2020.8.2,1981,803,27,0
2020.8.3,1981,803,27,0
2020.8.4,1981,803,27,0
2020.8.5,1981,803,27,0
2020.8.6,2032,944,27,51
2020.8.7,2032,944,27,0
2020.8.8,2032,944,27,0
2020.8.9,2052,944,29,20
2020.8.10,2052,944,29,0
2020.8.11,2088,1015,29,36
2020.8.12,2088,1015,29,0
2020.8.13,2088,1015,29,0
2020.8.14,2088,1015,29,0
2020.8.15,2088,1015,29,0
2020.8.16,2117,1015,33,29
2020.8.17,2117,1015,33,0
2020.8.18,2117,1015,33,0
2020.8.19,2117,1015,33,0
2020.8.20,2117,1015,33,0
2020.8.21,2149,1015,33,32
2020.8.22,2149,1015,33,0
2020.8.23,2149,1015,33,0
2020.8.24,2149,1015,33,0
2020.8.25,2149,1015,33,0
2020.8.26,2149,1015,33,0
2020.8.27,2205,1127,34,56
2020.8.28,2205,1127,34,0
2020.8.29,2205,1127,34,0
2020.8.30,2205,1127,34,0
2020.8.31,2205,1127,34,0
2020.9.1,2205,1127,34,0
2020.9.2,2205,1127,34,0
2020.9.3,2205,1127,34,0
2020.9.4,2205,1127,34,0
2020.9.5,2245,1127,38,40
2020.9.6,2245,1127,38,0
2020.9.7,2245,1127,38,0
2020.9.8,2245,1127,38,0
2020.9.9,2245,1127,38,0
2020.9.10,2245,1127,38,0
2020.9.11,2275,1127,39,30
2020.9.12,2275,1127,39,0
2020.9.13,2275,1127,39,0
2020.9.14,2275,1127,39,0
2020.9.15,2275,1127,39,0
2020.9.16,2275,1127,39,0
2020.9.17,2275,1127,39,0
2020.9.18,2275,1127,39,0
2020.9.19,2303,1127,39,28
2020.9.20,2303,1127,39,0
2020.9.21,2303,1127,39,0
2020.9.22,2303,1127,39,0
2020.9.23,2324,1549,39,21
2020.9.24,2324,1549,39,0
2020.9.25,2324,1549,39,0
2020.9.26,2324,1549,39,0
2020.9.27,2324,1549,39,0
2020.9.28,2324,1549,39,0
2020.9.29,2324,1549,39,0
2020.9.30,2324,1549,39,0
2020.10.1,2324,1549,39,0
2020.10.2,2324,1549,39,0
2020.10.3,2362,1549,39,38
2020.10.4,2362,1549,39,0
2020.10.5,2362,1549,39,0
2020.10.6,2385,1728,40,23
2020.10.7,2385,1728,40,0
2020.10.8,2385,1728,40,0
2020.10.9,2385,1728,40,0
2020.10.10,2385,1728,40,0
2020.10.11,2385,1728,40,0
2020.10.12,2385,1728,40,0
2020.10.13,2389,1782,41,4
2020.10.14,2389,1782,41,0
2020.10.15,2389,1782,41,0
2020.10.16,2389,1782,41,0
2020.10.17,2389,1782,41,0
2020.10.18,2389,1782,41,0
2020.10.19,2389,1782,41,0
2020.10.20,2403,1818,41,14
2020.10.21,2403,1818,41,0
2020.10.22,2403,1818,41,0
2020.10.23,2403,1818,41,0
2020.10.24,2403,1818,41,0
2020.10.25,2403,1818,41,0
2020.10.26,2403,1818,41,0
2020.10.27,2403,1818,41,0
2020.10.28,2403,1818,41,0
2020.10.29,2403,1818,41,0
2020.10.30,2403,1818,41,0
2020.10.31,2403,1818,41,0
2020.11.1,2413,1818,41,10
2020.11.2,2413,1818,41,0
2020.11.3,2413,1818,41,0
2020.11.4,2413,1818,41,0
2020.11.5,2414,1862,42,1
2020.11.6,2414,1862,42,0
2020.11.7,2414,1862,42,0
2020.11.8,2414,1862,42,0
2020.11.9,2414,1862,42,0
2020.11.10,2419,2255,43,5
2020.11.11,2419,2255,43,0
2020.11.12,2419,2255,43,0
2020.11.13,2419,2255,43,0
2020.11.14,2419,2255,43,0
2020.11.15,2419,2255,43,0
2020.11.16,2419,2255,43,0
2020.11.17,2419,2255,43,0
2020.11.18,2421,2286,43,2
2020.11.19,2421,2286,43,0
2020.11.20,2421,2286,43,0
2020.11.21,2421,2286,43,0
2020.11.22,2421,2286,43,0
2020.11.23,2421,2286,43,0
2020.11.24,2422,2309,43,1
2020.11.25,2422,2309,43,0
2020.11.26,2422,2309,43,0
2020.11.27,2422,2309,43,0
2020.11.28,2422,2309,43,0
2020.11.29,2422,2309,43,0
2020.11.30,2441,2327,44,19
2020.12.1,2441,2327,44,0
2020.12.2,2441,2327,44,0
2020.12.3,2441,2327,44,0
2020.12.4,2441,2327,44,0
2020.12.5,2441,2327,44,0
2020.12.6,2441,2327,44,0
2020.12.7,2441,2327,44,0
2020.12.8,2444,2337,44,3
2020.12.9,2444,2337,44,0
2020.12.10,2444,2337,44,0
2020.12.11,2444,2337,44,0
2020.12.12,2444,2337,44,0
2020.12.13,2444,2337,44,0
2020.12.14,2444,2337,44,0
2020.12.15,2444,2337,44,0
2020.12.16,2447,2378,44,3
2020.12.17,2447,2378,44,0
2020.12.18,2447,2378,44,0
2020.12.19,2447,2378,44,0
2020.12.20,2447,2378,44,0
2020.12.21,2447,2378,44,0
2020.12.22,2447,2378,44,0
2020.12.23,2447,2386,45,0
2020.12.24,2447,2386,45,0
2020.12.25,2447,2386,45,0
2020.12.26,2447,2386,45,0
2020.12.27,2447,2386,45,0
2020.12.28,2447,2386,45,0
2020.12.29,2447,2386,45,0
2020.12.30,2452,2397,45,5
2020.12.31,2452,2397,45,0
2021.1.1,2452,2397,45,0
2021.1.2,2452,2397,45,0
2021.1.3,2452,2397,45,0
2021.1.4,2455,2398,45,3
2021.1.5,2455,2398,45,0
2021.1.6,2455,2398,45,0
2021.1.7,2455,2398,45,0
2021.1.8,2455,2398,45,0
2021.1.9,2455,2398,45,0
2021.1.10,2455,2398,45,0
2021.1.11,2478,2400,45,23
2021.1.12,2478,2400,45,0
2021.1.13,2478,2400,45,0
2021.1.14,2478,2400,45,0
2021.1.15,2478,2400,45,0
2021.1.16,2478,2400,45,0
2021.1.17,2478,2400,45,0
2021.1.18,2509,2405,45,31
2021.1.19,2510,2405,45,1
2021.1.20,2510,2405,45,0
2021.1.21,2510,2405,45,0
2021.1.22,2510,2405,45,0
2021.1.23,2510,2405,45,0
2021.1.24,2532,2421,45,22
2021.1.25,2532,2421,45,0
2021.1.26,2532,2421,45,0
2021.1.27,2532,2421,45,0
2021.1.28,2532,2421,45,0
2021.1.29,2532,2421,45,0
2021.1.30,2532,2421,45,0
2021.1.31,2532,2421,45,0
2021.2.1,2634,2427,45,102
2021.2.2,2634,2427,45,0
2021.2.3,2634,2427,45,0
2021.2.4,2662,2427,45,28
2021.2.5,2662,2427,46,0
2021.2.6,2752,2427,46,90
2021.2.7,2772,2427,46,20
2021.2.8,2780,2427,46,8
2021.2.9,2780,2427,46,0
2021.2.10,2810,2432,46,30
2021.2.11,2826,2432,46,16
2021.2.12,2848,2432,46,22
2021.2.13,2869,2432,46,21
2021.2.14,2885,2432,46,16
2021.2.15,2924,2464,46,39
2021.2.16,2924,2464,46,0
2021.2.17,2950,2468,46,26
2021.2.18,2999,2482,46,49
2021.2.19,3025,2487,46,26
2021.2.20,3064,2492,46,39
2021.2.21,3091,2500,46,27
2021.2.22,3115,2555,47,24
2021.2.23,3156,2560,47,41
2021.2.24,3171,2578,48,15
2021.2.25,3171,2578,48,0
2021.2.26,3215,2587,48,44
2021.2.27,3241,2597,48,26
2021.2.28,3262,2613,48,21
2021.3.1,3262,2613,48,0
2021.3.2,3262,2613,48,0
2021.3.3,3271,2615,48,9
2021.3.4,3282,2624,48,11
2021.3.5,3301,2655,49,19
2021.3.6,3303,2667,49,2
2021.3.7,3312,2668,49,9
2021.3.8,3312,2671,49,0
2021.3.9,3312,2671,49,0
2021.3.10,3319,2686,49,7
2021.3.11,3327,2696,51,8
2021.3.12,3380,2708,51,53
2021.3.13,3398,2728,52,18
2021.3.14,3436,2744,52,38
2021.3.15,3447,2755,52,11
2021.3.16,3447,2755,52,0
2021.3.17,3469,2776,52,22
2021.3.18,3488,2791,54,19
2021.3.19,3518,2806,54,30
2021.3.20,3536,2824,55,18
2021.3.21,3558,2837,55,22
2021.3.22,3568,2870,55,10
2021.3.23,3568,2870,55,0
2021.3.24,3586,2891,56,18
2021.3.25,3591,2901,56,5
2021.3.26,3607,2911,61,16
2021.3.27,3615,2921,61,8
2021.3.28,3630,2930,61,15
2021.3.29,3634,2940,61,4
2021.3.30,3634,2940,61,0
2021.3.31,3647,2950,61,13
2021.4.1,3650,2972,63,3
2021.4.2,3661,2982,63,11
2021.4.3,3661,2992,65,0
2021.4.4,3661,3002,65,0
2021.4.5,3662,3012,66,1
2021.4.6,3662,3012,66,0
2021.4.7,3662,3022,66,0
2021.4.8,3663,3032,66,1
2021.4.9,3664,3042,66,1
2021.4.10,3675,3049,66,11
2021.4.11,3678,3059,66,3
2021.4.12,3680,3069,66,2
2021.4.13,3680,3069,66,0
2021.4.14,3693,3083,66,13
2021.4.15,3694,3093,66,1
2021.4.16,3706,3106,66,12
2021.4.17,3710,3117,66,4
2021.4.18,3710,3117,66,0
2021.4.19,3712,3142,66,2
2021.4.20,3712,3142,66,0
