date,累计确诊,治愈,死亡,新增确诊
2020.4.7,183,10,20,3
2020.4.8,207,10,20,24
2020.4.9,215,13,20,35
2020.4.10,223,16,20,8
2020.4.12,235,17,20,1
2020.4.13,241,20,20,6
2020.4.14,254,21,21,13
2020.4.15,267,23,22,13
2020.4.16,287,25,23,20
2020.4.17,307,26,25,20
2020.4.19,332,27,25,5
2020.4.20,350,35,25,18
2020.4.21,359,45,25,9
2020.4.22,377,47,25,18
2020.4.23,394,48,25,17
2020.4.24,416,49,28,22
2020.4.25,442,50,28,26
2020.4.26,459,50,28,17
2020.4.27,471,56,30,12
2020.4.28,491,59,30,20
2020.4.29,500,65,31,9
2020.4.30,572,73,31,72
2020.5.1,604,75,32,32
2020.5.2,674,75,33,70
2020.5.3,682,80,34,8
2020.5.4,705,90,34,23
2020.5.5,797,92,35,92
2020.5.6,863,103,36,66
2020.5.7,897,119,36,34
2020.5.8,937,130,39,74
2020.5.10,991,136,41,54
2020.5.11,1102,146,44,33
2020.5.12,1169,146,50,33
2020.5.13,1242,157,50,73
2020.5.14,1298,212,50,56
2020.5.15,1370,229,61,72
2020.5.16,1455,270,61,157
2020.5.17,1455,270,61,0
2020.5.18,1455,270,61,0
2020.5.19,1538,272,61,83
2020.5.20,1731,302,61,193
2020.5.21,1835,303,61,104
2020.5.22,1945,312,63,110
2020.5.23,2025,312,63,80
2020.5.24,2141,317,63,116
2020.5.25,2141,317,63,0
2020.5.26,2403,340,68,262
2020.5.27,2546,365,68,143
2020.5.28,2660,381,69,114
2020.5.29,2833,400,69,173
2020.5.30,2966,428,69,133
2020.5.31,3070,448,72,104
2020.6.1,3195,454,72,125
2020.6.2,3326,482,72,131
2020.6.3,3495,492,75,169
2020.6.4,3644,495,78,149
2020.6.5,3764,512,81,120
2020.6.6,3878,537,82,114
2020.6.7,4016,537,85,138
2020.6.8,4106,537,88,90
2020.6.9,4259,539,90,153
2020.6.10,4390,565,96,131
2020.6.11,4515,567,98,125
2020.6.12,4637,580,101,122
2020.6.13,4724,595,106,87
2020.6.14,4778,600,107,54
2020.6.15,4837,613,112,59
2020.6.16,4974,628,112,137
2020.6.17,5100,640,115,126
2020.6.18,5283,685,117,183
2020.6.19,5477,719,122,194
2020.6.20,5672,807,125,195
2020.6.21,5826,841,130,154
2020.6.22,5924,856,135,98
2020.6.23,6027,861,135,103
2020.6.24,6213,870,142,186
2020.6.25,6411,885,142,198
2020.6.26,6552,900,149,141
2020.6.27,6690,937,153,138
2020.6.28,6827,985,157,137
2020.6.29,6939,1050,167,112
2020.6.30,7039,1426,170,100
2020.7.1,7122,1785,175,83
2020.7.2,7189,2317,176,67
2020.7.3,7311,2684,179,122
2020.7.4,7379,2961,182,68
2020.7.5,7379,2961,182,0
2020.7.6,7432,3226,182,53
2020.7.7,7432,3226,182,0
2020.7.8,7432,3226,182,0
2020.7.9,7846,3513,189,414
2020.7.10,7905,3513,189,59
2020.7.11,7905,3513,189,0
2020.7.12,8033,3615,189,128
2020.7.13,8075,3620,190,42
2020.7.14,8135,3948,190,60
2020.7.15,8163,3983,192,28
2020.7.16,8199,4248,193,36
2020.7.17,8249,4248,193,50
2020.7.18,8324,4313,193,75
2020.7.19,8403,4335,194,79
2020.7.20,8443,4335,194,40
2020.7.21,8534,4528,196,91
2020.7.22,8626,4790,197,92
2020.7.23,8720,5105,201,94
2020.7.24,8767,5109,201,47
2020.7.25,8801,5305,204,34
2020.7.26,8831,5510,204,30
2020.7.27,8844,5700,208,13
2020.7.28,8873,5930,208,29
2020.7.29,8931,6095,210,58
2020.7.30,9010,6437,215,79
2020.7.31,9070,6796,215,60
2020.8.1,9084,7030,215,14
2020.8.2,9115,7319,215,31
2020.8.3,9133,7424,215,18
2020.8.4,9178,7727,215,45
2020.8.5,9253,7821,215,75
2020.8.6,9309,8048,215,56
2020.8.7,9355,8174,218,46
2020.8.8,9436,8275,218,81
2020.8.9,9454,8324,224,18
2020.8.10,9489,8363,224,35
2020.8.11,9499,8375,225,10
2020.8.12,9538,8421,225,39
2020.8.13,9589,8480,234,51
2020.8.14,9605,8512,238,16
2020.8.15,9605,8512,238,0
2020.8.16,9676,8705,240,71
2020.8.17,9706,8705,243,30
2020.8.18,9721,8882,243,15
2020.8.19,9741,8895,246,20
2020.8.20,9757,8895,247,16
2020.8.21,9802,8920,248,45
2020.8.22,9811,8920,251,9
2020.8.23,9830,8934,251,19
2020.8.24,9842,8953,251,12
2020.8.25,9891,8972,251,49
2020.8.26,9912,8987,254,21
2020.8.27,9915,9020,255,3
2020.8.28,9994,9035,255,79
2020.8.29,10007,9068,258,13
2020.8.30,10045,9103,258,38
2020.8.31,10097,9133,258,52
2020.9.1,10104,9322,259,7
2020.9.2,10114,9347,259,10
2020.9.3,10125,9367,259,11
2020.9.4,10125,9367,259,0
2020.9.5,10178,9420,259,53
2020.9.6,10178,9420,259,0
2020.9.7,10233,9451,260,55
2020.9.8,10292,9501,260,59
2020.9.9,10324,9523,260,32
2020.9.10,10343,9533,262,19
2020.9.11,10361,9622,262,18
2020.9.12,10385,9719,262,24
2020.9.13,10390,9756,264,5
2020.9.14,10390,9756,264,0
2020.9.15,10401,9817,267,11
2020.9.16,10414,9827,267,13
2020.9.17,10442,9840,267,28
2020.9.18,10442,9840,267,0
2020.9.19,10488,9891,268,46
2020.9.20,10515,9930,271,27
2020.9.21,10519,9952,271,4
2020.9.22,10523,10011,271,4
2020.9.23,10537,10041,271,14
2020.9.24,10555,10051,271,18
2020.9.25,10578,10070,271,23
2020.9.26,10593,10093,271,15
2020.9.27,10593,10093,271,0
2020.9.28,10624,10093,271,31
2020.9.29,10631,10129,272,7
2020.9.30,10659,10139,272,28
2020.10.1,10685,10165,272,26
2020.10.2,10729,10183,272,44
2020.10.3,10729,10183,272,0
2020.10.4,10760,10239,274,31
2020.10.5,10778,10239,274,18
2020.10.6,10789,10239,274,11
2020.10.7,10804,10239,276,15
2020.10.8,10804,10239,276,0
2020.10.9,10835,10242,276,31
2020.10.10,10841,10242,276,6
2020.10.11,10851,10242,276,10
2020.10.12,10868,10249,276,17
2020.10.13,10872,10249,276,4
2020.10.14,10872,10249,276,0
2020.10.15,10935,10306,281,63
2020.10.16,10935,10306,281,0
2020.10.17,11000,10342,302,65
2020.10.18,11000,10342,302,0
2020.10.19,11052,10357,303,52
2020.10.20,11052,10357,303,0
2020.10.21,11066,10362,303,14
2020.10.22,11097,10379,304,31
2020.10.23,11122,10379,304,25
2020.10.24,11122,10379,304,0
2020.10.25,11143,10467,305,21
2020.10.26,11174,10468,305,31
2020.10.27,11191,10509,305,17
2020.10.28,11211,10509,305,20
2020.10.29,11211,10509,305,0
2020.10.30,11253,10554,305,42
2020.10.31,11306,10585,307,53
2020.11.1,11306,10585,307,0
2020.11.2,11373,10768,308,67
2020.11.3,11395,10768,308,22
2020.11.4,11427,10783,315,32
2020.11.5,11450,10786,315,23
2020.11.6,11450,10786,315,0
2020.11.7,11517,10838,315,67
2020.11.8,11550,10838,316,33
2020.11.9,11591,10838,316,41
2020.11.10,11608,10893,316,17
2020.11.11,11642,10928,316,34
2020.11.12,11656,10963,316,14
2020.11.13,11692,10983,318,36
2020.11.14,11692,10983,318,0
2020.11.15,11760,11086,319,68
2020.11.16,11839,11124,321,79
2020.11.17,11866,11180,322,27
2020.11.18,11866,11180,322,0
2020.11.19,11918,11190,323,52
2020.11.20,12008,11215,323,90
2020.11.21,12180,11300,327,172
2020.11.22,12180,11300,327,0
2020.11.23,12180,11300,327,0
2020.11.24,12310,11433,331,130
2020.11.25,12365,11433,331,55
2020.11.26,12365,11433,331,0
2020.11.27,12365,11433,331,0
2020.11.28,12365,11433,331,0
2020.11.29,12365,11433,331,0
2020.11.30,12772,11585,333,94
2020.12.1,12772,11585,333,0
2020.12.2,12859,11663,335,87
2020.12.3,12987,11694,336,128
2020.12.4,13281,11753,337,294
2020.12.5,13281,11753,337,0
2020.12.6,13413,11857,342,132
2020.12.7,13527,11947,344,114
2020.12.8,13595,12059,344,68
2020.12.9,13750,12059,344,155
2020.12.10,13996,12208,350,246
2020.12.11,14169,12208,350,173
2020.12.12,14342,12465,352,173
2020.12.13,14461,12465,352,119
2020.12.14,14461,12465,352,0
2020.12.15,14597,12773,358,136
2020.12.16,14930,12859,364,333
2020.12.17,15089,13010,366,159
2020.12.18,15089,13010,366,0
2020.12.19,15397,13310,369,308
2020.12.20,15397,13310,369,0
2020.12.21,15495,13447,370,98
2020.12.22,15669,13660,370,174
2020.12.23,15810,13736,370,141
2020.12.24,16281,13982,573,471
2020.12.25,16472,13982,573,191
2020.12.26,16763,13982,573,291
2020.12.27,16839,14484,579,76
2020.12.28,16917,14484,579,78
2020.12.29,17182,14658,584,265
2020.12.30,17376,14658,584,194
2020.12.31,17658,14701,591,282
2021.1.1,17658,14701,591,0
2021.1.2,17998,14716,595,340
2021.1.3,18102,14716,596,104
2021.1.4,18153,14723,599,51
2021.1.5,18248,14723,599,95
2021.1.6,18248,14723,599,0
2021.1.7,18738,14735,610,490
2021.1.8,18969,14743,611,231
2021.1.9,18969,14743,611,0
2021.1.10,19159,14743,611,190
2021.1.11,19496,14760,619,337
2021.1.12,19707,14766,625,211
2021.1.13,20003,14767,626,296
2021.1.14,20003,14767,626,0
2021.1.15,20556,14774,628,553
2021.1.16,20693,14804,630,137
2021.1.17,20908,14807,631,215
2021.1.18,21060,14810,634,152
2021.1.19,21140,14812,640,80
2021.1.20,21140,14812,640,0
2021.1.21,21398,14865,644,258
2021.1.22,21597,14875,647,199
2021.1.23,21713,14903,654,116
2021.1.24,21869,14905,661,156
2021.1.25,21954,14915,661,85
2021.1.26,22048,14968,661,94
2021.1.27,22048,14968,661,0
2021.1.28,22322,14997,665,274
2021.1.29,22322,14997,665,0
2021.1.30,22604,15031,671,282
2021.1.31,22604,15031,671,0
2021.2.1,22842,15033,673,238
2021.2.2,23043,15050,675,201
2021.2.3,23043,15050,675,0
2021.2.4,23222,15085,678,179
2021.2.5,23222,15085,678,0
2021.2.6,23371,15085,678,149
2021.2.7,23599,15113,681,228
2021.2.8,23671,15113,681,72
2021.2.9,23671,15113,681,0
2021.2.10,23771,15151,684,100
2021.2.11,24026,15170,686,255
2021.2.12,24152,15182,691,126
2021.2.13,24240,15217,693,88
2021.2.14,24240,15217,693,0
2021.2.15,24295,15298,693,55
2021.2.16,24423,15544,695,128
2021.2.17,24602,15560,695,179
2021.2.18,24602,15560,695,0
2021.2.19,24794,15657,695,192
2021.2.20,25080,16135,700,286
2021.2.21,25080,16135,700,0
2021.2.22,25080,16135,700,0
2021.2.23,25144,16135,700,64
2021.2.24,25144,16135,700,0
2021.2.25,25144,16135,700,0
2021.2.26,25691,18286,707,547
2021.2.27,25792,18951,707,101
2021.2.28,25913,18951,707,121
2021.3.1,25913,18951,707,0
2021.3.2,26050,20466,711,137
2021.3.3,26050,20466,711,0
2021.3.4,26247,20601,711,197
2021.3.5,26340,20601,711,93
2021.3.6,26469,22432,712,129
2021.3.7,26469,22432,712,0
2021.3.8,26541,22432,712,72
2021.3.9,26627,22432,712,86
2021.3.10,26684,22432,712,57
2021.3.11,26738,22432,712,54
2021.3.12,26846,22432,712,108
2021.3.13,26938,23002,717,92
2021.3.14,26938,23002,717,0
2021.3.15,27077,23002,717,139
2021.3.16,27077,23002,717,0
2021.3.17,27252,23759,722,175
2021.3.18,27290,24361,726,38
2021.3.19,27356,24361,726,66
2021.3.20,27468,24892,726,112
2021.3.21,27553,24892,726,85
2021.3.22,27572,24892,726,19
2021.3.23,27580,25286,726,8
2021.3.24,27660,25286,726,80
2021.3.25,27729,25355,726,69
2021.3.26,27729,25355,726,0
2021.3.27,27887,25398,734,158
2021.3.28,27930,25398,739,43
2021.3.29,28012,25398,739,82
2021.3.30,28076,25444,743,64
2021.3.31,28142,25444,743,66
2021.4.1,28199,25508,745,57
2021.4.2,28217,25512,745,18
2021.4.3,28292,25587,745,75
2021.4.4,28325,25587,745,33
2021.4.5,28354,25587,745,29
2021.4.6,28377,25841,745,23
2021.4.7,28410,25841,745,33
2021.4.8,28474,25841,745,64
2021.4.9,28474,25841,745,0
2021.4.10,28542,25841,745,68
2021.4.11,28542,25841,745,0
2021.4.12,28542,25841,745,0
2021.4.13,28665,25841,745,123
2021.4.14,28714,25841,745,49
2021.4.15,28769,25841,745,55
2021.4.16,28859,25841,745,90
2021.4.17,28894,25841,745,35
2021.4.18,28894,25841,745,0
2021.4.19,28956,25841,745,62
2021.4.20,28956,25841,745,0
2021.4.21,29084,26108,748,128
