date,累计确诊,治愈,死亡,新增确诊
2020.4.8,31,3,4,17
2020.4.10,37,3,5,6
2020.4.11,48,3,5,11
2020.4.12,51,4,6,1
2020.4.13,59,4,6,9
2020.4.19,91,7,8,15
2020.4.20,99,7,8,8
2020.4.22,101,20,8,0
2020.4.23,117,25,8,16
2020.4.24,120,25,11,3
2020.4.26,124,25,12,4
2020.4.27,133,25,16,9
2020.4.28,141,45,16,17
2020.4.30,152,45,18,11
2020.5.2,154,48,18,2
2020.5.3,166,58,18,4
2020.5.5,170,58,20,4
2020.5.6,178,75,20,8
2020.5.7,189,79,20,8
2020.5.12,212,86,20,1
2020.5.13,213,101,20,2
2020.5.14,215,105,20,2
2020.5.15,219,108,20,2
2020.5.16,223,108,20,4
2020.5.17,226,120,21,3
2020.5.18,229,123,22,3
2020.5.19,233,125,23,4
2020.5.20,238,128,23,5
2020.5.21,240,131,23,2
2020.5.22,249,136,24,9
2020.5.23,255,136,26,6
2020.5.24,255,136,26,0
2020.5.25,265,141,26,10
2020.5.26,266,144,26,1
2020.5.27,266,144,27,0
2020.5.28,269,144,27,3
2020.5.29,273,146,27,4
2020.5.30,280,148,27,7
2020.5.31,288,157,27,8
2020.6.1,296,159,27,8
2020.6.2,311,167,28,15
2020.6.3,316,169,28,5
2020.6.4,321,175,28,5
2020.6.5,334,176,30,13
2020.6.6,334,176,30,0
2020.6.7,359,194,30,25
2020.6.8,370,195,30,11
2020.6.9,383,199,31,13
2020.6.10,383,199,31,0
2020.6.11,410,206,31,27
2020.6.12,410,206,31,0
2020.6.13,446,214,32,36
2020.6.14,458,219,32,12
2020.6.15,498,221,33,40
2020.6.16,509,222,33,11
2020.6.17,516,240,33,7
2020.6.18,542,250,33,26
2020.6.19,542,250,33,0
2020.6.20,601,254,33,59
2020.6.21,626,254,34,25
2020.6.22,626,254,34,0
2020.6.23,652,270,34,26
2020.6.24,652,270,34,0
2020.6.25,681,278,34,29
2020.6.26,684,285,34,3
2020.6.27,684,285,34,0
2020.6.28,729,291,34,45
2020.6.29,770,312,36,41
2020.6.30,780,324,36,10
2020.7.1,804,335,37,24
2020.7.2,819,338,37,15
2020.7.3,819,338,37,0
2020.7.4,869,369,37,50
2020.7.5,869,369,37,0
2020.7.6,874,377,37,5
2020.7.7,891,377,39,17
2020.7.8,917,394,41,26
2020.7.9,957,398,42,40
2020.7.10,963,400,47,6
2020.7.11,998,420,47,35
2020.7.12,1010,423,51,12
2020.7.13,1024,439,51,14
2020.7.14,1024,439,51,0
2020.7.15,1024,439,51,0
2020.7.16,1056,447,51,32
2020.7.17,1085,496,69,29
2020.7.18,1088,519,70,3
2020.7.19,1091,534,70,3
2020.7.20,1091,534,70,0
2020.7.21,1108,575,70,17
2020.7.22,1114,592,70,6
2020.7.23,1117,613,71,3
2020.7.24,1135,621,71,18
2020.7.25,1155,631,71,20
2020.7.26,1162,641,72,7
2020.7.27,1162,641,72,0
2020.7.28,1167,646,72,5
2020.7.29,1179,664,72,12
2020.7.30,1179,664,72,0
2020.7.31,1186,670,75,7
2020.8.1,1189,673,75,3
2020.8.2,1207,673,77,18
2020.8.3,1207,673,77,0
2020.8.4,1216,698,78,9
2020.8.5,1221,699,78,5
2020.8.6,1224,705,78,3
2020.8.7,1224,705,78,0
2020.8.8,1230,705,78,6
2020.8.9,1234,714,79,4
2020.8.10,1237,723,79,3
2020.8.11,1240,725,79,3
2020.8.12,1250,736,81,10
2020.8.13,1252,738,82,2
2020.8.14,1252,738,82,0
2020.8.15,1252,738,82,0
2020.8.16,1257,788,82,5
2020.8.17,1257,788,82,0
2020.8.18,1277,803,82,20
2020.8.19,1282,803,82,5
2020.8.20,1284,803,82,2
2020.8.21,1284,803,82,0
2020.8.22,1286,816,82,2
2020.8.23,1286,816,82,0
2020.8.24,1290,819,82,4
2020.8.25,1295,821,82,5
2020.8.26,1295,821,82,0
2020.8.27,1298,832,82,3
2020.8.28,1298,832,82,0
2020.8.29,1298,832,82,0
2020.8.30,1304,872,82,6
2020.8.31,1304,872,82,0
2020.9.1,1304,872,82,0
2020.9.2,1305,1158,82,1
2020.9.3,1305,1162,82,0
2020.9.4,1306,1163,82,1
2020.9.5,1306,1163,82,0
2020.9.6,1306,1163,82,0
2020.9.7,1307,1182,82,1
2020.9.8,1311,1190,82,4
2020.9.9,1313,1194,82,2
2020.9.10,1315,1194,82,2
2020.9.11,1315,1199,82,0
2020.9.12,1315,1199,82,0
2020.9.13,1316,1210,82,1
2020.9.14,1321,1213,82,5
2020.9.15,1321,1213,82,0
2020.9.16,1327,1214,82,6
2020.9.17,1332,1214,82,5
2020.9.18,1333,1214,82,1
2020.9.19,1334,1214,82,1
2020.9.20,1335,1216,82,1
2020.9.21,1336,1218,82,1
2020.9.22,1336,1218,82,0
2020.9.23,1337,1219,82,1
2020.9.24,1338,1221,82,1
2020.9.25,1338,1221,82,0
2020.9.26,1338,1221,82,0
2020.9.27,1339,1221,82,1
2020.9.28,1342,1221,82,3
2020.9.29,1343,1221,82,1
2020.9.30,1343,1221,82,0
2020.10.1,1343,1221,82,0
2020.10.2,1343,1221,82,0
2020.10.3,1347,1221,82,4
2020.10.4,1347,1221,82,0
2020.10.5,1348,1236,82,1
2020.10.6,1354,1240,82,6
2020.10.7,1355,1245,82,1
2020.10.8,1360,1245,82,5
2020.10.9,1360,1245,82,0
2020.10.10,1360,1245,82,0
2020.10.11,1363,1245,82,3
2020.10.12,1363,1245,82,0
2020.10.13,1371,1250,82,8
2020.10.14,1371,1251,82,0
2020.10.15,1372,1254,82,1
2020.10.16,1374,1254,82,2
2020.10.17,1377,1264,82,3
2020.10.18,1377,1268,82,0
2020.10.19,1377,1268,82,0
2020.10.20,1381,1271,82,4
2020.10.21,1384,1273,82,3
2020.10.22,1385,1276,82,1
2020.10.23,1385,1278,82,0
2020.10.24,1393,1278,82,8
2020.10.25,1393,1278,82,0
2020.10.26,1393,1278,82,0
2020.10.27,1416,1278,82,23
2020.10.28,1419,1278,82,3
2020.10.29,1419,1278,82,0
2020.10.30,1426,1279,82,7
2020.10.31,1426,1279,82,0
2020.11.1,1426,1279,82,0
2020.11.2,1426,1279,82,0
2020.11.3,1436,1283,82,10
2020.11.4,1436,1294,82,0
2020.11.5,1438,1301,82,2
2020.11.6,1440,1305,82,2
2020.11.7,1442,1310,82,2
2020.11.8,1442,1310,82,0
2020.11.9,1442,1310,82,0
2020.11.10,1452,1310,82,10
2020.11.11,1461,1310,82,9
2020.11.12,1461,1311,82,0
2020.11.13,1491,1314,82,30
2020.11.14,1491,1314,82,0
2020.11.15,1498,1314,82,7
2020.11.16,1507,1314,82,9
2020.11.17,1512,1318,82,5
2020.11.18,1512,1318,82,0
2020.11.19,1528,1328,82,16
2020.11.20,1539,1331,82,11
2020.11.21,1551,1331,82,12
2020.11.22,1551,1331,82,0
2020.11.23,1551,1331,82,0
2020.11.24,1551,1331,82,0
2020.11.25,1578,1340,83,27
2020.11.26,1578,1340,83,0
2020.11.27,1591,1340,83,13
2020.11.28,1595,1343,83,4
2020.11.29,1595,1343,83,0
2020.11.30,1595,1343,83,0
2020.12.1,1595,1343,83,0
2020.12.2,1595,1343,83,0
2020.12.3,1595,1343,83,0
2020.12.4,1663,1358,83,68
2020.12.5,1676,1358,83,13
2020.12.6,1676,1358,83,0
2020.12.7,1676,1358,83,0
2020.12.8,1676,1358,83,0
2020.12.9,1676,1358,83,0
2020.12.10,1676,1358,83,0
2020.12.11,1676,1358,83,0
2020.12.12,1676,1358,83,0
2020.12.13,1676,1358,83,0
2020.12.14,1676,1358,83,0
2020.12.15,1676,1358,83,0
2020.12.16,1773,1406,83,97
2020.12.17,1773,1406,83,0
2020.12.18,1779,1406,83,6
2020.12.19,1779,1406,83,0
2020.12.20,1779,1406,83,0
2020.12.21,1779,1406,83,0
2020.12.22,1779,1406,83,0
2020.12.23,1779,1406,83,0
2020.12.24,1779,1406,83,0
2020.12.25,1779,1406,83,0
2020.12.26,1779,1406,83,0
2020.12.27,1779,1406,83,0
2020.12.28,1779,1406,83,0
2020.12.29,1779,1406,83,0
2020.12.30,1779,1406,83,0
2020.12.31,1779,1406,83,0
2021.1.1,1779,1406,83,0
2021.1.2,1779,1406,83,0
2021.1.3,1779,1406,83,0
2021.1.4,1779,1406,83,0
2021.1.5,1779,1406,83,0
2021.1.6,1779,1406,83,0
2021.1.7,1779,1406,83,0
2021.1.8,1779,1406,83,0
2021.1.9,1779,1406,83,0
2021.1.10,1779,1406,83,0
2021.1.11,1779,1406,83,0
2021.1.12,1779,1406,83,0
2021.1.13,1876,1697,84,97
2021.1.14,1877,1697,84,1
2021.1.15,1878,1701,84,1
2021.1.16,1882,1701,84,4
2021.1.17,1887,1701,84,5
2021.1.18,1887,1701,84,0
2021.1.19,1898,1707,84,11
2021.1.20,1901,1714,84,3
2021.1.21,1901,1714,84,0
2021.1.22,1912,1714,84,11
2021.1.23,1912,1714,84,0
2021.1.24,1914,1714,84,2
2021.1.25,1914,1714,84,0
2021.1.26,1932,1733,84,18
2021.1.27,1932,1733,84,0
2021.1.28,1936,1757,84,4
2021.1.29,1936,1757,84,0
2021.1.30,1939,1757,84,3
2021.1.31,1939,1760,84,0
2021.2.1,1939,1760,84,0
2021.2.2,1944,1760,84,5
2021.2.3,1945,1766,84,1
2021.2.4,1945,1766,84,0
2021.2.5,1956,1770,84,11
2021.2.6,1956,1770,84,0
2021.2.7,1956,1770,84,0
2021.2.8,1956,1770,84,0
2021.2.9,1956,1770,84,0
2021.2.10,1956,1770,84,0
2021.2.11,1956,1770,84,0
2021.2.12,1956,1770,84,0
2021.2.13,1956,1770,84,0
2021.2.14,1956,1770,84,0
2021.2.15,1956,1770,84,0
2021.2.16,1985,1770,85,29
2021.2.17,1985,1794,85,0
2021.2.18,1985,1794,85,0
2021.2.19,1985,1794,85,0
2021.2.20,1988,1856,85,3
2021.2.21,1988,1856,85,0
2021.2.22,1988,1856,85,0
2021.2.23,1996,1856,85,8
2021.2.24,2002,1883,85,6
2021.2.25,2002,1883,85,0
2021.2.26,2009,1884,85,7
2021.2.27,2010,1884,85,1
2021.2.28,2014,1884,85,4
2021.3.1,2014,1884,85,0
2021.3.2,2014,1884,85,0
2021.3.3,2014,1884,85,0
2021.3.4,2017,1884,85,3
2021.3.5,2017,1884,85,0
2021.3.6,2023,1884,85,6
2021.3.7,2024,1892,85,1
2021.3.8,2024,1892,85,0
2021.3.9,2024,1892,85,0
2021.3.10,2026,1898,85,2
2021.3.11,2026,1898,85,0
2021.3.12,2026,1898,85,0
2021.3.13,2030,1899,85,4
2021.3.14,2030,1899,85,0
2021.3.15,2030,1899,85,0
2021.3.16,2030,1899,85,0
2021.3.17,2030,1899,85,0
2021.3.18,2042,1899,85,12
2021.3.19,2042,1899,85,0
2021.3.20,2042,1899,85,0
2021.3.21,2042,1899,85,0
2021.3.22,2042,1899,85,0
2021.3.23,2042,1899,85,0
2021.3.24,2042,1899,85,0
2021.3.25,2042,1899,85,0
2021.3.26,2042,1899,85,0
2021.3.27,2042,1899,85,0
2021.3.28,2042,1899,85,0
2021.3.29,2042,1899,85,0
2021.3.30,2042,1899,85,0
2021.3.31,2042,1899,85,0
2021.4.1,2042,1899,85,0
2021.4.2,2042,1899,85,0
2021.4.3,2042,1899,85,0
2021.4.4,2042,1899,85,0
2021.4.5,2042,1899,85,0
2021.4.6,2042,1899,85,0
2021.4.7,2042,1899,85,0
2021.4.8,2042,1899,85,0
2021.4.9,2042,1899,85,0
2021.4.10,2042,1899,85,0
2021.4.11,2042,1899,85,0
2021.4.12,2042,1899,85,0
2021.4.13,2042,1899,85,0
2021.4.14,2042,1899,85,0
2021.4.15,2042,1899,85,0
2021.4.16,2042,1899,85,0
2021.4.17,2042,1899,85,0
2021.4.18,2042,1899,85,0
2021.4.19,2042,1899,85,0
2021.4.20,2042,1899,85,0
