date,累计确诊,治愈,死亡,新增确诊
2020.4.8,313,52,6,26
2020.4.9,378,3,6,65
2020.4.11,408,4,8,2
2020.4.12,566,4,8,158
2020.4.14,636,17,8,70
2020.4.17,834,99,9,193
2020.4.19,1042,99,9,208
2020.4.21,1154,99,9,112
2020.4.23,1279,134,10,125
2020.4.25,1550,155,11,271
2020.4.28,1671,188,16,121
2020.4.29,2074,212,17,403
2020.5.1,2169,229,18,95
2020.5.6,3091,294,18,372
2020.5.9,4263,378,22,251
2020.5.10,4700,494,22,437
2020.5.11,5127,494,22,427
2020.5.13,5408,514,24,281
2020.5.15,5638,1460,28,108
2020.5.16,5735,1754,29,97
2020.5.17,5735,1754,29,0
2020.5.18,5735,1754,29,0
2020.5.19,5918,1754,31,183
2020.5.20,6096,1773,31,178
2020.5.21,6269,1898,31,173
2020.5.22,6486,1951,31,217
2020.5.23,6617,1976,31,131
2020.5.24,6683,1998,32,66
2020.5.25,6808,2070,32,125
2020.5.26,6964,2097,32,156
2020.5.27,7117,2317,34,153
2020.5.28,7303,2412,34,186
2020.5.29,7616,2421,34,313
2020.5.30,7768,2540,35,152
2020.5.31,7881,2841,36,113
2020.6.1,8070,2947,36,189
2020.6.2,8297,2986,38,227
2020.6.3,8548,3132,38,251
2020.6.4,8548,3132,38,0
2020.6.5,8885,3189,38,337
2020.6.6,9462,3547,44,577
2020.6.7,9638,3636,44,176
2020.6.8,9638,3636,44,0
2020.6.9,9910,3645,48,272
2020.6.10,10201,3755,48,291
2020.6.11,10358,3824,48,157
2020.6.12,10856,3921,48,498
2020.6.13,11118,3979,48,262
2020.6.14,11422,4156,51,304
2020.6.15,11964,4258,54,542
2020.6.16,11964,4258,54,0
2020.6.17,12590,4410,66,626
2020.6.18,12929,4468,66,339
2020.6.19,13203,4548,70,274
2020.6.20,13203,4548,70,0
2020.6.21,13717,10074,85,514
2020.6.22,14154,10473,85,437
2020.6.23,14568,10907,95,414
2020.6.24,14568,10907,95,0
2020.6.25,15473,11431,95,905
2020.6.26,15834,11755,103,361
2020.6.27,15834,11755,103,0
2020.6.28,16742,12720,112,908
2020.6.29,17351,12994,112,609
2020.6.30,17741,13268,112,390
2020.7.1,17741,13268,112,0
2020.7.2,18134,13550,117,393
2020.7.3,18134,13550,117,0
2020.7.4,19388,14330,117,1254
2020.7.5,20085,14870,122,697
2020.7.6,20085,14870,122,0
2020.7.7,21077,16070,129,992
2020.7.8,21968,17156,129,891
2020.7.9,22822,17564,129,854
2020.7.10,23463,18622,129,641
2020.7.11,23834,19212,135,371
2020.7.12,24248,19831,135,414
2020.7.13,24518,20187,139,270
2020.7.14,24988,21067,139,470
2020.7.15,25252,21397,139,264
2020.7.16,25430,21511,139,178
2020.7.17,26125,22270,139,695
2020.7.18,26572,22915,144,447
2020.7.19,27060,23044,145,488
2020.7.20,27667,23249,148,607
2020.7.21,28989,25331,153,1322
2020.7.22,28989,25331,153,0
2020.7.23,29672,26090,153,683
2020.7.24,30366,26687,153,694
2020.7.25,31057,27801,161,691
2020.7.26,32437,28927,161,1380
2020.7.27,32969,29494,168,532
2020.7.28,33624,29801,168,655
2020.7.29,34406,30621,168,782
2020.7.30,35142,31286,175,736
2020.7.31,35142,31286,175,0
2020.8.1,35501,32096,182,359
2020.8.2,37014,33365,182,1513
2020.8.3,37812,34313,191,798
2020.8.4,37812,34313,191,0
2020.8.5,39075,35563,199,1263
2020.8.6,39642,36384,199,567
2020.8.7,40097,36638,206,455
2020.8.8,40533,37702,206,436
2020.8.9,41003,38330,215,470
2020.8.10,41003,38330,215,0
2020.8.11,41212,38727,215,209
2020.8.12,41572,39320,223,360
2020.8.13,41725,39495,223,153
2020.8.14,41847,39718,223,122
2020.8.15,42210,40147,231,363
2020.8.16,42210,40147,231,0
2020.8.17,42653,40567,239,443
2020.8.18,42653,40567,239,0
2020.8.19,42993,40796,248,340
2020.8.20,43260,41276,261,267
2020.8.21,43260,41276,261,0
2020.8.22,43325,41408,261,65
2020.8.23,43505,41532,261,180
2020.8.24,43622,41695,263,117
2020.8.25,43622,41695,263,0
2020.8.26,43717,41843,270,95
2020.8.27,43769,42048,270,52
2020.8.28,43841,42246,270,72
2020.8.29,44118,42581,270,277
2020.8.30,44205,42777,276,87
2020.8.31,44205,42777,276,0
2020.9.1,44298,42963,276,93
2020.9.2,44460,43121,276,162
2020.9.3,44713,43577,280,253
2020.9.4,44713,43577,280,0
2020.9.5,44777,43693,283,64
2020.9.6,44777,43693,283,0
2020.9.7,44777,43693,283,0
2020.9.8,45012,43898,283,235
2020.9.9,45188,44042,283,176
2020.9.10,45313,44188,283,125
2020.9.11,45388,44267,285,75
2020.9.12,45388,44267,285,0
2020.9.13,45434,44342,286,46
2020.9.14,45434,44342,286,0
2020.9.15,45601,44679,294,167
2020.9.16,45655,44797,294,54
2020.9.17,45714,44896,294,59
2020.9.18,45714,44896,294,0
2020.9.19,45857,45029,295,143
2020.9.20,46004,45153,297,147
2020.9.21,46004,45153,297,0
2020.9.22,46062,45258,297,58
2020.9.23,46116,45290,297,54
2020.9.24,46153,45299,299,37
2020.9.25,46222,45417,299,69
2020.9.26,46222,45417,299,0
2020.9.27,46387,45618,299,165
2020.9.28,46387,45618,299,0
2020.9.29,46482,45651,301,95
2020.9.30,46482,45651,301,0
2020.10.1,46656,45942,301,174
2020.10.2,46656,45942,301,0
2020.10.3,46803,46006,303,147
2020.10.4,46829,46060,303,26
2020.10.5,46829,46060,303,0
2020.10.6,46829,46060,303,0
2020.10.7,46829,46060,303,0
2020.10.8,46829,46060,303,0
2020.10.9,46964,46310,306,135
2020.10.10,46987,46378,306,23
2020.10.11,47005,46398,306,18
2020.10.12,47005,46398,306,0
2020.10.13,47097,46452,308,92
2020.10.14,47126,46469,310,29
2020.10.15,47126,46469,310,0
2020.10.16,47173,46527,310,47
2020.10.17,47173,46527,310,0
2020.10.18,47232,46578,310,59
2020.10.19,47372,46664,310,140
2020.10.20,47372,46664,310,0
2020.10.21,47461,46752,312,89
2020.10.22,47538,46789,312,77
2020.10.23,47601,46824,314,63
2020.10.24,47690,46887,316,89
2020.10.25,47690,46887,316,0
2020.10.26,47690,46887,316,0
2020.10.27,47775,46971,316,85
2020.10.28,47775,46971,316,0
2020.10.29,47991,47136,320,216
2020.10.30,48055,47169,320,64
2020.10.31,48055,47169,320,0
2020.11.1,48124,47215,320,69
2020.11.2,48200,47260,320,76
2020.11.3,48200,47260,320,0
2020.11.4,48643,47446,320,443
2020.11.5,48643,47446,320,0
2020.11.6,48788,47521,320,145
2020.11.7,48788,47521,320,0
2020.11.8,48904,47611,320,116
2020.11.9,49102,47726,320,198
2020.11.10,49202,47726,320,100
2020.11.11,49302,47843,320,100
2020.11.12,49808,48019,320,506
2020.11.13,50018,48179,320,210
2020.11.14,50018,48179,320,0
2020.11.15,50123,48328,322,105
2020.11.16,50123,48328,322,0
2020.11.17,50376,48626,323,253
2020.11.18,50457,48710,323,81
2020.11.19,50457,48710,323,0
2020.11.20,50631,49103,323,174
2020.11.21,50717,49281,323,86
2020.11.22,50874,49405,323,157
2020.11.23,50941,49599,323,67
2020.11.24,50941,49599,323,0
2020.11.25,51225,50127,323,284
2020.11.26,51225,50127,323,0
2020.11.27,51225,50127,323,0
2020.11.28,51379,50298,323,154
2020.11.29,51476,50358,323,97
2020.11.30,51667,50547,323,191
2020.12.1,51667,50547,323,0
2020.12.2,51667,50547,323,0
2020.12.3,51667,50547,323,0
2020.12.4,52096,50924,325,429
2020.12.5,52096,50924,325,0
2020.12.6,52198,51019,325,102
2020.12.7,52274,51063,325,76
2020.12.8,52274,51063,325,0
2020.12.9,52622,51424,326,348
2020.12.10,52738,51518,326,116
2020.12.11,52738,51518,326,0
2020.12.12,52738,51518,326,0
2020.12.13,52933,51676,327,195
2020.12.14,53014,51761,327,81
2020.12.15,53270,51965,327,256
2020.12.16,53386,52048,327,116
2020.12.17,53386,52048,327,0
2020.12.18,53553,52266,331,167
2020.12.19,53653,52331,331,100
2020.12.20,53653,52331,331,0
2020.12.21,53954,52675,333,301
2020.12.22,53954,52675,333,0
2020.12.23,54043,52777,333,89
2020.12.24,54043,52777,333,0
2020.12.25,54043,52777,333,0
2020.12.26,54286,53082,333,243
2020.12.27,54401,53180,333,115
2020.12.28,54503,53301,333,102
2020.12.29,54503,53301,333,0
2020.12.30,54771,53594,335,268
2020.12.31,54771,53594,335,0
2021.1.1,54771,53594,335,0
2021.1.2,54930,53758,335,159
2021.1.3,55168,53928,335,238
2021.1.4,55168,53928,335,0
2021.1.5,55168,53928,335,0
2021.1.6,55168,53928,335,0
2021.1.7,55461,54164,336,293
2021.1.8,55461,54164,336,0
2021.1.9,55461,54164,336,0
2021.1.10,55772,54438,336,311
2021.1.11,56230,54631,338,458
2021.1.12,56230,54631,338,0
2021.1.13,56421,54753,338,191
2021.1.14,56981,55236,341,560
2021.1.15,56981,55236,341,0
2021.1.16,56981,55236,341,0
2021.1.17,56981,55236,341,0
2021.1.18,58065,55789,352,1084
2021.1.19,58065,55789,352,0
2021.1.20,58431,55899,358,366
2021.1.21,58822,56286,358,391
2021.1.22,59480,56706,361,658
2021.1.23,59480,56706,361,0
2021.1.24,60115,56955,361,635
2021.1.25,61489,57597,367,1374
2021.1.26,62135,58150,372,646
2021.1.27,62751,58561,377,616
2021.1.28,62751,58561,377,0
2021.1.29,63883,59553,390,1132
2021.1.30,63883,59553,390,0
2021.1.31,65427,60357,405,1544
2021.2.1,67010,61236,416,1583
2021.2.2,67782,61843,424,772
2021.2.3,67782,61843,424,0
2021.2.4,68559,62340,433,777
2021.2.5,69255,62729,440,696
2021.2.6,70046,63502,449,791
2021.2.7,70046,63502,449,0
2021.2.8,71533,64658,464,1487
2021.2.9,73003,65583,482,1470
2021.2.10,73003,65583,482,0
2021.2.11,73003,65583,482,0
2021.2.12,73557,66115,494,554
2021.2.13,74347,66333,505,790
2021.2.14,75836,67087,533,1489
2021.2.15,75836,67087,533,0
2021.2.16,76492,68100,542,656
2021.2.17,77748,69321,561,1256
2021.2.18,78689,70348,568,941
2021.2.19,78689,70348,568,0
2021.2.20,79655,72516,572,966
2021.2.21,80253,73018,577,598
2021.2.22,80253,73018,577,0
2021.2.23,80759,73365,582,506
2021.2.24,81245,74047,584,486
2021.2.25,81245,74047,584,0
2021.2.26,82131,75604,594,886
2021.2.27,82586,76573,594,455
2021.2.28,83212,77133,599,626
2021.3.1,84023,77972,607,811
2021.3.2,84023,77972,607,0
2021.3.3,84349,78443,611,326
2021.3.4,84750,78924,620,401
2021.3.5,85239,79465,629,489
2021.3.6,86092,80619,640,853
2021.3.7,86092,80619,640,0
2021.3.8,86465,80952,647,373
2021.3.9,86465,80952,647,0
2021.3.10,86737,81299,656,272
2021.3.11,86737,81299,656,0
2021.3.12,86737,81299,656,0
2021.3.13,87075,82141,667,338
2021.3.14,87762,83169,685,687
2021.3.15,87762,83169,685,0
2021.3.16,88228,83829,698,466
2021.3.17,88228,83829,698,0
2021.3.18,88421,84095,705,193
2021.3.19,88421,84095,705,0
2021.3.20,89276,85222,716,855
2021.3.21,89500,85455,720,224
2021.3.22,89682,85761,725,182
2021.3.23,89787,85965,731,105
2021.3.24,89893,86248,734,106
2021.3.25,89893,86248,734,0
2021.3.26,90094,86749,740,201
2021.3.27,90287,87137,740,193
2021.3.28,90287,87137,740,0
2021.3.29,90287,87137,740,0
2021.3.30,90287,87137,740,0
2021.3.31,90552,87966,742,265
2021.4.1,90583,88065,743,31
2021.4.2,90649,88159,744,66
2021.4.3,90674,88426,744,25
2021.4.4,90782,88585,748,108
2021.4.5,90782,88585,748,0
2021.4.6,90946,88743,752,164
2021.4.7,91009,88810,752,63
2021.4.8,91009,88810,752,0
2021.4.9,91109,88971,752,100
2021.4.10,91109,88971,752,0
2021.4.11,91260,89092,754,151
2021.4.12,91260,89092,754,0
2021.4.13,91410,89219,761,150
2021.4.14,91477,89301,763,67
2021.4.15,91545,89400,766,68
2021.4.16,91545,89400,766,0
2021.4.17,91545,89400,766,0
2021.4.18,91663,89530,771,118
2021.4.19,91709,89604,771,46
2021.4.20,91709,89604,771,0
