date,累计确诊,治愈,死亡,新增确诊
2020.4.8,34,1,1,1
2020.4.9,44,1,1,10
2020.4.10,46,1,1,2
2020.4.11,49,1,1,3
2020.4.12,57,1,1,8
2020.4.14,80,4,1,23
2020.4.16,95,6,1,15
2020.4.17,108,7,1,13
2020.4.18,109,7,1,1
2020.4.20,120,7,1,11
2020.4.21,156,16,1,36
2020.4.22,166,24,1,10
2020.4.23,167,24,2,1
2020.4.24,172,26,3,5
2020.4.25,176,30,3,4
2020.4.27,211,43,3,35
2020.4.28,238,53,3,27
2020.4.29,276,67,3,38
2020.5.2,335,85,5,59
2020.5.4,367,93,6,32
2020.5.5,397,93,6,30
2020.5.6,439,99,8,42
2020.5.7,504,99,8,107
2020.5.11,802,127,9,141
2020.5.12,863,137,9,61
2020.5.13,1004,152,9,141
2020.5.14,1104,182,10,100
2020.5.15,1209,219,10,105
2020.5.16,1320,244,11,111
2020.5.18,1320,244,11,0
2020.5.19,1432,301,11,112
2020.5.20,1502,318,12,70
2020.5.21,1567,365,12,65
2020.5.22,1567,365,12,0
2020.5.23,1728,402,12,161
2020.5.24,1934,459,12,206
2020.5.25,1934,459,12,0
2020.5.26,2135,562,14,201
2020.5.27,2238,593,14,103
2020.5.28,2319,631,14,81
2020.5.29,2431,668,14,112
2020.5.30,2613,709,15,182
2020.5.31,2655,722,17,42
2020.6.1,2655,722,17,0
2020.6.2,2655,722,17,0
2020.6.3,2803,779,20,148
2020.6.4,2902,801,20,99
2020.6.5,2955,818,21,53
2020.6.6,3101,833,21,146
2020.6.7,3101,833,21,0
2020.6.8,3101,833,21,0
2020.6.9,3101,833,21,0
2020.6.10,3294,956,21,193
2020.6.11,3375,978,22,81
2020.6.12,3463,1024,23,88
2020.6.13,3463,1024,23,0
2020.6.14,3463,1024,23,0
2020.6.15,3463,1024,23,0
2020.6.16,4033,1334,27,570
2020.6.17,4114,1432,29,81
2020.6.18,4229,1505,30,115
2020.6.19,4340,1657,32,111
2020.6.20,4428,1750,34,88
2020.6.21,4428,1750,34,0
2020.6.22,4428,1750,34,0
2020.6.23,4739,2002,39,311
2020.6.24,4849,2107,39,110
2020.6.25,4956,2177,39,107
2020.6.26,5087,2270,40,131
2020.6.27,5209,2327,40,122
2020.6.28,5209,2327,40,0
2020.6.29,5209,2327,40,0
2020.6.30,5394,2420,42,185
2020.7.1,5394,2420,42,0
2020.7.2,5513,2508,42,119
2020.7.3,5513,2508,42,0
2020.7.4,5620,2555,44,107
2020.7.5,5620,2555,44,0
2020.7.6,5620,2555,44,0
2020.7.7,5743,2574,46,123
2020.7.8,5743,2574,46,0
2020.7.9,5871,2682,46,128
2020.7.10,5871,2682,46,0
2020.7.11,5942,3004,46,71
2020.7.12,5942,3004,46,0
2020.7.13,5942,3004,46,0
2020.7.14,6026,3475,46,84
2020.7.15,6026,3475,46,0
2020.7.16,6121,3664,46,95
2020.7.17,6121,3664,46,0
2020.7.18,6315,3865,46,194
2020.7.19,6315,3865,46,0
2020.7.20,6315,3865,46,0
2020.7.21,6433,4034,46,118
2020.7.22,6433,4034,46,0
2020.7.23,6588,4235,47,155
2020.7.24,6588,4235,47,0
2020.7.25,6984,4463,49,396
2020.7.26,6984,4463,49,0
2020.7.27,6984,4463,49,0
2020.7.28,7189,4682,49,205
2020.7.29,7189,4682,49,0
2020.7.30,7352,4943,49,163
2020.7.31,7352,4943,49,0
2020.8.1,7352,4943,49,0
2020.8.2,7531,5223,50,179
2020.8.3,7531,5223,50,0
2020.8.4,7646,5408,51,115
2020.8.5,7646,5408,51,0
2020.8.6,7787,5609,51,141
2020.8.7,7787,5609,51,0
2020.8.8,7923,5704,51,136
2020.8.9,7923,5704,51,0
2020.8.10,7923,5704,51,0
2020.8.11,8006,5823,51,83
2020.8.12,8006,5823,51,0
2020.8.13,8077,5920,51,71
2020.8.14,8077,5920,51,0
2020.8.15,8225,6277,51,148
2020.8.16,8225,6277,51,0
2020.8.17,8225,6277,51,0
2020.8.18,8270,6404,53,45
2020.8.19,8270,6404,53,0
2020.8.20,8319,6614,53,49
2020.8.21,8319,6614,53,0
2020.8.22,8388,6734,53,69
2020.8.23,8388,6734,53,0
2020.8.24,8388,6734,53,0
2020.8.25,8409,6959,53,21
2020.8.26,8409,6959,53,0
2020.8.27,8468,7066,53,59
2020.8.28,8468,7066,53,0
2020.8.29,8505,7187,53,37
2020.8.30,8505,7187,53,0
2020.8.31,8505,7187,53,0
2020.9.1,8533,7264,53,28
2020.9.2,8533,7264,53,0
2020.9.3,8538,7335,53,5
2020.9.4,8538,7335,53,0
2020.9.5,8601,7424,53,63
2020.9.6,8601,7424,53,0
2020.9.7,8601,7424,53,0
2020.9.8,8608,7533,53,7
2020.9.9,8608,7533,53,0
2020.9.10,8621,7618,53,13
2020.9.11,8621,7618,53,0
2020.9.12,8643,7706,53,22
2020.9.13,8643,7706,53,0
2020.9.14,8643,7706,53,0
2020.9.15,8654,7785,53,11
2020.9.16,8654,7785,53,0
2020.9.17,8678,7827,53,24
2020.9.18,8678,7827,53,0
2020.9.19,8696,7848,53,18
2020.9.20,8696,7848,53,0
2020.9.21,8696,7848,53,0
2020.9.22,8704,7875,54,8
2020.9.23,8704,7875,54,0
2020.9.24,8716,7906,54,12
2020.9.25,8716,7906,54,0
2020.9.26,8728,7934,54,12
2020.9.27,8728,7934,54,0
2020.9.28,8728,7934,54,0
2020.9.29,8728,7934,54,0
2020.9.30,8752,7955,54,24
2020.10.1,8766,8005,54,14
2020.10.2,8766,8005,54,0
2020.10.3,8797,8067,54,31
2020.10.4,8797,8067,54,0
2020.10.5,8797,8067,54,0
2020.10.6,8808,8135,54,11
2020.10.7,8808,8135,54,0
2020.10.8,8815,8164,54,7
2020.10.9,8815,8164,54,0
2020.10.10,8835,8189,54,20
2020.10.11,8835,8189,54,0
2020.10.12,8835,8189,54,0
2020.10.13,8860,8298,54,25
2020.10.14,8860,8298,54,0
2020.10.15,8869,8395,54,9
2020.10.16,8869,8395,54,0
2020.10.17,8881,8430,54,12
2020.10.18,8881,8430,54,0
2020.10.19,8881,8430,54,0
2020.10.20,8884,8452,54,3
2020.10.21,8884,8452,54,0
2020.10.22,8901,8479,54,17
2020.10.23,8901,8479,54,0
2020.10.24,8919,8512,54,18
2020.10.25,8919,8512,54,0
2020.10.26,8919,8512,54,0
2020.10.27,8937,8548,54,18
2020.10.28,8937,8548,54,0
2020.10.29,8957,8619,55,20
2020.10.30,8957,8619,55,0
2020.10.31,8968,8698,55,11
2020.11.1,8968,8698,55,0
2020.11.2,8968,8698,55,0
2020.11.3,8984,8779,55,16
2020.11.4,8984,8779,55,0
2020.11.5,9005,8846,55,21
2020.11.6,9005,8846,55,0
2020.11.7,9022,8878,55,17
2020.11.8,9022,8878,55,0
2020.11.9,9022,8878,55,0
2020.11.10,9029,8899,57,7
2020.11.11,9029,8899,57,0
2020.11.12,9048,8922,57,19
2020.11.13,9048,8922,57,0
2020.11.14,9062,8939,58,14
2020.11.15,9062,8939,58,0
2020.11.16,9062,8939,58,0
2020.11.17,9084,8957,58,22
2020.11.18,9084,8957,58,0
2020.11.19,9084,8957,58,0
2020.11.20,9116,8965,59,32
2020.11.21,9131,8976,59,15
2020.11.22,9131,8976,59,0
2020.11.23,9131,8976,59,0
2020.11.24,9150,8999,59,19
2020.11.25,9150,8999,59,0
2020.11.26,9173,9016,59,23
2020.11.27,9173,9016,59,0
2020.11.28,9191,9037,59,18
2020.11.29,9191,9037,59,0
2020.11.30,9214,9066,60,23
2020.12.1,9214,9066,60,0
2020.12.2,9214,9066,60,0
2020.12.3,9239,9089,60,25
2020.12.4,9239,9089,60,0
2020.12.5,9254,9106,60,15
2020.12.6,9254,9106,60,0
2020.12.7,9254,9106,60,0
2020.12.8,9278,9132,60,24
2020.12.9,9278,9132,60,0
2020.12.10,9300,9155,62,22
2020.12.11,9300,9155,62,0
2020.12.12,9330,9182,63,30
2020.12.13,9330,9182,63,0
2020.12.14,9330,9182,63,0
2020.12.15,9351,9204,63,21
2020.12.16,9351,9204,63,0
2020.12.17,9373,9223,63,22
2020.12.18,9373,9223,63,0
2020.12.19,9400,9254,64,27
2020.12.20,9400,9254,64,0
2020.12.21,9400,9254,64,0
2020.12.22,9420,9283,64,20
2020.12.23,9420,9283,64,0
2020.12.24,9469,9310,64,49
2020.12.25,9469,9310,64,0
2020.12.26,9497,9331,64,28
2020.12.27,9497,9331,64,0
2020.12.28,9510,9356,64,13
2020.12.29,9510,9356,64,0
2020.12.30,9510,9356,64,0
2020.12.31,9571,9388,64,61
2021.1.1,9571,9388,64,0
2021.1.2,9571,9388,64,0
2021.1.3,9571,9388,64,0
2021.1.4,9571,9388,64,0
2021.1.5,9605,9415,66,34
2021.1.6,9605,9415,66,0
2021.1.7,9641,9453,66,36
2021.1.8,9641,9453,66,0
2021.1.9,9694,9498,66,53
2021.1.10,9694,9498,66,0
2021.1.11,9694,9498,66,0
2021.1.12,9740,9549,66,46
2021.1.13,9740,9549,66,0
2021.1.14,9819,9597,66,79
2021.1.15,9819,9597,66,0
2021.1.16,9899,9658,66,80
2021.1.17,9899,9658,66,0
2021.1.18,9899,9658,66,0
2021.1.19,10019,9732,66,120
2021.1.20,10019,9732,66,0
2021.1.21,10120,9809,66,101
2021.1.22,10120,9809,66,0
2021.1.23,10278,9902,67,158
2021.1.24,10278,9902,67,0
2021.1.25,10278,9902,67,0
2021.1.26,10411,10013,67,133
2021.1.27,10411,10013,67,0
2021.1.28,10536,10122,68,125
2021.1.29,10536,10122,68,0
2021.1.30,10748,10260,68,212
2021.1.31,10748,10260,68,0
2021.2.1,10748,10260,68,0
2021.2.2,10952,10419,68,204
2021.2.3,10952,10419,68,0
2021.2.4,11129,10560,70,177
2021.2.5,11129,10560,70,0
2021.2.6,11457,10797,71,328
2021.2.7,11457,10797,71,0
2021.2.8,11457,10797,71,0
2021.2.9,11836,11038,71,379
2021.2.10,11836,11038,71,0
2021.2.11,12171,11275,71,335
2021.2.12,12171,11275,71,0
2021.2.13,12577,11534,73,406
2021.2.14,12577,11534,73,0
2021.2.15,12577,11534,73,0
2021.2.16,12865,11750,75,288
2021.2.17,12865,11750,75,0
2021.2.18,13107,11955,75,242
2021.2.19,13107,11955,75,0
2021.2.20,13553,12262,75,446
2021.2.21,13553,12262,75,0
2021.2.22,13553,12262,75,0
2021.2.23,13884,12561,76,331
2021.2.24,13884,12561,76,0
2021.2.25,14234,12846,80,350
2021.2.26,14564,13143,83,330
2021.2.27,14564,13143,83,0
2021.2.28,14564,13143,83,0
2021.3.1,14564,13143,83,0
2021.3.2,14849,13288,87,285
2021.3.3,14849,13288,87,0
2021.3.4,15254,13495,88,405
2021.3.5,15254,13495,88,0
2021.3.6,15625,13495,90,371
2021.3.7,15625,13495,90,0
2021.3.8,15625,13746,90,0
2021.3.9,16015,14047,91,390
2021.3.10,16015,14047,91,0
2021.3.11,16313,14374,93,298
2021.3.12,16313,14374,93,0
2021.3.13,16660,14583,96,347
2021.3.14,16660,14583,96,0
2021.3.15,16660,14583,96,0
2021.3.16,16945,14780,101,285
2021.3.17,16945,14780,101,0
2021.3.18,17297,15102,105,352
2021.3.19,17297,15102,105,0
2021.3.20,17711,15495,106,414
2021.3.21,17711,15495,106,0
2021.3.22,17711,15495,106,0
2021.3.23,18078,15654,108,367
2021.3.24,18078,15654,108,0
2021.3.25,18426,15863,109,348
2021.3.26,18426,15863,109,0
2021.3.27,18426,15863,109,0
2021.3.28,18777,16074,111,351
2021.3.29,18777,16074,111,0
2021.3.30,19140,16311,114,363
2021.3.31,19140,16311,114,0
2021.4.1,19550,16609,118,410
2021.4.2,19550,16609,118,0
2021.4.3,19863,16910,119,313
2021.4.4,19863,16910,119,0
2021.4.5,19863,16910,119,0
2021.4.6,19863,16910,119,0
2021.4.7,19863,16910,119,0
2021.4.8,20265,17227,124,402
2021.4.9,20265,17227,124,0
2021.4.10,20636,17456,127,371
2021.4.11,20636,17456,127,0
2021.4.12,20636,17456,127,0
2021.4.13,20971,17762,129,335
2021.4.14,20971,17762,129,0
2021.4.15,21566,18219,132,595
2021.4.16,21566,18219,132,0
2021.4.17,21858,18507,133,292
2021.4.18,21858,18507,133,0
2021.4.19,21858,18507,133,0
2021.4.20,22032,18706,136,174
