date,累计确诊,治愈,死亡,新增确诊
2020.4.8,980,96,66,85
2020.4.9,1190,112,77,210
2020.4.10,1310,115,77,120
2020.4.11,1410,118,85,100
2020.4.12,1458,118,109,48
2020.4.13,1512,122,122,54
2020.4.14,1579,192,134,67
2020.4.15,1652,199,142,73
2020.4.16,1763,207,156,111
2020.4.17,1834,231,156,71
2020.4.18,1916,250,172,82
2020.4.19,1984,267,199,68
2020.4.20,2098,287,213,114
2020.4.21,2168,295,213,70
2020.4.22,2284,390,239,116
2020.4.23,2383,401,250,99
2020.4.24,2443,458,262,60
2020.4.25,2500,485,272,57
2020.4.26,2583,498,280,83
2020.4.27,2649,516,291,66
2020.4.28,2727,536,300,78
2020.4.29,2775,581,312,48
2020.4.30,2863,609,323,88
2020.5.1,2942,625,335,79
2020.5.2,2998,629,340,56
2020.5.3,3035,630,351,37
2020.5.4,3065,709,363,30
2020.5.5,3111,759,373,46
2020.5.6,3150,801,383,39
2020.5.7,3178,865,392,28
2020.5.8,3213,904,405,35
2020.5.9,3263,933,413,50
2020.5.10,3284,958,421,21
2020.5.11,3313,1007,425,29
2020.5.12,3341,1102,430,28
2020.5.13,3380,1169,436,39
2020.5.14,3417,1287,442,37
2020.5.15,3473,1371,448,56
2020.5.16,3509,1396,451,36
2020.5.17,3535,1400,462,26
2020.5.18,3535,1400,462,0
2020.5.19,3556,1412,467,21
2020.5.20,3598,1454,470,42
2020.5.21,3641,1509,473,43
2020.5.22,3678,1587,476,37
2020.5.23,3713,1655,482,35
2020.5.24,3741,1690,486,28
2020.5.25,3756,1711,491,15
2020.5.26,3771,1836,499,15
2020.5.27,3793,1856,505,22
2020.5.28,3816,1996,509,23
2020.5.29,3841,2024,517,25
2020.5.30,3867,2142,524,26
2020.5.31,3876,2147,526,9
2020.6.1,3892,2156,527,16
2020.6.2,3921,2160,532,29
2020.6.3,3931,2190,534,10
2020.6.4,3954,2205,539,23
2020.6.5,3970,2245,542,16
2020.6.6,3990,2279,545,20
2020.6.7,4008,2279,546,18
2020.6.8,4014,2284,548,6
2020.6.9,4017,2324,550,3
2020.6.10,4027,2355,551,10
2020.6.11,4039,2391,553,12
2020.6.12,4053,2447,555,14
2020.6.13,4064,2476,559,11
2020.6.14,4069,2482,562,5
2020.6.15,4076,2485,563,7
2020.6.16,4077,2516,565,1
2020.6.17,4078,2547,567,1
2020.6.18,4079,2564,568,1
2020.6.19,4081,2581,568,2
2020.6.20,4086,2585,570,5
2020.6.21,4094,2589,570,8
2020.6.22,4102,2590,572,8
2020.6.23,4107,2600,573,5
2020.6.24,4114,2618,576,7
2020.6.25,4123,2640,577,9
2020.6.26,4127,2663,578,4
2020.6.27,4138,2681,578,11
2020.6.28,4142,2685,581,4
2020.6.29,4145,2685,585,3
2020.6.30,4155,2692,585,10
2020.7.1,4157,2714,586,2
2020.7.2,4166,2721,587,9
2020.7.3,4172,2752,588,6
2020.7.4,4174,2784,589,2
2020.7.5,4183,2811,589,9
2020.7.6,4189,2860,589,6
2020.7.7,4205,2874,589,16
2020.7.8,4210,2885,589,5
2020.7.9,4220,2887,591,10
2020.7.10,4223,2941,593,3
2020.7.11,4229,2974,595,6
2020.7.12,4234,3036,595,5
2020.7.13,4247,3073,595,13
2020.7.14,4258,3106,595,11
2020.7.15,4263,3126,595,5
2020.7.16,4279,3156,595,16
2020.7.17,4293,3220,595,14
2020.7.18,4315,3222,596,22
2020.7.19,4333,3223,596,18
2020.7.20,4339,3232,596,6
2020.7.21,4347,3257,596,8
2020.7.22,4366,3283,596,19
2020.7.23,4380,3300,596,14
2020.7.24,4398,3312,596,18
2020.7.25,4424,3324,596,26
2020.7.26,4435,3329,596,11
2020.7.27,4448,3329,596,13
2020.7.28,4456,3331,596,8
2020.7.29,4465,3339,596,9
2020.7.30,4484,3346,596,19
2020.7.31,4505,3353,596,21
2020.8.1,4526,3364,597,21
2020.8.2,4535,3389,597,9
2020.8.3,4544,3413,597,9
2020.8.4,4553,3415,598,9
2020.8.5,4564,3431,599,11
2020.8.6,4597,3463,600,33
2020.8.7,4621,3464,602,24
2020.8.8,4653,3491,602,32
2020.8.9,4696,3499,602,43
2020.8.10,4731,3525,605,35
2020.8.11,4746,3527,605,15
2020.8.12,4768,3529,605,22
2020.8.13,4813,3561,607,45
2020.8.14,4853,3590,607,40
2020.8.15,4877,3606,607,24
2020.8.16,4916,3623,608,39
2020.8.17,4946,3630,608,30
2020.8.18,4970,3631,609,24
2020.8.19,5002,3665,609,32
2020.8.20,5046,3678,609,44
2020.8.21,5098,3681,611,52
2020.8.22,5133,3692,611,35
2020.8.23,5155,3695,613,22
2020.8.24,5191,3695,613,36
2020.8.25,5215,3716,614,24
2020.8.26,5288,3734,614,73
2020.8.27,5379,3757,614,91
2020.8.28,5511,3759,614,132
2020.8.29,5669,3759,614,158
2020.8.30,5961,3759,614,292
2020.8.31,6139,3761,615,178
2020.9.1,6257,3821,616,118
2020.9.2,6622,3903,619,365
2020.9.3,6923,3930,620,301
2020.9.4,7382,3944,621,459
2020.9.5,7892,3952,624,510
2020.9.6,8387,3958,624,495
2020.9.7,8963,3961,625,576
2020.9.8,9304,3972,626,341
2020.9.9,9715,3984,628,411
2020.9.10,10191,3990,630,476
2020.9.11,10909,4014,631,718
2020.9.12,11825,4058,633,916
2020.9.13,12309,4069,637,484
2020.9.14,13153,4117,642,844
2020.9.15,13879,4130,646,726
2020.9.16,14460,4153,654,581
2020.9.17,15170,4227,663,710
2020.9.18,16111,4240,669,941
2020.9.19,16920,4382,675,809
2020.9.20,17990,4391,683,1070
2020.9.21,18866,4401,686,876
2020.9.22,19499,4559,694,633
2020.9.23,20450,4644,702,951
2020.9.24,21200,4818,709,750
2020.9.25,22127,4945,718,927
2020.9.26,23077,5099,730,950
2020.9.27,24014,5141,736,937
2020.9.28,24716,5152,749,702
2020.9.29,25567,5173,757,851
2020.9.30,26461,5890,765,894
2020.10.1,27309,6118,781,848
2020.10.2,28631,6349,798,1322
2020.10.3,29717,6824,812,1086
2020.10.4,30575,7470,822,858
2020.10.5,31480,8165,833,905
2020.10.6,32298,8723,853,818
2020.10.7,33114,9149,877,816
2020.10.8,34046,9187,898,932
2020.10.9,35222,9202,913,1176
2020.10.10,36596,9683,933,1374
2020.10.11,37664,10848,954,1068
2020.10.12,38837,11037,968,1173
2020.10.13,39862,11753,996,1025
2020.10.14,40782,12164,1023,920
2020.10.15,41732,12628,1052,950
2020.10.16,43025,13134,1085,1293
2020.10.17,44816,13580,1109,1791
2020.10.18,46290,14088,1142,1474
2020.10.19,47768,14312,1173,1478
2020.10.20,48757,14637,1211,989
2020.10.21,50180,14905,1259,1423
2020.10.22,52212,15254,1305,2032
2020.10.23,54278,15655,1352,2066
2020.10.24,56098,16007,1390,1820
2020.10.25,59247,16242,1425,3149
2020.10.26,61563,16491,1472,2316
2020.10.27,63642,16646,1535,2079
2020.10.28,65933,17098,1578,2291
2020.10.29,68127,17469,1634,2194
2020.10.30,71413,17953,1699,3286
2020.10.31,75321,19032,1750,3908
2020.11.1,79199,20078,1819,3878
2020.11.2,82780,20476,1889,3581
2020.11.3,86769,20856,1973,3989
2020.11.4,90988,21232,2063,4219
2020.11.5,94916,22823,2147,3928
2020.11.6,99625,23213,2250,4709
2020.11.7,104943,24847,2357,5318
2020.11.8,109616,25070,2438,4673
2020.11.9,114778,26161,2493,5162
2020.11.10,118918,27585,2596,4140
2020.11.11,122863,28808,2697,3945
2020.11.12,126790,29302,2784,3927
2020.11.13,131887,29802,2883,5097
2020.11.14,136723,31126,2990,4836
2020.11.15,140961,31599,3097,4238
2020.11.16,147456,34010,3190,6495
2020.11.17,152659,34185,3281,5203
2020.11.18,156949,34846,3380,4290
2020.11.19,161461,36345,3472,4512
2020.11.20,165901,38074,3568,4440
2020.11.21,170298,40820,3689,4397
2020.11.22,174618,42915,3800,4320
2020.11.23,177952,43339,3891,3334
2020.11.24,181881,44020,4008,3929
2020.11.25,185687,44020,4114,3806
2020.11.26,192047,49616,4229,6360
2020.11.27,198440,52126,4364,6393
2020.11.28,204708,54021,4516,6268
2020.11.29,211527,55637,4672,6819
2020.11.30,221073,64802,4977,5595
2020.12.1,221073,64802,4977,0
2020.12.2,225209,65888,5142,4136
2020.12.3,231844,67033,5324,6635
2020.12.4,238056,68525,5513,6212
2020.12.5,243581,70396,5706,5525
2020.12.6,250278,71682,5868,6697
2020.12.7,254148,74283,5984,3870
2020.12.8,256367,75281,6120,2219
2020.12.9,259588,76270,6280,3221
2020.12.10,265003,77362,6451,5415
2020.12.11,271200,78700,6622,6197
2020.12.12,276247,79769,6784,5047
2020.12.13,280400,80752,6965,4153
2020.12.14,283870,82546,7130,3470
2020.12.15,285763,83115,7237,1893
2020.12.16,288567,83940,7381,2804
2020.12.17,291549,86954,7538,2982
2020.12.18,295977,89814,7725,4428
2020.12.19,300022,93323,7914,4045
2020.12.20,302989,97443,8099,2967
2020.12.21,305130,102962,8282,2141
2020.12.22,306368,108676,8462,1238
2020.12.23,308262,114631,8616,1894
2020.12.24,311554,120529,8729,3292
2020.12.25,314164,123989,8833,2610
2020.12.26,315362,126482,8951,1198
2020.12.27,316669,134344,9161,1307
2020.12.28,316669,134344,9161,0
2020.12.29,317571,138365,9292,902
2020.12.30,319543,144234,9429,1972
2020.12.31,322514,150102,9537,2971
2021.1.1,325278,157063,9667,2764
2021.1.2,326688,164403,9781,1410
2021.1.3,327995,168381,9884,1307
2021.1.4,328851,174070,9977,856
2021.1.5,329721,176576,10080,870
2021.1.6,331768,179541,10198,2047
2021.1.7,334836,179541,10325,3068
2021.1.8,337743,186449,10440,2907
2021.1.9,340459,193172,10554,2716
2021.1.10,342237,197936,10648,1778
2021.1.11,343656,203972,10725,1419
2021.1.12,344352,209852,10853,696
2021.1.13,345710,215453,10948,1358
2021.1.14,347636,220304,11066,1926
2021.1.15,349149,225021,11177,1513
2021.1.16,350587,227325,11264,1438
2021.1.17,351828,228615,11341,1241
2021.1.18,352703,230441,11409,875
2021.1.19,353276,231915,11520,573
2021.1.20,354252,233232,11615,976
2021.1.21,355662,235276,11713,1410
2021.1.22,356973,237362,11811,1311
2021.1.23,358317,239880,11904,1344
2021.1.24,359574,241472,11968,1257
2021.1.25,360418,243092,12024,844
2021.1.26,360877,244681,12113,459
2021.1.27,361881,246596,12198,1004
2021.1.28,363450,249003,12291,1569
2021.1.29,364909,254783,12374,1459
2021.1.30,366279,259555,12463,1370
2021.1.31,367586,262968,12524,1307
2021.2.1,368710,264260,12578,1124
2021.2.2,369288,268803,12656,578
2021.2.3,370336,272284,12739,1048
2021.2.4,371988,274308,12832,1652
2021.2.5,373564,275764,12930,1576
2021.2.6,375125,277949,13026,1561
2021.2.7,376495,279763,13090,1370
2021.2.8,377655,281839,13155,1160
2021.2.9,378734,283282,13249,1079
2021.2.10,380013,285022,13347,1279
2021.2.11,381875,287134,13444,1862
2021.2.12,383735,289520,13543,1860
2021.2.13,385755,293542,13636,2020
2021.2.14,387462,296173,13706,1707
2021.2.15,388799,298008,13752,1337
2021.2.16,389622,298773,13837,823
2021.2.17,391170,299989,13931,1548
2021.2.18,394023,301363,14035,2853
2021.2.19,397116,302689,14145,3093
2021.2.20,400111,304680,14252,2995
2021.2.21,403023,306621,14299,2912
2021.2.22,405646,308650,14347,2623
2021.2.23,407274,310848,14450,1628
2021.2.24,410129,313450,14552,2855
2021.2.25,414514,315781,14672,4385
2021.2.26,419182,317899,14795,4668
2021.2.27,424130,319691,14902,4948
2021.2.28,428599,321128,14974,4469
2021.3.1,432925,322956,15058,4326
2021.3.2,435689,324202,15188,2764
2021.3.3,439900,326215,15324,4211
2021.3.4,446178,328136,15476,6278
2021.3.5,452547,331557,15619,6369
2021.3.6,459816,333045,15765,7269
2021.3.7,466017,335512,15873,6201
2021.3.8,468713,336744,15988,2696
2021.3.9,475207,338946,16146,6494
2021.3.10,480860,340844,16325,5653
2021.3.11,489172,344267,16497,8312
2021.3.12,498183,346904,16627,9011
2021.3.13,507627,349530,16790,9444
2021.3.14,516490,351891,16952,8863
2021.3.15,524196,354817,17083,7706
2021.3.16,529122,356679,17226,4926
2021.3.17,532578,359061,17421,3456
2021.3.18,539080,360895,17628,6502
2021.3.19,549839,364808,17841,10759
2021.3.20,560971,366774,18068,11132
2021.3.21,571596,369998,18262,10625
2021.3.22,580642,373666,18451,9046
2021.3.23,586123,378176,18703,5481
2021.3.24,593710,381807,18952,7587
2021.3.25,603347,387570,19224,9637
2021.3.26,614612,392314,19499,11265
2021.3.27,624779,393999,19752,10167
2021.3.28,633861,395790,19972,9082
2021.3.29,641124,399961,20161,7263
2021.3.30,645733,402964,20435,4609
2021.3.31,652433,406935,20737,6700
2021.4.1,661721,410565,20995,9288
2021.4.2,670776,413370,21262,9055
2021.4.3,679413,415601,21504,8637
2021.4.4,685979,416972,21715,6566
2021.4.5,689853,418084,21928,3874
2021.4.6,691743,418568,22098,1890
2021.4.7,693676,419152,22409,1933
2021.4.8,698490,419765,22681,4814
2021.4.9,705815,420275,22966,7325
2021.4.10,713868,423366,23211,8053
2021.4.11,720164,426394,23417,6296
2021.4.12,725241,429074,23708,5077
2021.4.13,728078,431124,23980,2837
2021.4.14,731675,435344,24265,3597
2021.4.15,736982,440498,24521,5307
2021.4.16,742198,445920,24762,5216
2021.4.17,746802,450791,24979,4604
2021.4.18,750508,455029,25184,3706
2021.4.19,753188,458212,25381,2680
2021.4.20,754833,461181,25580,1645
