date,累计确诊,治愈,死亡,新增确诊
2020.4.7,617,35,29,18
2020.4.8,617,35,30,18
2020.4.9,663,37,30,46
2020.4.10,711,41,32,48
2020.4.11,760,41,34,49
2020.4.12,828,41,34,68
2020.4.13,908,44,38,54
2020.4.14,908,86,44,54
2020.4.16,1117,139,49,36
2020.4.17,1170,164,49,53
2020.4.18,1207,179,51,37
2020.4.19,1225,200,54,18
2020.4.20,1231,224,55,6
2020.4.21,1259,272,56,28
2020.4.22,1300,301,56,41
2020.4.23,1326,337,57,26
2020.4.24,1367,374,59,41
2020.4.25,1386,500,61,19
2020.4.26,1399,553,65,13
2020.4.27,1421,589,71,22
2020.4.28,1442,627,73,21
2020.4.29,1465,738,77,23
2020.4.30,1494,807,81,29
2020.5.1,1506,852,82,12
2020.5.2,1511,945,84,5
2020.5.3,1518,992,85,7
2020.5.4,1526,1013,86,8
2020.5.5,1539,1057,88,13
2020.5.6,1572,1079,89,33
2020.5.7,1586,1099,90,14
2020.5.8,1622,1112,91,36
2020.5.9,1642,1136,91,20
2020.5.10,1664,1200,91,20
2020.5.11,1674,1205,92,10
2020.5.12,1694,1229,95,20
2020.5.13,1723,1235,95,29
2020.5.14,1740,1251,97,17
2020.5.15,1762,1267,98,22
2020.5.16,1792,1293,101,30
2020.5.17,1817,1301,104,25
2020.5.18,1817,1301,104,0
2020.5.19,1839,1351,106,22
2020.5.20,1858,1367,110,19
2020.5.21,1898,1378,111,40
2020.5.22,1921,1387,112,23
2020.5.23,1941,1411,113,20
2020.5.24,1978,1422,113,37
2020.5.25,1999,1439,113,21
2020.5.26,2014,1453,116,15
2020.5.27,2039,1470,119,25
2020.5.28,2077,1486,121,38
2020.5.29,2129,1516,126,52
2020.5.30,2164,1535,131,35
2020.5.31,2226,1552,133,62
2020.6.1,2315,1569,140,89
2020.6.2,2315,1569,140,0
2020.6.3,2492,1605,145,177
2020.6.4,2611,1621,147,119
2020.6.5,2790,1632,149,179
2020.6.6,2915,1640,151,125
2020.6.7,3025,1646,153,110
2020.6.8,3152,1653,156,127
2020.6.9,3239,1658,157,87
2020.6.10,3364,1664,164,125
2020.6.11,3538,1682,169,174
2020.6.12,3701,1694,171,163
2020.6.13,3895,1705,179,194
2020.6.14,4057,1710,188,162
2020.6.15,4157,1723,193,100
2020.6.16,4289,1757,201,132
2020.6.17,4482,1803,210,193
2020.6.18,4664,1836,216,182
2020.6.19,4820,1863,222,156
2020.6.20,5005,1904,233,185
2020.6.21,5106,1926,238,101
2020.6.22,5196,1974,247,90
2020.6.23,5311,2048,251,115
2020.6.24,5445,2091,259,134
2020.6.25,5595,2166,265,150
2020.6.26,5758,2206,268,163
2020.6.27,5906,2236,277,148
2020.6.28,6080,2315,286,174
2020.6.29,6209,2427,298,129
2020.6.30,6334,2475,302,125
2020.7.1,6454,2598,306,120
2020.7.2,6625,2748,321,171
2020.7.3,6787,2876,328,162
2020.7.4,6932,2987,334,145
2020.7.5,7046,3027,341,114
2020.7.6,7124,3199,346,78
2020.7.7,7244,3324,351,120
2020.7.8,7406,3554,359,162
2020.7.9,7572,3624,362,166
2020.7.10,7777,3960,368,205
2020.7.11,7975,4080,376,198
2020.7.12,8111,4203,382,136
2020.7.13,8197,4326,385,86
2020.7.14,8332,4468,389,135
2020.7.15,8530,4565,393,198
2020.7.16,8623,4565,401,93
2020.7.17,8786,4676,406,163
2020.7.18,8786,4676,406,0
2020.7.19,9153,4810,422,367
2020.7.20,9153,4810,422,0
2020.7.21,9412,4940,432,259
2020.7.22,9412,4940,432,0
2020.7.23,9669,5071,445,257
2020.7.24,9797,5254,451,128
2020.7.25,9934,5357,460,137
2020.7.26,10086,5427,460,152
2020.7.27,10213,5564,466,127
2020.7.28,10315,5663,471,102
2020.7.29,10503,5931,476,188
2020.7.30,10617,6020,480,114
2020.7.31,10754,6554,486,137
2020.8.1,10891,6698,493,137
2020.8.2,11054,6882,497,163
2020.8.3,11128,6972,500,74
2020.8.4,11202,7108,505,74
2020.8.5,11289,7221,511,87
2020.8.6,11399,7480,517,110
2020.8.7,11554,7607,519,155
2020.8.8,11554,7607,519,0
2020.8.9,11839,7664,527,285
2020.8.10,11942,8087,528,103
2020.8.11,12083,8248,529,141
2020.8.12,12217,8487,530,134
2020.8.13,12357,8662,532,140
2020.8.14,12515,9030,535,158
2020.8.15,12515,9030,535,0
2020.8.16,12739,9174,544,224
2020.8.17,12840,9174,547,101
2020.8.18,12970,9513,549,130
2020.8.19,13076,9625,551,106
2020.8.20,13194,9752,554,118
2020.8.21,13308,9977,557,114
2020.8.22,13458,10052,563,150
2020.8.23,13595,10110,564,137
2020.8.24,13673,10150,568,78
2020.8.25,13799,10210,573,126
2020.8.26,13914,10507,578,115
2020.8.27,14004,10722,585,90
2020.8.28,14163,10933,590,159
2020.8.29,14293,11014,596,130
2020.8.30,14330,11062,600,37
2020.8.31,14341,11157,603,11
2020.9.1,14455,11525,604,114
2020.9.2,14600,11741,606,145
2020.9.3,14762,11965,606,162
2020.9.4,14871,12054,609,109
2020.9.5,14998,12149,614,127
2020.9.6,15090,12235,617,92
2020.9.7,15127,12486,623,37
2020.9.8,15226,12700,631,99
2020.9.9,15293,12754,634,67
2020.9.10,15414,12896,637,121
2020.9.11,15555,12994,642,141
2020.9.12,15694,13128,646,139
2020.9.13,15791,13184,648,97
2020.9.14,15827,13315,652,36
2020.9.15,15925,13418,661,98
2020.9.16,16088,13550,668,163
2020.9.17,16274,13635,675,186
2020.9.18,16417,13732,683,143
2020.9.19,16417,13732,683,0
2020.9.20,16557,13792,689,140
2020.9.21,16780,13949,700,223
2020.9.22,16867,14084,705,87
2020.9.23,17049,14186,710,182
2020.9.24,17200,14312,712,151
2020.9.25,17343,14422,721,143
2020.9.26,17483,14516,722,140
2020.9.27,17629,14581,725,146
2020.9.28,17674,14642,729,45
2020.9.29,17786,14801,737,112
2020.9.30,17977,14959,739,191
2020.10.1,18138,15068,743,161
2020.10.2,18363,15164,749,225
2020.10.3,18602,15264,753,239
2020.10.4,18790,15341,756,188
2020.10.5,18873,15487,760,83
2020.10.6,19096,15645,768,223
2020.10.7,19413,15749,772,317
2020.10.8,19777,15855,775,364
2020.10.9,20163,16009,781,386
2020.10.10,20163,16009,781,0
2020.10.11,20555,16099,785,392
2020.10.12,21113,16301,797,558
2020.10.13,21193,16397,800,80
2020.10.14,21193,16397,800,0
2020.10.15,21636,16591,809,443
2020.10.16,22170,16758,815,534
2020.10.17,22607,16949,821,437
2020.10.18,23628,17239,834,1021
2020.10.19,23788,17392,846,160
2020.10.20,23788,17392,846,0
2020.10.21,24836,17905,862,1048
2020.10.22,24836,17905,862,0
2020.10.23,25473,18047,874,637
2020.10.24,26394,18430,897,921
2020.10.25,26394,18430,897,0
2020.10.26,26954,18627,919,560
2020.10.27,27199,18948,934,245
2020.10.28,27827,19479,949,628
2020.10.29,28697,19771,963,870
2020.10.30,29558,19994,977,861
2020.10.31,30488,20448,982,930
2020.11.1,32436,21090,1004,1948
2020.11.2,32436,21090,1004,0
2020.11.3,32997,21244,1025,561
2020.11.4,33908,21665,1049,911
2020.11.5,35097,22024,1071,1189
2020.11.6,36372,22526,1084,1275
2020.11.7,37499,22835,1096,1127
2020.11.8,38782,23011,1110,1283
2020.11.9,39760,23035,1136,978
2020.11.10,40275,24229,1156,515
2020.11.11,41222,24920,1186,947
2020.11.12,42540,25353,1212,1318
2020.11.13,43835,25782,1238,1295
2020.11.14,44898,26289,1263,1063
2020.11.15,46062,26981,1281,1164
2020.11.16,47050,27364,1305,988
2020.11.17,47636,27803,1345,586
2020.11.18,48613,28646,1376,977
2020.11.19,50015,29583,1397,1402
2020.11.20,51213,30204,1423,1198
2020.11.21,52449,30952,1462,1236
2020.11.22,53631,31659,1487,1182
2020.11.23,54743,32366,1511,1112
2020.11.24,55127,32894,1546,384
2020.11.25,56164,33892,1561,1037
2020.11.26,57451,34970,1600,1287
2020.11.27,58608,36064,1630,1157
2020.11.28,59701,36825,1658,1093
2020.11.29,60723,37505,1699,1022
2020.11.30,61878,38946,1763,820
2020.12.1,61878,38946,1763,0
2020.12.2,62945,40188,1792,1067
2020.12.3,63890,40977,1825,945
2020.12.4,65231,41656,1847,1341
2020.12.5,66330,42241,1877,1099
2020.12.6,67311,42872,1901,981
2020.12.7,67968,43646,1924,657
2020.12.8,68332,44705,1949,364
2020.12.9,69452,45621,1977,1120
2020.12.10,69954,46352,2023,502
2020.12.11,70883,47364,2051,929
2020.12.12,72044,48170,2077,1161
2020.12.13,73638,49414,2121,1594
2020.12.14,73851,50046,2147,213
2020.12.15,73851,50046,2147,0
2020.12.16,75597,51493,2194,1746
2020.12.17,75597,51493,2194,0
2020.12.18,76251,52413,2225,654
2020.12.19,77134,52949,2254,883
2020.12.20,77949,53345,2274,815
2020.12.21,78434,55155,2314,485
2020.12.22,78434,55155,2314,0
2020.12.23,79190,56099,2340,756
2020.12.24,79815,56743,2354,625
2020.12.25,80407,57434,2375,592
2020.12.26,80896,58182,2401,489
2020.12.27,81721,59231,2445,825
2020.12.28,81804,59650,2456,83
2020.12.29,81804,59650,2456,0
2020.12.30,82301,60256,2473,497
2020.12.31,82794,60706,2488,493
2021.1.1,83329,61447,2503,535
2021.1.2,83789,62469,2522,460
2021.1.3,83789,62469,2522,0
2021.1.4,84024,62929,2530,235
2021.1.5,84129,63532,2550,105
2021.1.6,84709,64104,2559,580
2021.1.7,85328,65793,2571,619
2021.1.8,85494,66209,2581,166
2021.1.9,85594,66760,2592,100
2021.1.10,86150,67164,2614,556
2021.1.11,86494,67453,2622,344
2021.1.12,86597,67992,2635,103
2021.1.13,87117,68364,2647,520
2021.1.14,87590,68695,2657,473
2021.1.15,87986,69137,2672,396
2021.1.16,88749,71592,2696,763
2021.1.17,88938,73601,2702,189
2021.1.18,88938,73601,2702,0
2021.1.19,88992,73777,2715,54
2021.1.20,89392,73983,2726,400
2021.1.21,89463,74800,2739,71
2021.1.22,89817,75387,2754,354
2021.1.23,90471,76423,2779,654
2021.1.24,90654,78154,2785,183
2021.1.25,90717,78727,2791,63
2021.1.26,90717,78727,2791,0
2021.1.27,91161,79621,2812,444
2021.1.28,91891,80393,2831,730
2021.1.29,91891,80393,2831,0
2021.1.30,92193,80837,2841,302
2021.1.31,92518,81316,2848,325
2021.2.1,92693,81681,2855,175
2021.2.2,92753,82121,2866,60
2021.2.3,93160,82520,2873,407
2021.2.4,93882,83424,2900,722
2021.2.5,94196,83634,2908,314
2021.2.6,94599,83735,2916,403
2021.2.7,94599,83735,2916,0
2021.2.8,94871,85439,2946,272
2021.2.9,94871,85439,2946,0
2021.2.10,95736,86844,2959,865
2021.2.11,96152,87122,2966,416
2021.2.12,96518,87324,2971,366
2021.2.13,96872,87446,2976,354
2021.2.14,97052,87652,2989,180
2021.2.15,97101,87960,2998,49
2021.2.16,97456,88301,3003,355
2021.2.17,97803,88469,3010,347
2021.2.18,98174,88778,3018,371
2021.2.19,98584,89022,3037,410
2021.2.20,98584,89022,3037,0
2021.2.21,99285,89400,3063,701
2021.2.22,99408,89742,3076,123
2021.2.23,99917,90096,3085,509
2021.2.24,100632,90311,3098,715
2021.2.25,100632,90311,3098,0
2021.2.26,101762,90895,3119,1130
2021.2.27,101762,90895,3119,0
2021.2.28,102787,91233,3137,1025
2021.3.1,103020,91507,3144,233
2021.3.2,103746,91875,3151,726
2021.3.3,104548,92189,3156,802
2021.3.4,105269,93942,3165,721
2021.3.5,106110,94275,3176,841
2021.3.6,106110,94275,3176,0
2021.3.7,106832,94461,3185,722
2021.3.8,107163,94729,3195,331
2021.3.9,108350,95822,3228,1187
2021.3.10,108350,95822,3228,0
2021.3.11,109262,96173,3244,912
2021.3.12,111077,96925,3280,1815
2021.3.13,111077,96925,3280,0
2021.3.14,112646,97687,3319,1569
2021.3.15,112930,98133,3340,284
2021.3.16,112930,98133,3340,0
2021.3.17,115222,99015,3388,2292
2021.3.18,115222,99015,3388,0
2021.3.19,116438,99126,3403,1216
2021.3.20,117437,99837,3424,999
2021.3.21,119378,100774,3473,1941
2021.3.22,119378,100774,3473,0
2021.3.23,119828,101474,3503,450
2021.3.24,120882,102201,3528,1054
2021.3.25,122227,102652,3545,1345
2021.3.26,123491,103374,3574,1264
2021.3.27,124910,103831,3607,1419
2021.3.28,126230,104345,3642,1320
2021.3.29,127240,105524,3716,1010
2021.3.30,127240,105524,3716,0
2021.3.31,128511,106392,3749,1271
2021.4.1,131424,107740,3810,2913
2021.4.2,131424,107740,3810,0
2021.4.3,132740,108197,3860,1316
2021.4.4,134867,109297,3940,2127
2021.4.5,134867,109297,3940,0
2021.4.6,135167,110388,3977,300
2021.4.7,136426,111139,4022,1259
2021.4.8,138891,112619,4108,2465
2021.4.9,138891,112619,4108,0
2021.4.10,141157,115433,4182,2266
2021.4.11,141157,115433,4182,0
2021.4.12,141844,116780,4228,687
2021.4.13,143162,118946,4289,1318
2021.4.14,144111,119683,4322,949
2021.4.15,145001,120707,4357,890
2021.4.16,145909,121439,4388,908
2021.4.17,145909,121439,4388,0
2021.4.18,147094,122810,4443,1185
2021.4.19,147229,123710,4478,135
2021.4.20,147995,124828,4509,766
2021.4.21,148618,125593,4556,623
