date,累计确诊,治愈,死亡,新增确诊
2020.4.8,3,0,0,1
2020.4.9,3,0,0,1
2020.4.23,5,0,0,1
2020.4.25,6,0,0,1
2020.4.28,34,0,0,28
2020.4.29,35,0,0,1
2020.5.1,45,0,0,10
2020.5.2,46,0,0,1
2020.5.4,52,0,0,6
2020.5.5,58,0,0,6
2020.5.6,74,0,0,16
2020.5.10,156,2,0,36
2020.5.12,194,2,0,38
2020.5.13,203,2,0,9
2020.5.14,231,3,1,28
2020.5.15,236,4,4,28
2020.5.16,236,4,4,0
2020.5.17,290,4,4,54
2020.5.18,290,4,4,0
2020.5.19,290,4,4,0
2020.5.20,290,4,4,0
2020.5.21,481,4,4,191
2020.5.22,481,4,4,0
2020.5.23,563,6,6,82
2020.5.24,655,6,8,92
2020.5.25,655,6,8,0
2020.5.26,806,6,8,151
2020.5.27,806,6,8,0
2020.5.28,994,6,10,188
2020.5.29,994,6,10,0
2020.5.30,994,6,10,0
2020.5.31,994,6,10,0
2020.6.1,994,6,10,0
2020.6.2,994,6,10,0
2020.6.3,994,6,10,0
2020.6.4,994,6,10,0
2020.6.5,994,6,10,0
2020.6.6,994,6,10,0
2020.6.7,1317,6,14,323
2020.6.8,1604,15,19,287
2020.6.9,1604,15,19,0
2020.6.10,1604,15,19,0
2020.6.11,1604,15,19,0
2020.6.12,1670,48,24,66
2020.6.13,1670,48,24,0
2020.6.14,1693,49,27,23
2020.6.15,1693,49,27,0
2020.6.16,1693,49,27,0
2020.6.17,1776,58,30,83
2020.6.18,1813,89,31,37
2020.6.19,1830,117,32,17
2020.6.20,1864,122,34,34
2020.6.21,1882,122,34,18
2020.6.22,1892,169,34,10
2020.6.23,1916,190,35,24
2020.6.24,1930,217,36,14
2020.6.25,1942,224,36,12
2020.6.26,1942,224,36,0
2020.6.27,1942,224,36,0
2020.6.28,1942,224,36,0
2020.6.29,1989,246,36,47
2020.6.30,1989,246,36,0
2020.7.1,2007,279,38,18
2020.7.2,2021,333,38,14
2020.7.3,2021,333,38,0
2020.7.4,2021,333,38,0
2020.7.5,2021,333,38,0
2020.7.6,2021,333,38,0
2020.7.7,2021,333,38,0
2020.7.8,2021,333,38,0
2020.7.9,2021,333,38,0
2020.7.10,2021,333,38,0
2020.7.11,2021,333,38,0
2020.7.12,2021,333,38,0
2020.7.13,2021,333,38,0
2020.7.14,2148,333,41,127
2020.7.15,2153,1175,41,5
2020.7.16,2153,1175,41,0
2020.7.17,2171,1175,41,18
2020.7.18,2191,1175,43,20
2020.7.19,2191,1175,43,0
2020.7.20,2200,1175,43,9
2020.7.21,2211,1175,45,11
2020.7.22,2211,1175,45,0
2020.7.23,2211,1175,45,0
2020.7.24,2239,1175,45,28
2020.7.25,2258,1175,45,19
2020.7.26,2258,1175,45,0
2020.7.27,2262,1175,45,4
2020.7.28,2305,1175,46,43
2020.7.29,2305,1175,46,0
2020.7.30,2322,1175,46,17
2020.7.31,2322,1175,46,0
2020.8.1,2322,1175,46,0
2020.8.2,2352,1175,46,30
2020.8.3,2429,1175,46,77
2020.8.4,2437,1175,47,8
2020.8.5,2437,1175,47,0
2020.8.6,2437,1175,47,0
2020.8.7,2450,1175,47,13
2020.8.8,2450,1175,47,0
2020.8.9,2463,1175,47,13
2020.8.10,2470,1175,47,7
2020.8.11,2470,1175,47,0
2020.8.12,2472,1175,47,2
2020.8.13,2477,1175,47,5
2020.8.14,2478,1175,47,1
2020.8.15,2482,1175,47,4
2020.8.16,2488,1175,47,6
2020.8.17,2489,1175,47,1
2020.8.18,2490,1175,47,1
2020.8.19,2490,1175,47,0
2020.8.20,2494,1290,47,4
2020.8.21,2494,1290,47,0
2020.8.22,2497,1290,47,3
2020.8.23,2499,1290,47,2
2020.8.24,2499,1290,47,0
2020.8.25,2504,1290,47,5
2020.8.26,2507,1290,47,3
2020.8.27,2510,1290,47,3
2020.8.28,2514,1290,47,4
2020.8.29,2518,1290,47,4
2020.8.30,2519,1290,47,1
2020.8.31,2519,1290,47,0
2020.9.1,2527,1290,47,8
2020.9.2,2527,1290,47,0
2020.9.3,2532,1290,47,5
2020.9.4,2533,1290,47,1
2020.9.5,2536,1290,47,3
2020.9.6,2544,1290,48,8
2020.9.7,2544,1290,48,0
2020.9.8,2545,1290,48,1
2020.9.9,2552,1290,49,7
2020.9.10,2555,1290,49,3
2020.9.11,2555,1290,49,0
2020.9.12,2568,1290,49,13
2020.9.13,2578,1290,49,10
2020.9.14,2587,1290,49,9
2020.9.15,2587,1290,49,0
2020.9.16,2592,1290,49,5
2020.9.17,2594,1290,49,2
2020.9.18,2599,1290,49,5
2020.9.19,2609,1290,49,10
2020.9.20,2642,1290,49,33
2020.9.21,2642,1290,49,0
2020.9.22,2649,1290,49,7
2020.9.23,2660,1290,49,11
2020.9.24,2664,1290,49,4
2020.9.25,2669,1290,49,5
2020.9.26,2676,1290,49,7
2020.9.27,2686,1290,49,10
2020.9.28,2692,1290,49,6
2020.9.29,2692,1290,49,0
2020.9.30,2700,1290,49,8
2020.10.1,2704,1290,49,4
2020.10.2,2704,1290,49,0
2020.10.3,2715,1290,50,11
2020.10.4,2715,1290,50,0
2020.10.5,2726,1290,50,11
2020.10.6,2734,1290,50,8
2020.10.7,2734,1290,50,0
2020.10.8,2748,1290,50,14
2020.10.9,2761,1290,54,13
2020.10.10,2761,1290,54,0
2020.10.11,2777,1290,55,16
2020.10.12,2777,1290,55,0
2020.10.13,2787,1290,55,10
2020.10.14,2798,1290,55,11
2020.10.15,2798,1290,55,0
2020.10.16,2807,1290,55,9
2020.10.17,2817,1290,55,10
2020.10.18,2842,1290,55,25
2020.10.19,2847,1290,55,5
2020.10.20,2847,1290,55,0
2020.10.21,2847,1290,55,0
2020.10.22,2870,1290,55,23
2020.10.23,2876,1290,56,6
2020.10.24,2876,1290,56,0
2020.10.25,2883,1290,56,7
2020.10.26,2883,1290,56,0
2020.10.27,2883,1290,56,0
2020.10.28,2890,1290,56,7
2020.10.29,2890,1290,56,0
2020.10.30,2903,1290,58,13
2020.10.31,2905,1290,58,2
2020.11.1,2926,1290,59,21
2020.11.2,2926,1290,59,0
2020.11.3,2926,1290,59,0
2020.11.4,2940,1290,59,14
2020.11.5,2943,1290,59,3
2020.11.6,2943,1290,59,0
2020.11.7,2943,1290,59,0
2020.11.8,2943,1290,59,0
2020.11.9,2943,1290,59,0
2020.11.10,2960,1290,59,17
2020.11.11,2960,1290,59,0
2020.11.12,2960,1290,59,0
2020.11.13,2960,1290,59,0
2020.11.14,2980,1290,59,20
2020.11.15,3003,1290,59,23
2020.11.16,3003,1290,59,0
2020.11.17,3012,1290,59,9
2020.11.18,3016,1290,59,4
2020.11.19,3016,1290,59,0
2020.11.20,3016,1290,59,0
2020.11.21,3016,1290,59,0
2020.11.22,3047,1290,60,31
2020.11.23,3047,1290,60,0
2020.11.24,3069,2938,61,22
2020.11.25,3073,2938,61,4
2020.11.26,3092,2949,61,19
2020.11.27,3092,2949,61,0
2020.11.28,3104,2954,61,12
2020.11.29,3104,2954,61,0
2020.11.30,3109,2954,61,5
2020.12.1,3111,2954,61,2
2020.12.2,3111,2954,61,0
2020.12.3,3118,2966,61,7
2020.12.4,3154,2977,62,36
2020.12.5,3154,2977,62,0
2020.12.6,3166,2977,62,12
2020.12.7,3181,2977,62,15
2020.12.8,3181,2977,62,0
2020.12.9,3181,3003,62,0
2020.12.10,3181,3003,62,0
2020.12.11,3181,3003,62,0
2020.12.12,3181,3003,62,0
2020.12.13,3206,3043,62,25
2020.12.14,3206,3043,62,0
2020.12.15,3206,3043,62,0
2020.12.16,3222,3043,62,16
2020.12.17,3222,3043,62,0
2020.12.18,3228,3090,62,6
2020.12.19,3228,3090,62,0
2020.12.20,3228,3090,62,0
2020.12.21,3228,3090,62,0
2020.12.22,3234,3111,62,6
2020.12.23,3234,3111,62,0
2020.12.24,3455,3118,62,221
2020.12.25,3455,3118,62,0
2020.12.26,3455,3118,62,0
2020.12.27,3490,3118,62,35
2020.12.28,3491,3118,62,1
2020.12.29,3491,3118,62,0
2020.12.30,3540,3131,63,49
2020.12.31,3540,3131,63,0
2021.1.1,3558,3131,63,18
2021.1.2,3558,3131,63,0
2021.1.3,3558,3131,63,0
2021.1.4,3589,3131,63,31
2021.1.5,3589,3131,63,0
2021.1.6,3589,3131,63,0
2021.1.7,3589,3131,63,0
2021.1.8,3589,3131,63,0
2021.1.9,3589,3131,63,0
2021.1.10,3649,3165,63,60
2021.1.11,3649,3165,63,0
2021.1.12,3662,3165,63,13
2021.1.13,3670,3181,63,8
2021.1.14,3670,3181,63,0
2021.1.15,3670,3181,63,0
2021.1.16,3670,3181,63,0
2021.1.17,3670,3181,63,0
2021.1.18,3693,3181,63,23
2021.1.19,3703,3181,63,10
2021.1.20,3773,3542,64,70
2021.1.21,3773,3542,64,0
2021.1.22,3788,3542,64,15
2021.1.23,3788,3542,64,0
2021.1.24,3788,3542,64,0
2021.1.25,3788,3542,64,0
2021.1.26,3788,3542,64,0
2021.1.27,3788,3542,64,0
2021.1.28,3929,3613,64,141
2021.1.29,3929,3613,64,0
2021.1.30,3929,3613,64,0
2021.1.31,3929,3613,64,0
2021.2.1,3929,3613,64,0
2021.2.2,3929,3613,64,0
2021.2.3,3929,3613,64,0
2021.2.4,3929,3613,64,0
2021.2.5,4267,3634,66,338
2021.2.6,4355,3663,66,88
2021.2.7,4355,3663,66,0
2021.2.8,4355,3663,66,0
2021.2.9,4642,3709,68,287
2021.2.10,4804,3709,69,162
2021.2.11,4960,3729,71,156
2021.2.12,4960,3729,71,0
2021.2.13,5310,3769,74,350
2021.2.14,5310,3769,74,0
2021.2.15,5413,3769,74,103
2021.2.16,5710,3876,79,297
2021.2.17,5922,3876,79,212
2021.2.18,6084,3876,83,162
2021.2.19,6277,4014,83,193
2021.2.20,6417,4014,85,140
2021.2.21,6583,4014,86,166
2021.2.22,6931,4014,87,348
2021.2.23,7098,4014,87,167
2021.2.24,7224,4014,87,126
2021.2.25,7349,4107,87,125
2021.2.26,7597,4107,90,248
2021.2.27,7771,4217,93,174
2021.2.28,7926,4217,93,155
2021.3.1,8010,4217,94,84
2021.3.2,8144,4217,95,134
2021.3.3,8305,4217,97,161
2021.3.4,8414,4317,100,109
2021.3.5,8527,4317,100,113
2021.3.6,8677,4317,102,150
2021.3.7,8766,4317,102,89
2021.3.8,8870,4914,102,104
2021.3.9,8870,4914,102,0
2021.3.10,9092,5914,102,222
2021.3.11,9205,7906,103,113
2021.3.12,9205,7906,103,0
2021.3.13,9429,7906,104,224
2021.3.14,9429,7906,104,0
2021.3.15,9490,7906,104,61
2021.3.16,9613,7906,106,123
2021.3.17,9613,7906,106,0
2021.3.18,9694,8215,106,81
2021.3.19,9768,8215,106,74
2021.3.20,9849,8215,106,81
2021.3.21,9879,8779,106,30
2021.3.22,9879,8779,106,0
2021.3.23,9890,8779,106,11
2021.3.24,9969,9002,107,79
2021.3.25,9969,9002,107,0
2021.3.26,10048,9330,108,79
2021.3.27,10079,9391,108,31
2021.3.28,10098,9454,108,19
2021.3.29,10098,9454,108,0
2021.3.30,10119,9594,108,21
2021.3.31,10165,9668,109,46
2021.4.1,10197,9710,112,32
2021.4.2,10219,9749,112,22
2021.4.3,10255,9779,112,36
2021.4.4,10267,9835,113,12
2021.4.5,10267,9835,113,0
2021.4.6,10286,9835,113,19
2021.4.7,10286,9835,113,0
2021.4.8,10324,10061,114,38
2021.4.9,10340,10090,114,16
2021.4.10,10359,10090,114,19
2021.4.11,10372,10090,114,13
2021.4.12,10381,10148,114,9
2021.4.13,10387,10148,114,6
2021.4.14,10403,10148,114,16
2021.4.15,10416,10148,114,13
2021.4.16,10432,10148,114,16
2021.4.17,10432,10148,114,0
2021.4.18,10432,10148,114,0
2021.4.19,10473,10215,114,41
2021.4.20,10478,10215,114,5
