date,累计确诊,治愈,死亡,新增确诊
2020.3.28,1831,6,18,226
2020.4.8,3034,500,46,64
2020.4.9,3115,500,52,81
2020.4.10,3163,500,54,48
2020.4.11,3270,500,62,47
2020.4.12,3281,500,66,11
2020.4.13,3292,500,69,11
2020.4.14,3307,500,69,15
2020.4.15,3373,526,69,66
2020.4.16,3444,552,69,71
2020.4.17,3480,579,72,36
2020.4.18,3537,601,72,57
2020.4.19,3550,627,73,13
2020.4.20,3558,627,75,8
2020.4.21,3618,670,78,60
2020.4.22,3654,711,80,36
2020.4.23,3665,711,83,11
2020.4.24,3695,3007,85,30
2020.4.25,3711,3088,85,16
2020.4.26,3723,3104,88,12
2020.4.27,3729,3123,88,6
2020.4.28,3741,3123,89,12
2020.4.29,3769,3134,89,28
2020.4.30,3784,3213,90,15
2020.5.1,3802,3213,92,18
2020.5.2,3812,3213,92,10
2020.5.3,3824,3379,96,12
2020.5.5,3840,3412,96,12
2020.5.6,3851,3452,98,11
2020.5.7,3859,3505,100,8
2020.5.9,3877,3550,101,6
2020.5.12,3894,3610,102,6
2020.5.13,3904,3629,103,10
2020.5.15,3923,3682,104,11
2020.5.16,3930,3682,104,7
2020.5.17,3945,3702,107,15
2020.5.18,3945,3702,107,0
2020.5.19,3947,3715,107,2
2020.5.20,3958,3718,109,11
2020.5.21,3971,3728,109,13
2020.5.22,3981,3748,109,10
2020.5.23,3990,3758,109,9
2020.5.24,3992,3767,110,2
2020.5.25,3992,3767,110,0
2020.5.26,3995,3783,110,3
2020.5.27,3995,3783,110,0
2020.5.28,4001,3791,110,6
2020.5.29,4012,3815,110,11
2020.5.30,4016,3815,110,4
2020.5.31,4018,3833,110,2
2020.6.1,4019,3845,110,1
2020.6.2,4019,3845,110,0
2020.6.3,4024,3861,110,5
2020.6.4,4024,3861,110,0
2020.6.5,4027,3874,110,3
2020.6.6,4035,3888,110,8
2020.6.7,4039,3899,110,4
2020.6.8,4040,3901,110,1
2020.6.9,4046,3902,110,6
2020.6.10,4049,3904,110,3
2020.6.11,4052,3910,110,3
2020.6.12,4052,3910,110,0
2020.6.13,4063,3922,110,11
2020.6.14,4070,3929,110,7
2020.6.15,4070,3929,110,0
2020.6.16,4072,3931,110,2
2020.6.17,4085,3935,110,13
2020.6.18,4085,3935,110,0
2020.6.19,4099,3944,110,14
2020.6.20,4105,3951,110,6
2020.6.21,4120,3956,110,15
2020.6.22,4120,3956,110,0
2020.6.23,4133,3959,110,13
2020.6.24,4133,3959,110,0
2020.6.25,4151,3968,110,18
2020.6.26,4173,3968,110,22
2020.6.27,4217,3978,110,44
2020.6.28,4242,3978,110,25
2020.6.29,4256,3997,110,14
2020.6.30,4299,3998,110,43
2020.7.1,4345,4003,110,46
2020.7.2,4395,4012,110,50
2020.7.3,4395,4012,110,0
2020.7.4,4476,4016,110,81
2020.7.5,4476,4016,110,0
2020.7.6,4522,4016,110,46
2020.7.7,4603,4016,110,81
2020.7.8,4603,4056,110,0
2020.7.9,4650,4056,110,47
2020.7.10,4777,4086,110,127
2020.7.11,4842,4086,110,65
2020.7.12,4925,4086,111,83
2020.7.13,4956,4086,111,31
2020.7.14,5056,4195,111,100
2020.7.15,5056,4195,111,0
2020.7.16,5122,4247,111,66
2020.7.17,5285,4275,111,163
2020.7.18,5483,4333,111,198
2020.7.19,5605,4333,111,122
2020.7.20,5605,4333,111,0
2020.7.21,5639,4464,111,34
2020.7.22,5725,4479,111,86
2020.7.23,5854,4530,111,129
2020.7.24,5952,4591,112,98
2020.7.25,6056,4647,112,104
2020.7.26,6189,4647,112,133
2020.7.27,6272,4647,112,83
2020.7.28,6375,4855,113,103
2020.7.29,6375,4855,113,0
2020.7.30,6533,4959,114,158
2020.7.31,6616,5027,114,83
2020.8.1,6695,5192,114,79
2020.8.2,6793,5192,116,98
2020.8.3,6855,5192,117,62
2020.8.4,6864,5498,118,9
2020.8.5,6917,5537,118,53
2020.8.6,7073,5750,119,156
2020.8.7,7073,5750,119,0
2020.8.8,7113,5848,119,40
2020.8.9,7169,5848,120,56
2020.8.10,7216,6170,121,47
2020.8.11,7216,6170,121,0
2020.8.12,7242,6222,122,26
2020.8.13,7300,6262,122,58
2020.8.14,7368,6414,122,68
2020.8.15,7405,6500,122,37
2020.8.16,7458,6500,123,53
2020.8.17,7458,6500,123,0
2020.8.18,7469,6739,124,11
2020.8.19,7499,6753,124,30
2020.8.20,7566,6813,124,67
2020.8.21,7637,6903,124,71
2020.8.22,7704,6969,124,67
2020.8.23,7762,6969,124,58
2020.8.24,7775,6969,124,13
2020.8.25,7794,7106,124,19
2020.8.26,7838,7114,124,44
2020.8.27,7928,7140,124,90
2020.8.28,7928,7140,124,0
2020.8.29,7928,7140,124,0
2020.8.30,7928,7140,124,0
2020.8.31,7928,7140,124,0
2020.9.1,7928,7140,124,0
2020.9.2,7928,7140,124,0
2020.9.3,7928,7140,124,0
2020.9.4,6811,6074,124,0
2020.9.5,6854,6126,124,43
2020.9.6,6896,6126,124,42
2020.9.7,6950,6126,124,54
2020.9.8,6960,6256,124,10
2020.9.9,6974,6256,124,14
2020.9.10,7023,6292,124,49
2020.9.11,7088,6292,124,65
2020.9.12,7159,6397,124,71
2020.9.13,7194,6397,124,35
2020.9.14,7238,6397,124,44
2020.9.15,7244,6555,124,6
2020.9.16,7284,6561,124,40
2020.9.17,7394,6593,124,110
2020.9.18,7541,6641,124,147
2020.9.19,7718,6703,124,177
2020.9.20,7804,6703,124,86
2020.9.21,7907,6703,124,103
2020.9.22,7916,6839,124,9
2020.9.23,8016,6848,124,100
2020.9.24,8090,6862,124,74
2020.9.25,8233,6976,124,143
2020.9.26,8311,6976,124,78
2020.9.27,8357,6976,124,46
2020.9.28,8376,7128,124,19
2020.9.29,8376,7128,124,0
2020.9.30,8509,7174,124,133
2020.10.1,8509,7174,124,0
2020.10.2,8709,7428,125,200
2020.10.3,8797,7428,125,88
2020.10.4,8890,7428,126,93
2020.10.5,8925,7793,127,35
2020.10.6,8979,7793,128,54
2020.10.7,9119,7900,128,140
2020.10.8,9119,7900,128,0
2020.10.9,9360,8038,130,241
2020.10.10,9360,8038,130,0
2020.10.11,9722,8038,132,362
2020.10.12,9731,8234,133,9
2020.10.13,9840,8248,133,109
2020.10.14,10030,8306,133,190
2020.10.15,10244,8384,133,214
2020.10.16,10471,8468,133,227
2020.10.17,10646,8468,133,175
2020.10.18,10888,8468,133,242
2020.10.19,11010,8471,135,122
2020.10.20,11241,8471,136,231
2020.10.21,11671,8473,138,430
2020.10.22,12333,8474,140,662
2020.10.23,12851,9085,141,518
2020.10.24,13713,9085,144,862
2020.10.25,13713,9085,144,0
2020.10.26,14204,9085,145,491
2020.10.27,14399,9570,147,195
2020.10.28,14884,9579,147,485
2020.10.29,15659,9681,147,775
2020.10.30,16356,9865,150,697
2020.10.31,17134,10081,152,778
2020.11.1,17933,10081,157,799
2020.11.2,18782,10081,160,849
2020.11.3,19101,10717,160,319
2020.11.4,19634,10825,167,533
2020.11.5,20344,11063,171,710
2020.11.6,21147,11519,177,803
2020.11.7,21806,12094,180,659
2020.11.8,22481,12094,185,675
2020.11.9,23051,12094,188,570
2020.11.10,23227,13913,193,176
2020.11.11,23710,14094,198,483
2020.11.12,24505,14094,206,795
2020.11.13,25218,14798,211,713
2020.11.14,25931,15428,219,713
2020.11.15,26544,15428,222,613
2020.11.16,27092,15428,226,548
2020.11.17,27256,17734,236,164
2020.11.18,27681,18024,240,425
2020.11.19,28573,18504,248,892
2020.11.20,29243,19231,254,670
2020.11.21,29762,20014,260,519
2020.11.22,30333,20014,262,571
2020.11.23,30935,20014,266,602
2020.11.24,31111,22004,273,176
2020.11.25,31484,22189,283,373
2020.11.26,32100,22630,288,616
2020.11.27,32873,23404,294,773
2020.11.28,33409,24073,300,536
2020.11.29,33974,24073,306,565
2020.11.30,34678,26086,321,704
2020.12.1,34678,26086,321,0
2020.12.2,35129,26156,330,451
2020.12.3,35802,26497,334,673
2020.12.4,36429,27356,339,627
2020.12.5,37017,28029,345,588
2020.12.6,37684,28029,350,667
2020.12.7,38215,28029,353,531
2020.12.8,38476,29792,360,261
2020.12.9,38864,29792,369,388
2020.12.10,38864,29792,369,0
2020.12.11,40037,30898,384,1173
2020.12.12,40755,31678,392,718
2020.12.13,41272,31678,396,517
2020.12.14,41718,31678,402,446
2020.12.15,41900,33367,410,182
2020.12.16,42250,33486,418,350
2020.12.17,42845,33920,421,595
2020.12.18,43279,34609,428,434
2020.12.19,43728,35237,434,449
2020.12.20,44067,35237,440,339
2020.12.21,44491,35237,444,424
2020.12.22,44582,37106,450,91
2020.12.23,44809,37221,453,227
2020.12.24,45209,37574,458,400
2020.12.25,45471,37574,461,262
2020.12.26,45724,37574,465,253
2020.12.27,45830,37574,478,106
2020.12.28,45849,40456,487,19
2020.12.29,45849,40456,487,0
2020.12.30,46088,40608,489,239
2020.12.31,46415,40978,495,327
2021.1.1,46602,40978,498,187
2021.1.2,46817,40978,501,215
2021.1.3,46838,40978,503,21
2021.1.4,46919,40978,506,81
2021.1.5,46986,43364,508,67
2021.1.6,47149,43468,514,163
2021.1.7,47430,43712,517,281
2021.1.8,47592,44187,521,162
2021.1.9,47744,44482,527,152
2021.1.10,47880,44482,530,136
2021.1.11,47984,44482,533,104
2021.1.12,48027,44845,535,43
2021.1.13,48181,44848,538,154
2021.1.14,48372,44935,542,191
2021.1.15,48486,45449,545,114
2021.1.16,48630,45654,549,144
2021.1.17,48765,45654,552,135
2021.1.18,48852,45654,552,87
2021.1.19,48890,45997,557,38
2021.1.20,48975,46051,560,85
2021.1.21,49204,46211,562,229
2021.1.22,49319,46499,562,115
2021.1.23,49438,46656,562,119
2021.1.24,49581,46656,564,143
2021.1.25,49704,46656,564,123
2021.1.26,49733,47109,566,29
2021.1.27,49852,47147,570,119
2021.1.28,50089,47302,571,237
2021.1.29,50228,47506,574,139
2021.1.30,50388,47615,577,160
2021.1.31,50547,47615,579,159
2021.2.1,50699,47615,580,152
2021.2.2,50733,47974,584,34
2021.2.3,50923,48006,586,190
2021.2.4,51128,48092,587,205
2021.2.5,51330,48311,588,202
2021.2.6,51512,48421,590,182
2021.2.7,51689,48421,592,177
2021.2.8,51848,48421,593,159
2021.2.9,51879,48853,597,31
2021.2.10,52022,48853,600,143
2021.2.11,52247,48949,602,225
2021.2.12,52392,49166,604,145
2021.2.13,52539,49301,606,147
2021.2.14,52699,49301,606,160
2021.2.15,52884,49301,607,185
2021.2.16,52923,49775,611,39
2021.2.17,53062,49807,612,139
2021.2.18,53329,49994,616,267
2021.2.19,53562,50198,619,233
2021.2.20,53782,50386,622,220
2021.2.21,53968,50386,623,186
2021.2.22,54138,50386,625,170
2021.2.23,54172,50931,628,34
2021.2.24,54354,50945,629,182
2021.2.25,54678,51064,632,324
2021.2.26,54871,51290,634,193
2021.2.27,55110,51487,637,239
2021.2.28,55313,51487,637,203
2021.3.1,55435,51487,638,122
2021.3.2,55480,52019,639,45
2021.3.3,55632,52062,641,152
2021.3.4,55902,52185,643,270
2021.3.5,56110,52445,647,208
2021.3.6,56296,52662,652,186
2021.3.7,56506,52662,657,210
2021.3.8,56646,52662,662,140
2021.3.9,56677,53240,663,31
2021.3.10,56822,53266,668,145
2021.3.11,57056,53453,673,234
2021.3.12,57321,53748,675,265
2021.3.13,57503,53941,681,182
2021.3.14,57700,53941,688,197
2021.3.15,57877,53941,689,177
2021.3.16,57926,54481,693,49
2021.3.17,58111,54528,697,185
2021.3.18,58408,54666,704,297
2021.3.19,58674,54935,705,266
2021.3.20,58955,55147,714,281
2021.3.21,59210,55147,715,255
2021.3.22,59416,55147,718,206
2021.3.23,59497,55709,719,81
2021.3.24,59662,55761,726,165
2021.3.25,59907,55842,728,245
2021.3.26,60205,56044,736,298
2021.3.27,60465,56318,738,260
2021.3.28,60755,56318,738,290
2021.3.29,61073,56864,741,318
2021.3.30,61255,56903,743,182
2021.3.31,61642,57092,746,387
2021.4.1,61642,57092,746,0
2021.4.2,62105,57596,750,463
2021.4.3,62360,57596,755,255
2021.4.4,62360,57596,755,0
2021.4.5,62360,57596,755,0
2021.4.6,62625,58381,761,265
2021.4.7,62793,58544,762,168
2021.4.8,63180,58874,762,387
2021.4.9,63180,58874,762,0
2021.4.10,63467,58874,763,287
2021.4.11,63650,58874,768,183
2021.4.12,63880,59988,772,230
2021.4.13,64062,60012,777,182
2021.4.14,64062,60012,777,0
2021.4.15,64549,60563,785,487
2021.4.16,64549,60563,785,0
2021.4.17,64746,60627,785,197
2021.4.18,64746,60627,785,0
2021.4.19,65144,61539,786,398
2021.4.20,65319,61594,786,175
