date,累计确诊,治愈,死亡,新增确诊
2020.4.8,110,7,0,5
2020.4.9,113,7,0,3
2020.4.10,118,7,0,5
2020.4.11,120,18,0,2
2020.4.12,126,25,0,6
2020.4.13,127,42,0,1
2020.4.14,134,49,0,7
2020.4.15,136,54,0,2
2020.4.16,138,60,0,2
2020.4.17,143,65,0,5
2020.4.18,144,69,0,1
2020.4.19,147,76,0,3
2020.4.21,150,84,0,3
2020.4.22,153,84,0,3
2020.4.23,154,87,0,1
2020.4.24,176,87,0,22
2020.4.25,183,88,0,7
2020.4.26,191,92,0,8
2020.4.27,207,93,0,16
2020.4.28,212,95,0,5
2020.4.29,225,98,0,13
2020.4.30,243,104,0,18
2020.5.1,249,109,0,6
2020.5.2,255,120,0,6
2020.5.3,259,124,0,4
2020.5.4,261,128,0,2
2020.5.6,268,130,0,7
2020.5.7,271,133,0,3
2020.5.9,280,140,0,7
2020.5.12,286,153,0,1
2020.5.13,287,164,0,1
2020.5.16,289,178,0,2
2020.5.17,292,197,0,3
2020.5.18,292,197,0,0
2020.5.19,297,203,0,5
2020.5.20,308,209,0,11
2020.5.21,314,216,0,6
2020.5.22,320,217,0,6
2020.5.23,321,222,0,1
2020.5.24,325,227,0,4
2020.5.25,327,237,0,2
2020.5.26,336,238,0,9
2020.5.27,339,244,0,3
2020.5.28,346,245,0,7
2020.5.29,349,245,0,3
2020.5.30,355,247,0,6
2020.5.31,359,250,1,4
2020.6.1,370,256,1,11
2020.6.2,377,262,1,7
2020.6.3,384,269,2,7
2020.6.4,397,271,2,13
2020.6.5,410,280,2,13
2020.6.6,420,282,2,10
2020.6.7,431,283,2,11
2020.6.8,439,290,2,8
2020.6.9,451,297,2,12
2020.6.10,463,300,2,12
2020.6.11,476,307,2,13
2020.6.12,494,313,2,18
2020.6.13,510,321,2,16
2020.6.14,541,332,2,31
2020.6.15,582,332,2,41
2020.6.16,612,338,2,30
2020.6.17,636,338,2,24
2020.6.18,639,347,2,3
2020.6.19,646,350,2,7
2020.6.20,661,351,2,15
2020.6.21,702,357,2,41
2020.6.22,728,359,2,26
2020.6.23,787,370,2,59
2020.6.24,798,371,2,11
2020.6.25,830,376,2,32
2020.6.26,850,385,2,20
2020.6.27,858,398,2,8
2020.6.28,878,413,2,20
2020.6.29,900,443,2,22
2020.6.30,1001,443,2,101
2020.7.1,1025,447,2,24
2020.7.2,1042,480,3,17
2020.7.3,1063,493,3,21
2020.7.4,1081,512,3,18
2020.7.5,1092,523,3,11
2020.7.6,1105,567,3,13
2020.7.7,1113,575,3,8
2020.7.8,1172,595,3,59
2020.7.9,1194,610,3,22
2020.7.10,1210,623,3,16
2020.7.11,1252,635,3,42
2020.7.12,1299,663,4,47
2020.7.13,1337,684,4,38
2020.7.14,1378,710,4,41
2020.7.15,1416,737,4,38
2020.7.16,1435,752,4,19
2020.7.17,1473,770,4,38
2020.7.18,1485,811,4,12
2020.7.19,1539,819,5,54
2020.7.20,1582,834,5,43
2020.7.21,1629,838,5,47
2020.7.22,1655,848,5,26
2020.7.23,1689,867,5,34
2020.7.24,1710,889,5,21
2020.7.25,1729,900,5,19
2020.7.26,1752,907,5,23
2020.7.27,1821,918,5,69
2020.7.28,1879,975,5,58
2020.7.29,1926,1005,5,47
2020.7.30,1963,1036,5,37
2020.7.31,1994,1085,5,31
2020.8.1,2022,1106,5,28
2020.8.2,2042,1119,5,20
2020.8.3,2062,1144,5,20
2020.8.4,2092,1169,5,30
2020.8.5,2099,1222,5,7
2020.8.6,2104,1237,5,5
2020.8.7,2111,1258,5,7
2020.8.8,2128,1297,5,17
2020.8.9,2134,1300,6,6
2020.8.10,2140,1346,7,6
2020.8.11,2152,1392,7,12
2020.8.12,2171,1478,7,19
2020.8.13,2189,1524,8,18
2020.8.14,2200,1558,8,11
2020.8.15,2293,1604,8,93
2020.8.16,2352,1631,8,59
2020.8.17,2453,1648,8,101
2020.8.18,2540,1661,8,87
2020.8.19,2577,1683,10,37
2020.8.20,2644,1698,10,67
2020.8.21,2717,1705,11,73
2020.8.22,2780,1712,11,63
2020.8.23,2889,1754,11,109
2020.8.24,3089,1755,12,200
2020.8.25,3306,1785,14,217
2020.8.26,3537,1806,15,231
2020.8.27,3625,1810,15,88
2020.8.28,3672,1863,15,47
2020.8.29,3742,1866,16,70
2020.8.30,3843,1904,16,101
2020.8.31,4020,1918,16,177
2020.9.1,4063,2013,16,43
2020.9.2,4142,2044,16,79
2020.9.3,4218,2071,17,76
2020.9.4,4255,2163,18,37
2020.9.5,4304,2191,18,49
2020.9.6,4349,2199,18,45
2020.9.7,4374,2235,19,25
2020.9.8,4409,2271,19,35
2020.9.9,4439,2307,20,30
2020.9.10,4460,2325,21,21
2020.9.11,4479,2352,22,19
2020.9.12,4534,2450,22,55
2020.9.13,4565,2544,22,31
2020.9.14,4591,2556,22,26
2020.9.15,4602,2736,22,11
2020.9.16,4624,2767,22,22
2020.9.17,4634,2789,22,10
2020.9.18,4653,2817,23,19
2020.9.19,4671,2845,25,18
2020.9.20,4689,2910,26,18
2020.9.21,4711,2961,26,22
2020.9.22,4722,2973,27,11
2020.9.23,4738,2991,27,16
2020.9.24,4779,2995,27,41
2020.9.25,4789,3050,27,10
2020.9.26,4798,3080,29,9
2020.9.27,4811,3091,29,13
2020.9.28,4820,3099,29,9
2020.9.29,4832,3117,29,12
2020.9.30,4836,3125,29,4
2020.10.1,4840,3154,29,4
2020.10.2,4843,3181,29,3
2020.10.3,4847,3197,29,4
2020.10.4,4852,3211,29,5
2020.10.5,4866,3216,29,14
2020.10.6,4867,3226,29,1
2020.10.7,4873,3246,29,6
2020.10.8,4883,3408,29,10
2020.10.9,4885,3542,29,2
2020.10.10,4890,3555,30,5
2020.10.11,4892,3566,30,2
2020.10.12,4896,3606,31,4
2020.10.13,4905,3877,32,9
2020.10.14,4908,4130,32,3
2020.10.15,4940,4398,33,32
2020.10.16,4953,4601,33,13
2020.10.17,4965,4664,34,12
2020.10.18,4971,4768,34,6
2020.10.19,4974,4783,34,3
2020.10.20,4992,4797,34,18
2020.10.21,4996,4797,34,4
2020.10.22,5012,4798,34,16
2020.10.23,5017,4803,34,5
2020.10.24,5052,4806,34,35
2020.10.25,5060,4806,34,8
2020.10.26,5066,4830,34,6
2020.10.27,5073,4848,34,7
2020.10.28,5084,4851,35,11
2020.10.29,5129,4851,35,45
2020.10.30,5131,4851,35,2
2020.10.31,5134,4878,35,3
2020.11.1,5137,4879,35,3
2020.11.2,5146,4921,35,9
2020.11.3,5155,4922,35,9
2020.11.4,5162,4930,35,7
2020.11.5,5174,4930,35,12
2020.11.6,5192,4940,36,18
2020.11.7,5208,4953,36,16
2020.11.8,5213,4953,36,5
2020.11.9,5222,4960,36,9
2020.11.10,5242,4967,38,20
2020.11.11,5262,4967,40,20
2020.11.12,5312,4974,41,50
2020.11.13,5319,4974,41,7
2020.11.14,5362,4993,42,43
2020.11.15,5394,4994,42,32
2020.11.16,5455,4995,45,61
2020.11.17,5491,5004,45,36
2020.11.18,5507,5008,46,16
2020.11.19,5543,5087,46,36
2020.11.20,5572,5137,46,29
2020.11.21,5586,5159,46,14
2020.11.22,5620,5163,46,34
2020.11.23,5665,5164,47,45
2020.11.24,5726,5197,47,61
2020.11.25,5750,5241,47,24
2020.11.26,5779,5317,47,29
2020.11.27,5851,5345,47,72
2020.11.28,5872,5397,47,21
2020.11.29,5891,5480,47,19
2020.11.30,5934,5516,49,28
2020.12.1,5934,5516,49,0
2020.12.2,5948,5544,49,14
2020.12.3,5994,5575,50,46
2020.12.4,6011,5596,50,17
2020.12.5,6043,5672,51,32
2020.12.6,6084,5696,51,41
2020.12.7,6129,5696,51,45
2020.12.8,6191,5696,51,62
2020.12.9,6237,5715,51,46
2020.12.10,6278,5715,53,41
2020.12.11,6349,5789,53,71
2020.12.12,6428,5826,54,79
2020.12.13,6528,5892,56,100
2020.12.14,6659,5955,56,131
2020.12.15,6747,5996,56,88
2020.12.16,6832,6036,57,85
2020.12.17,6954,6057,57,122
2020.12.18,7032,6089,57,78
2020.12.19,7105,6089,57,73
2020.12.20,7232,6089,59,127
2020.12.21,7293,6091,63,61
2020.12.22,7402,6100,65,109
2020.12.23,7511,6163,66,109
2020.12.24,7598,6163,66,87
2020.12.25,7670,6203,69,72
2020.12.26,7743,6203,69,73
2020.12.27,7970,6289,74,227
2020.12.28,8021,6339,75,51
2020.12.29,8021,6339,75,0
2020.12.30,8128,6339,79,107
2020.12.31,8250,6369,86,122
2021.1.1,8383,6542,92,133
2021.1.2,8460,6598,94,77
2021.1.3,8567,6685,98,107
2021.1.4,8676,6752,101,109
2021.1.5,8848,6816,105,172
2021.1.6,8955,6878,110,107
2021.1.7,9058,6940,112,103
2021.1.8,9225,6940,113,167
2021.1.9,9368,6940,115,143
2021.1.10,9461,6956,118,93
2021.1.11,9630,6974,120,169
2021.1.12,9784,6974,124,154
2021.1.13,9950,6974,125,166
2021.1.14,10122,6974,128,172
2021.1.15,10316,6974,133,194
2021.1.16,10573,7028,138,257
2021.1.17,10850,7193,140,277
2021.1.18,11032,7363,142,182
2021.1.19,11259,7412,146,227
2021.1.20,11548,7580,148,289
2021.1.21,11860,7812,153,312
2021.1.22,12170,7973,162,310
2021.1.23,12443,8184,165,273
2021.1.24,12647,8319,172,204
2021.1.25,12975,8420,174,328
2021.1.26,13311,8681,177,336
2021.1.27,13885,8861,181,574
2021.1.28,14166,9042,183,281
2021.1.29,14529,9234,186,363
2021.1.30,14784,9519,188,255
2021.1.31,15118,9804,193,334
2021.2.1,15304,10087,196,186
2021.2.2,15459,10272,198,155
2021.2.3,15688,10745,205,229
2021.2.4,15834,10963,208,146
2021.2.5,15988,11352,210,154
2021.2.6,16186,11617,213,198
2021.2.7,16337,12047,217,151
2021.2.8,16451,12342,220,114
2021.2.9,16621,12629,223,170
2021.2.10,16811,12988,226,190
2021.2.11,16941,13389,229,130
2021.2.12,17068,13678,231,127
2021.2.13,17200,13937,236,132
2021.2.14,17267,14477,236,67
2021.2.15,17343,14792,239,76
2021.2.16,17484,15125,239,141
2021.2.17,17594,15475,240,110
2021.2.18,17716,15918,243,122
2021.2.19,17835,16163,243,119
2021.2.20,17929,16387,245,94
2021.2.21,17988,16597,247,59
2021.2.22,18053,16803,249,65
2021.2.23,18199,16992,252,146
2021.2.24,18325,17251,253,126
2021.2.25,18443,17264,254,118
2021.2.26,18553,17279,258,110
2021.2.27,18689,17302,258,136
2021.2.28,18790,17307,261,101
2021.3.1,18850,17313,261,60
2021.3.2,18986,17322,264,136
2021.3.3,19111,17472,265,125
2021.3.4,19198,17569,265,87
2021.3.5,19334,17682,266,136
2021.3.6,19426,17751,267,92
2021.3.7,19509,17810,267,83
2021.3.8,19551,17840,268,42
2021.3.9,19659,17911,268,108
2021.3.10,19779,18033,270,120
2021.3.11,19846,18118,271,67
2021.3.12,19945,18236,273,99
2021.3.13,20057,18361,275,112
2021.3.14,20143,18500,276,86
2021.3.15,20186,18566,280,43
2021.3.16,20302,18635,282,116
2021.3.17,20412,18804,282,110
2021.3.18,20480,18906,283,68
2021.3.19,20551,19007,284,71
2021.3.20,20681,19143,287,130
2021.3.21,20761,19163,287,80
2021.3.22,20828,19180,290,67
2021.3.23,20896,19214,292,68
2021.3.24,20975,19310,295,79
2021.3.25,21106,19441,297,131
2021.3.26,21210,19540,298,104
2021.3.27,21309,19657,300,99
2021.3.28,21370,19741,301,61
2021.3.29,21419,19785,301,49
2021.3.30,21490,19860,305,71
2021.3.31,21645,20001,306,155
2021.4.1,21783,20182,307,138
2021.4.2,21918,20308,308,135
2021.4.3,22167,20398,310,249
2021.4.4,22243,20472,311,76
2021.4.5,22482,20519,311,239
2021.4.6,22684,20594,311,202
2021.4.7,22862,20705,314,178
2021.4.8,23041,20835,314,179
2021.4.9,23152,20870,314,111
2021.4.10,23260,20991,314,108
2021.4.11,23343,21072,314,83
2021.4.12,23426,21243,315,83
2021.4.13,23535,21272,316,109
2021.4.14,23603,21395,316,68
2021.4.15,23672,21594,317,69
2021.4.16,23744,21805,321,72
2021.4.17,23812,22015,322,68
2021.4.18,23866,22082,322,54
2021.4.19,23888,22241,325,22
2021.4.20,23934,22408,326,46
