date,累计确诊,治愈,死亡,新增确诊
2020.4.7,5480,468,164,533
2020.4.8,5916,506,178,565
2020.4.9,6725,620,226,809
2020.4.10,7600,774,249,875
2020.4.11,8446,969,288,846
2020.4.12,9205,1080,331,759
2020.4.13,10453,1181,358,1248
2020.4.14,11487,1359,393,1034
2020.4.15,12322,1432,405,835
2020.4.16,13430,1768,448,1060
2020.4.17,14352,2041,486,922
2020.4.18,15722,2463,521,1370
2020.4.19,17615,2854,559,1250
2020.4.20,18539,3273,592,924
2020.4.21,20080,3975,645,1541
2020.4.22,21370,4370,681,1290
2020.4.23,23039,5012,721,1669
2020.4.24,24447,5496,780,1408
2020.4.25,26283,5939,825,1836
2020.4.26,27890,6523,882,1607
2020.4.27,29451,7137,939,1561
2020.4.28,31332,7796,1008,1873
2020.4.29,33062,8437,1079,1738
2020.4.30,34862,9068,1154,1800
2020.5.1,37257,10007,1223,2394
2020.5.2,39699,10819,1323,2442
2020.5.3,42505,11775,1391,2806
2020.5.4,46437,12847,1566,3932
2020.5.5,49400,14142,1693,2963
2020.5.6,52987,15331,1785,3587
2020.5.7,56351,16776,1889,3364
2020.5.8,59693,17887,1985,3342
2020.5.9,62808,19301,2101,3113
2020.5.10,67161,20696,2212,4353
2020.5.11,70768,22549,2294,3607
2020.5.12,74243,24420,2415,3475
2020.5.13,78055,26400,2551,3763
2020.5.14,81997,27969,2649,3942
2020.5.15,85784,30234,2753,3787
2020.5.16,90648,34224,2871,4864
2020.5.17,95698,36795,3025,5050
2020.5.18,100161,38909,3144,4463
2020.5.19,103292,40458,3179,3131
2020.5.20,107819,43070,3317,4527
2020.5.21,114478,46002,3465,6659
2020.5.22,124073,50857,3707,9595
2020.5.23,130506,53947,3850,6433
2020.5.24,137608,54865,4004,7102
2020.5.25,141228,58727,4057,3620
2020.5.26,150313,63536,4334,9085
2020.5.27,154820,65944,4406,4507
2020.5.28,163120,69534,4653,8300
2020.5.29,172359,81606,4956,9239
2020.5.30,180621,84759,5144,8262
2020.5.31,189765,91016,5390,9144
2020.6.1,194837,93343,5577,5072
2020.6.2,202860,98113,5679,8023
2020.6.3,214664,103641,6028,11804
2020.6.4,224215,107419,6301,9551
2020.6.5,233576,112189,6440,9361
2020.6.6,243733,117404,6845,10157
2020.6.7,254340,122738,7117,10607
2020.6.8,264143,127991,7449,9803
2020.6.9,273443,131775,7558,9300
2020.6.10,284754,140033,7996,11311
2020.6.11,297001,146074,8473,12247
2020.6.12,305951,152395,8718,8950
2020.6.13,317368,159597,9109,11417
2020.6.14,324482,164803,9247,7114
2020.6.15,336185,172313,9590,11703
2020.6.16,347821,184243,10015,11636
2020.6.17,359506,190755,12029,11685
2020.6.18,371734,196894,12360,12228
2020.6.19,385276,208169,12677,13542
2020.6.20,400724,216730,13035,15448
2020.6.21,421765,235078,13502,21041
2020.6.22,430708,240289,13780,8943
2020.6.23,449613,254204,14162,18905
2020.6.24,465553,264542,14634,15940
2020.6.25,481179,277765,15042,15626
2020.6.26,501864,292626,15487,20685
2020.6.27,527738,308928,16088,25874
2020.6.28,548154,321178,16466,20416
2020.6.29,562457,329728,16797,14303
2020.6.30,574926,340225,17038,12469
2020.7.1,593703,353333,17521,18777
2020.7.2,612486,366027,17996,18783
2020.7.3,633381,383936,18320,20895
2020.7.4,664488,404351,18953,31107
2020.7.5,687760,417509,19568,23272
2020.7.6,712920,435441,20073,25160
2020.7.7,739646,454858,20618,26726
2020.7.8,760761,470144,21072,21115
2020.7.9,790649,483348,21586,29888
2020.7.10,818647,513503,22122,27998
2020.7.11,847575,532532,22659,28928
2020.7.12,871499,546379,23078,23924
2020.7.13,898680,566664,23569,27181
2020.7.14,933450,590219,24281,34770
2020.7.15,959993,609831,24865,26543
2020.7.16,1001863,620194,25589,41870
2020.7.17,1036497,651308,26267,34634
2020.7.18,1055932,664461,26508,37407
2020.7.19,1106135,693450,27428,50203
2020.7.20,1127281,707523,27628,36810
2020.7.21,1171446,737808,28488,44165
2020.7.22,1220433,772488,29531,48987
2020.7.23,1263336,800158,30122,42903
2020.7.24,1323471,841424,31112,60135
2020.7.25,1383172,883977,32082,59701
2020.7.26,1424202,910298,32656,41030
2020.7.27,1466059,936171,33129,41857
2020.7.28,1529653,987174,34223,63594
2020.7.29,1579240,1017204,34948,49587
2020.7.30,1601070,1029069,35134,54966
2020.7.31,1690546,1091018,36497,57704
2020.8.1,1749771,1144277,37390,59225
2020.8.2,1780268,1165442,37690,52783
2020.8.3,1830949,1200303,38485,50681
2020.8.4,1901334,1278084,39787,70385
2020.8.5,1958592,1298528,40722,57258
2020.8.6,2021407,1374420,41627,62815
2020.8.7,2057816,1402076,42026,61455
2020.8.8,2129154,1461772,43144,71338
2020.8.9,2199101,1506413,44048,69947
2020.8.10,2244435,1560800,44855,45334
2020.8.11,2322755,1633356,46062,78320
2020.8.12,2372318,1673885,46717,49563
2020.8.13,2431558,1725834,47527,59240
2020.8.14,2506247,1770682,48888,74689
2020.8.15,2530943,1810079,49171,24696
2020.8.16,2634256,1904612,50845,103313
2020.8.17,2684314,1939454,51685,50058
2020.8.18,2732218,2005215,52280,47904
2020.8.19,2814157,2075836,53701,81939
2020.8.20,2873173,2129764,54438,59016
2020.8.21,2925337,2175492,55174,52164
2020.8.22,3038013,2273973,56792,112676
2020.8.23,3079925,2310922,57258,41912
2020.8.24,3149759,2355823,58317,69834
2020.8.25,3211848,2445975,59305,62089
2020.8.26,3286512,2506724,60267,74664
2020.8.27,3377908,2577990,61646,91396
2020.8.28,3454513,2640121,62669,76605
2020.8.29,3477250,2658419,62837,22737
2020.8.30,3583807,2744887,64062,106557
2020.8.31,3649639,2800671,64951,65832
2020.9.1,3715931,2856147,65725,66292
2020.9.2,3810625,2931005,66871,94694
2020.9.3,3904508,3014685,68059,93883
2020.9.4,3993412,3086545,69214,88904
2020.9.5,4092550,3162305,70519,99138
2020.9.6,4160493,3219750,71120,67943
2020.9.7,4236961,3278999,72033,76468
2020.9.8,4313129,3352316,73105,76168
2020.9.9,4417550,3433604,74367,104421
2020.9.10,4494389,3490908,75328,76839
2020.9.11,4606149,3586216,76744,111760
2020.9.12,4688470,3648534,77768,82321
2020.9.13,4788593,3730949,78931,100123
2020.9.14,4878042,3809549,80026,89449
2020.9.15,4963097,3887371,81168,85055
2020.9.16,5060818,3976413,82504,97721
2020.9.17,5141905,4039986,83433,81087
2020.9.18,5228478,4125742,84505,86573
2020.9.19,5323907,4221471,85731,95429
2020.9.20,5417274,4313402,86909,93367
2020.9.21,5517601,4432630,88231,100327
2020.9.22,5580286,4509924,89117,62685
2020.9.23,5669610,4609704,90282,89324
2020.9.24,5765744,4700625,91435,96134
2020.9.25,5843349,4779658,92587,77605
2020.9.26,5915753,4852313,93461,72404
2020.9.27,6041638,4981099,94971,125885
2020.9.28,6087454,5025815,95678,45816
2020.9.29,6156722,5109584,96468,69268
2020.9.30,6245404,5206044,97761,88682
2020.10.1,6323247,5280204,98822,77843
2020.10.2,6438968,5393737,100323,115721
2020.10.3,6509916,5466344,101211,70948
2020.10.4,6573678,5527934,101997,63762
2020.10.5,6650456,5621193,103005,76778
2020.10.6,6724380,5703607,104032,73924
2020.10.7,6764710,5750403,104651,40330
2020.10.8,6841813,5836826,105632,77103
2020.10.9,6946598,5946371,106925,104785
2020.10.10,6997852,6003244,107568,51254
2020.10.11,7063955,6087588,108412,66103
2020.10.12,7160805,6203130,109667,96850
2020.10.13,7205923,6255622,110118,45118
2020.10.14,7275588,6343270,110966,69665
2020.10.15,7349290,6425716,111726,73702
2020.10.16,7416538,6505179,112862,67248
2020.10.17,7475572,6571659,113578,59034
2020.10.18,7536769,6642698,114511,61197
2020.10.19,7574167,6693491,114902,37398
2020.10.20,7644979,6784742,115879,70812
2020.10.21,7701365,6867988,116585,56386
2020.10.22,7727289,6903365,117011,25924
2020.10.23,7781746,6965699,117474,54457
2020.10.24,7829226,7030903,118236,47480
2020.10.25,7873664,7085242,118621,44438
2020.10.26,7918102,7141966,119148,44438
2020.10.27,7974963,7234749,119823,56861
2020.10.28,8006340,7273649,120179,31377
2020.10.29,8070589,7348147,120899,64249
2020.10.30,8094636,7376961,121211,24047
2020.10.31,8178645,7481951,122099,84009
2020.11.1,8208774,7511472,122424,30129
2020.11.2,8250951,7570044,122848,42177
2020.11.3,8305267,7644926,123454,54316
2020.11.4,8352518,7697460,123955,47251
2020.11.5,8380734,7733477,124552,28216
2020.11.6,8439389,7791363,125263,58655
2020.11.7,8478689,7837061,125895,39300
2020.11.8,8531420,7891991,126370,52731
2020.11.9,8576689,7941094,126864,45269
2020.11.10,8601937,7969954,127170,25248
2020.11.11,8659513,8037467,127810,57576
2020.11.12,8690621,8070817,128204,31108
2020.11.13,8751254,8138948,128894,60633
2020.11.14,8790760,8180967,129357,39506
2020.11.15,8837037,8233765,129969,46277
2020.11.16,8867857,8279822,130391,30820
2020.11.17,8886987,8303358,130670,19130
2020.11.18,8925467,8346331,131130,38480
2020.11.19,8974910,8400113,131770,49443
2020.11.20,9021020,8443553,132310,46110
2020.11.21,9065301,8491462,132872,44281
2020.11.22,9129003,8550931,133589,63702
2020.11.23,9170825,8592303,134088,41822
2020.11.24,9193982,8618445,134383,23157
2020.11.25,9245108,8661421,134989,51126
2020.11.26,9291068,8700681,135533,45960
2020.11.27,9308751,8716566,135734,17683
2020.11.28,9393039,8801161,136733,84288
2020.11.29,9432075,8846313,137177,39036
2020.11.30,9463254,8889585,137659,42098
2020.12.1,9484506,8915158,137933,21252
2020.12.2,9523678,8958524,138467,39172
2020.12.3,9556881,8998066,138946,33203
2020.12.4,9593688,9042308,139473,36807
2020.12.5,9625289,9079888,139962,31601
2020.12.6,9667084,9126233,140481,41795
2020.12.7,9689302,9156423,140782,22218
2020.12.8,9714308,9189704,141078,25006
2020.12.9,9756610,9238188,141668,42302
2020.12.10,9780486,9268492,141977,23876
2020.12.11,9814064,9309031,142417,33578
2020.12.12,9844322,9343056,142841,30258
2020.12.13,9881357,9383735,143352,37035
2020.12.14,9902262,9415086,143667,20905
2020.12.15,9925062,9444229,143985,22800
2020.12.16,9933997,9456552,144144,8935
2020.12.17,9966966,9507421,144662,32969
2020.12.18,9987949,9530530,144914,20983
2020.12.19,10015973,9564162,145322,28024
2020.12.20,10047131,9595711,145669,31158
2020.12.21,10067196,9621683,146025,20065
2020.12.22,10094801,9656883,146414,27605
2020.12.23,10111256,9674090,146562,16455
2020.12.24,10141215,9709469,147029,29959
2020.12.25,10157903,9728747,147241,16688
2020.12.26,10178592,9750670,147521,20689
2020.12.27,10208725,9782669,147940,30133
2020.12.28,10224797,9806767,148190,16072
2020.12.29,10237117,9821119,148329,12320
2020.12.30,10260618,9850394,148660,23501
2020.12.31,10282624,9876557,148950,22006
2021.1.1,10293028,9889946,149095,10404
2021.1.2,10310778,9910982,149305,17750
2021.1.3,10337069,9939466,149603,26291
2021.1.4,10345118,9952548,149721,8049
2021.1.5,10369514,9986904,150028,24396
2021.1.6,10388018,10009404,150272,18504
2021.1.7,10405097,10026751,150470,17079
2021.1.8,10426407,10048922,150752,21310
2021.1.9,10448134,10072016,151000,21727
2021.1.10,10460179,10084011,151149,12045
2021.1.11,10473696,10100053,151265,13517
2021.1.12,10485420,10114980,151389,11724
2021.1.13,10497470,10130451,151578,12050
2021.1.14,10525452,10157879,151910,27982
2021.1.15,10540365,10173747,152068,14913
2021.1.16,10556184,10192158,152272,15819
2021.1.17,10566720,10204340,152369,10536
2021.1.18,10572672,10211342,152456,5952
2021.1.19,10582647,10228753,152593,9975
2021.1.20,10606215,10256410,152802,23568
2021.1.21,10619603,10273553,152947,13388
2021.1.22,10634414,10291077,153104,14811
2021.1.23,10645580,10306666,153316,11166
2021.1.24,10661138,10321966,153462,15558
2021.1.25,10672035,10334850,153525,10897
2021.1.26,10689202,10356476,153722,17167
2021.1.27,10690279,10359305,153751,1077
2021.1.28,10702730,10373649,153895,12451
2021.1.29,10720971,10394352,154047,18241
2021.1.30,10740309,10415080,154202,19338
2021.1.31,10750224,10424619,154358,9915
2021.2.1,10764177,10442137,154472,13953
2021.2.2,10768991,10449858,154547,4814
2021.2.3,10788136,10475872,154690,19145
2021.2.4,10799024,10487650,154782,10888
2021.2.5,10805790,10497654,154884,6766
2021.2.6,10816147,10510807,154966,10357
2021.2.7,10831279,10525343,155078,15132
2021.2.8,10846028,10544069,155158,14749
2021.2.9,10848045,10547201,155196,2017
2021.2.10,10859057,10560593,155286,11012
2021.2.11,10878758,10579622,155443,19701
2021.2.12,10880794,10589230,155489,2036
2021.2.13,10894638,10600905,155609,13844
2021.2.14,10910589,10613072,155734,15951
2021.2.15,10919616,10624838,155789,9027
2021.2.16,10931492,10637743,155883,11876
2021.2.17,10942948,10648633,155977,11456
2021.2.18,10956182,10658469,156090,13234
2021.2.19,10969230,10672253,156181,13048
2021.2.20,10989668,10686299,156325,20438
2021.2.21,10997821,10694193,156376,8153
2021.2.22,11008665,10703460,156457,10844
2021.2.23,11028114,10723130,156581,19449
2021.2.24,11043925,10734328,156713,15811
2021.2.25,11056933,10741483,156820,13008
2021.2.26,11077957,10760379,156947,21024
2021.2.27,11094249,10771400,157060,16292
2021.2.28,11102946,10779954,157125,8697
2021.3.1,11121186,10794590,157242,18240
2021.3.2,11136452,10807877,157360,15266
2021.3.3,11152127,10818721,157447,15675
2021.3.4,11171166,10836798,157562,19039
2021.3.5,11190651,10851094,157689,19485
2021.3.6,11204179,10860512,157750,13528
2021.3.7,11228288,10880059,157875,24109
2021.3.8,11241990,10893442,157949,13702
2021.3.9,11260750,10916916,158075,18760
2021.3.10,11266216,10923264,158123,5466
2021.3.11,11287543,10938146,158236,21327
2021.3.12,11327129,10966735,158418,39586
2021.3.13,11353712,10982516,158596,26583
2021.3.14,11382610,11003784,158750,28898
2021.3.15,11404279,11018816,158836,21669
2021.3.16,11410769,11027543,158902,6490
2021.3.17,11473015,11060390,159246,62246
2021.3.18,11509345,11079697,159387,36330
2021.3.19,11551980,11103681,159578,42635
2021.3.20,11590373,11124465,159728,38393
2021.3.21,11607548,11134333,159834,17175
2021.3.22,11682440,11176854,160181,74892
2021.3.23,11726364,11198515,160427,43924
2021.3.24,11780157,11226705,160642,53793
2021.3.25,11794407,11232919,160761,14250
2021.3.26,11860672,11270831,161049,66265
2021.3.27,11965931,11320418,161562,105259
2021.3.28,11990353,11332289,161730,24422
2021.3.29,12089876,11387270,162110,99523
2021.3.30,12110693,11401824,162237,20817
2021.3.31,12203953,11462934,162818,93260
2021.4.1,12229790,11475836,162993,25837
2021.4.2,12319836,11532137,163485,90046
2021.4.3,12476468,11625318,164610,156632
2021.4.4,12508609,11639575,164745,32141
2021.4.5,12625146,11698657,165293,116537
2021.4.6,12732968,11753169,165851,107822
2021.4.7,12847674,11809277,166426,114706
2021.4.8,12978132,11867486,167105,130458
2021.4.9,13164235,11964985,168203,186103
2021.4.10,13261376,12008162,168690,97141
2021.4.11,13444844,12109473,169651,183468
2021.4.12,13564561,12165126,170377,119717
2021.4.13,13714419,12263113,171205,149858
2021.4.14,13960574,12362012,172461,246155
2021.4.15,14268441,12530565,174171,307867
2021.4.16,14465797,12633314,175238,197356
2021.4.17,14732074,12774046,176745,266277
2021.4.18,15040130,12930733,178557,308056
2021.4.19,15239230,13052362,179795,199100
2021.4.20,15528186,13221039,181870,288956
2021.4.21,15731566,13312271,183088,203380
