date,累计确诊,治愈,死亡,新增确诊
2020.4.8,457,27,12,61
2020.4.9,515,28,15,58
2020.4.10,564,51,15,49
2020.4.11,620,77,16,56
2020.4.12,669,92,18,42
2020.4.13,726,121,21,57
2020.4.14,766,132,21,40
2020.4.15,814,151,24,48
2020.4.16,862,171,27,48
2020.4.17,923,192,31,61
2020.4.18,986,227,32,63
2020.4.19,1035,255,34,49
2020.4.20,1087,285,36,52
2020.4.21,1137,309,38,50
2020.4.22,1189,341,40,52
2020.4.23,1235,365,43,46
2020.4.24,1285,416,49,50
2020.4.25,1337,437,51,52
2020.4.26,1369,501,54,32
2020.4.27,1389,525,56,20
2020.4.28,1437,575,58,48
2020.4.29,1467,617,58,30
2020.4.30,1501,681,61,34
2020.5.1,1537,714,64,36
2020.5.2,1611,765,66,74
2020.5.3,1649,827,67,38
2020.5.4,1668,876,69,19
2020.5.5,1685,954,69,17
2020.5.6,1703,1001,69,18
2020.5.7,1729,1031,73,26
2020.5.10,1766,1193,77,12
2020.5.12,1804,1277,78,21
2020.5.13,1810,1326,79,6
2020.5.15,1840,1425,79,10
2020.5.16,1862,1460,79,22
2020.5.17,1872,1495,79,10
2020.5.18,1881,1505,79,9
2020.5.19,1881,1505,79,0
2020.5.20,1887,1538,79,6
2020.5.21,1900,1573,79,13
2020.5.22,1916,1631,81,16
2020.5.23,1931,1671,81,15
2020.5.24,1941,1689,82,10
2020.5.25,1947,1704,82,6
2020.5.26,1963,1709,82,16
2020.5.27,1974,1724,82,11
2020.5.28,1983,1734,82,9
2020.5.29,2005,1760,82,22
2020.5.30,2025,1795,83,20
2020.5.31,2045,1809,83,20
2020.6.1,2083,1826,83,38
2020.6.2,2092,1827,83,9
2020.6.3,2107,1830,83,15
2020.6.4,2119,1839,83,12
2020.6.5,2119,1839,83,0
2020.6.6,2173,1855,83,54
2020.6.7,2191,1862,83,18
2020.6.8,2200,1868,83,9
2020.6.9,2205,1880,83,5
2020.6.10,2211,1886,83,6
2020.6.11,2219,1893,84,8
2020.6.12,2233,1902,84,14
2020.6.13,2233,1902,84,0
2020.6.14,2248,1948,84,15
2020.6.15,2262,1965,84,14
2020.6.16,2273,1994,84,11
2020.6.17,2280,1999,84,7
2020.6.18,2295,2020,85,15
2020.6.19,2305,2037,85,10
2020.6.20,2309,2071,85,4
2020.6.21,2309,2071,85,0
2020.6.22,2315,2113,85,6
2020.6.23,2318,2123,85,3
2020.6.24,2319,2130,85,1
2020.6.25,2321,2171,85,2
2020.6.26,2325,2180,85,4
2020.6.27,2330,2187,86,5
2020.6.28,2332,2201,86,2
2020.6.29,2340,2211,86,8
2020.6.30,2341,2214,86,1
2020.7.1,2348,2218,86,7
2020.7.2,2353,2221,86,5
2020.7.3,2353,2221,86,0
2020.7.4,2369,2227,86,16
2020.7.5,2372,2229,86,3
2020.7.6,2372,2229,86,0
2020.7.7,2380,2234,86,8
2020.7.8,2399,2242,86,19
2020.7.9,2403,2244,86,4
2020.7.10,2403,2244,86,0
2020.7.11,2420,2254,87,17
2020.7.12,2420,2254,87,0
2020.7.13,2428,2268,87,8
2020.7.14,2432,2275,87,4
2020.7.15,2432,2275,87,0
2020.7.16,2438,2277,87,6
2020.7.17,2444,2300,87,6
2020.7.18,2444,2300,87,0
2020.7.19,2445,2304,87,1
2020.7.20,2446,2308,87,1
2020.7.21,2449,2321,87,3
2020.7.22,2462,2326,87,13
2020.7.23,2466,2339,87,4
2020.7.24,2469,2341,87,3
2020.7.25,2469,2341,87,0
2020.7.26,2495,2349,87,26
2020.7.27,2495,2349,87,0
2020.7.28,2555,2352,87,60
2020.7.29,2588,2353,87,33
2020.7.30,2588,2353,87,0
2020.7.31,2608,2355,87,20
2020.8.1,2633,2367,87,25
2020.8.2,2646,2369,87,13
2020.8.3,2646,2369,87,0
2020.8.4,2701,2382,88,55
2020.8.5,2726,2396,88,25
2020.8.6,2775,2409,88,49
2020.8.7,2775,2409,88,0
2020.8.8,2829,2429,88,54
2020.8.9,2953,2451,88,124
2020.8.10,2953,2451,88,0
2020.8.11,3046,2460,88,93
2020.8.12,3093,2472,88,47
2020.8.13,3128,2504,88,35
2020.8.14,3174,2525,89,46
2020.8.15,3229,2547,88,55
2020.8.16,3316,2620,88,87
2020.8.17,3316,2620,88,0
2020.8.18,3364,2692,88,48
2020.8.19,3408,2794,88,44
2020.8.20,3482,2863,88,74
2020.8.21,3582,2951,89,100
2020.8.22,3617,3006,89,35
2020.8.23,3617,3006,89,0
2020.8.24,3682,3044,91,65
2020.8.25,3717,3079,91,35
2020.8.26,3744,3102,91,27
2020.8.27,3759,3159,92,15
2020.8.28,3866,3222,92,107
2020.8.29,3866,3222,92,0
2020.8.30,3925,3273,94,59
2020.8.31,3973,3327,94,48
2020.9.1,4032,3378,94,59
2020.9.2,4065,3395,95,33
2020.9.3,4126,3458,98,61
2020.9.4,4214,3474,100,88
2020.9.5,4266,3487,100,52
2020.9.6,4298,3570,100,32
2020.9.7,4309,3590,101,11
2020.9.8,4352,3642,102,43
2020.9.9,4377,3700,104,25
2020.9.10,4459,3727,104,82
2020.9.11,4551,3779,106,92
2020.9.12,4593,3844,106,42
2020.9.13,4653,3878,108,60
2020.9.14,4684,3930,108,31
2020.9.15,4726,4040,108,42
2020.9.16,4803,4119,108,77
2020.9.17,4876,4131,109,73
2020.9.18,4933,4230,109,57
2020.9.19,5004,4249,111,71
2020.9.20,5055,4284,113,51
2020.9.21,5141,4462,116,86
2020.9.22,5222,4506,117,81
2020.9.23,5270,4582,118,48
2020.9.24,5270,4582,118,0
2020.9.25,5350,4658,118,80
2020.9.26,5350,4658,118,0
2020.9.27,5457,4751,122,107
2020.9.28,5483,4787,122,26
2020.9.29,5531,4866,122,48
2020.9.30,5597,4893,122,66
2020.10.1,5670,4922,122,73
2020.10.2,5670,4922,122,0
2020.10.3,5780,5118,122,110
2020.10.4,5809,5145,122,29
2020.10.5,5845,5232,123,36
2020.10.6,5883,5278,123,38
2020.10.7,5898,5321,123,15
2020.10.8,5917,5371,123,19
2020.10.9,5943,5398,123,26
2020.10.10,5948,5440,123,5
2020.10.11,5978,5540,123,30
2020.10.12,6000,5574,123,22
2020.10.13,6017,5602,123,17
2020.10.14,6035,5653,123,18
2020.10.15,6062,5678,123,27
2020.10.16,6118,5702,124,56
2020.10.17,6170,5753,125,52
2020.10.18,6220,5768,125,50
2020.10.19,6258,5780,127,38
2020.10.20,6305,5806,127,47
2020.10.21,6368,5814,127,63
2020.10.22,6421,5871,128,53
2020.10.23,6479,5899,128,58
2020.10.24,6534,5927,128,55
2020.10.25,6566,5998,128,32
2020.10.26,6595,6029,128,29
2020.10.27,6678,6051,128,83
2020.10.28,6727,6107,128,49
2020.10.29,6766,6132,128,39
2020.10.30,6801,6178,128,35
2020.10.31,6887,6245,128,86
2020.11.1,6935,6289,128,48
2020.11.2,6970,6318,129,35
2020.11.3,7035,6374,129,65
2020.11.4,7035,6374,129,0
2020.11.5,7184,6502,129,149
2020.11.6,7228,6542,130,44
2020.11.7,7267,6582,130,39
2020.11.8,7267,6582,130,0
2020.11.9,7349,6721,130,82
2020.11.10,7349,6721,130,0
2020.11.11,7429,6831,130,80
2020.11.12,7487,6924,131,58
2020.11.13,7541,6965,131,54
2020.11.14,7568,7015,131,27
2020.11.15,7590,7060,131,22
2020.11.16,7639,7078,131,49
2020.11.17,7639,7078,131,0
2020.11.18,7667,7113,131,28
2020.11.19,7725,7201,131,58
2020.11.20,7763,7267,131,38
2020.11.21,7798,7307,132,35
2020.11.22,7846,7334,132,48
2020.11.23,7879,7356,132,33
2020.11.24,7950,7428,133,71
2020.11.25,8026,7470,133,76
2020.11.26,8026,7470,133,0
2020.11.27,8075,7497,133,49
2020.11.28,8173,7554,133,63
2020.11.29,8233,7586,134,60
2020.11.30,8284,7631,135,51
2020.12.1,8284,7631,135,0
2020.12.2,8381,7658,136,97
2020.12.3,8456,7714,136,75
2020.12.4,8531,7770,136,75
2020.12.5,8714,7909,136,183
2020.12.6,8782,7963,136,68
2020.12.7,8782,7963,136,0
2020.12.8,8906,7997,136,124
2020.12.9,8982,8047,136,76
2020.12.10,9106,8137,136,124
2020.12.11,9181,8212,136,75
2020.12.12,9267,8290,136,86
2020.12.13,9423,8434,137,156
2020.12.14,9492,8484,137,69
2020.12.15,9588,8592,137,96
2020.12.16,9671,8658,137,83
2020.12.17,9671,8658,137,0
2020.12.18,9893,8912,137,222
2020.12.19,9893,8912,137,0
2020.12.20,10024,8976,137,131
2020.12.21,10127,9040,137,103
2020.12.22,10242,9126,137,115
2020.12.23,10384,9219,139,142
2020.12.24,10500,9307,139,116
2020.12.25,10717,9378,139,217
2020.12.26,10900,9503,140,183
2020.12.27,11205,9705,142,305
2020.12.28,11434,9797,143,229
2020.12.29,11434,9797,143,0
2020.12.30,11601,9875,143,167
2020.12.31,11863,10125,146,262
2021.1.1,12056,10345,146,193
2021.1.2,12056,10345,146,0
2021.1.3,12225,10494,146,169
2021.1.4,12424,10676,147,199
2021.1.5,12964,11036,147,540
2021.1.6,13165,11248,148,201
2021.1.7,13479,11390,148,314
2021.1.8,13479,11390,148,0
2021.1.9,14188,11682,148,709
2021.1.10,14576,11863,151,388
2021.1.11,14576,11863,151,0
2021.1.12,15007,12022,153,431
2021.1.13,16044,12478,158,1037
2021.1.14,16549,12699,160,505
2021.1.15,17096,12942,162,547
2021.1.16,17096,12942,162,0
2021.1.17,17501,13180,166,405
2021.1.18,18443,13797,173,942
2021.1.19,18773,14214,175,330
2021.1.20,19122,14491,180,349
2021.1.21,19122,14491,180,0
2021.1.22,20060,15311,188,938
2021.1.23,20627,15881,191,567
2021.1.24,20627,15881,191,0
2021.1.25,21828,17034,197,1201
2021.1.26,22614,17703,200,786
2021.1.27,23439,18325,204,825
2021.1.28,24105,19050,208,666
2021.1.29,24764,19613,210,659
2021.1.30,25674,20310,213,910
2021.1.31,25674,20310,213,0
2021.2.1,27592,21856,216,1918
2021.2.2,28636,22921,218,1044
2021.2.3,29529,23694,220,893
2021.2.4,30345,24468,225,816
2021.2.5,31190,25364,229,845
2021.2.6,32011,26039,233,821
2021.2.7,32831,26739,238,820
2021.2.8,33484,27594,240,653
2021.2.9,33484,27594,240,0
2021.2.10,34064,28693,244,580
2021.2.11,35772,30695,253,1708
2021.2.12,36595,31534,257,823
2021.2.13,37483,32509,261,888
2021.2.14,38289,33167,266,806
2021.2.15,38289,33167,266,0
2021.2.16,39941,34716,274,1652
2021.2.17,40765,35324,277,824
2021.2.18,40765,35324,277,0
2021.2.19,42547,37206,287,1782
2021.2.20,42547,37206,287,0
2021.2.21,44523,39125,296,1976
2021.2.22,45361,40037,300,838
2021.2.23,46197,40979,304,836
2021.2.24,46896,41903,308,699
2021.2.25,47566,42809,312,670
2021.2.26,48441,43735,314,875
2021.2.27,49161,44566,318,720
2021.2.28,49779,45242,322,618
2021.3.1,49779,45242,322,0
2021.3.2,50590,46106,324,811
2021.3.3,51587,46926,328,997
2021.3.4,52501,47626,333,914
2021.3.5,54085,49137,341,1584
2021.3.6,54835,49889,344,750
2021.3.7,55693,50779,348,858
2021.3.8,56566,51709,350,873
2021.3.9,57607,52593,352,1041
2021.3.10,57607,52593,352,0
2021.3.11,59157,54084,361,1550
2021.3.12,59919,54852,365,762
2021.3.13,59919,54852,365,0
2021.3.14,61472,56755,370,1553
2021.3.15,62206,57550,373,734
2021.3.16,62206,57550,373,0
2021.3.17,63725,59550,380,1519
2021.3.18,64414,60378,384,689
2021.3.19,65149,61131,387,735
2021.3.20,65962,62062,392,813
2021.3.21,66758,62860,394,796
2021.3.22,67476,63639,397,718
2021.3.23,68250,64432,401,774
2021.3.24,68986,65177,405,736
2021.3.25,69802,66004,408,816
2021.3.26,70634,66847,413,832
2021.3.27,71584,67697,414,950
2021.3.28,72503,68499,415,919
2021.3.29,73204,69204,417,701
2021.3.30,74212,69868,421,1008
2021.3.31,75263,70614,424,1051
2021.4.1,75263,70614,424,0
2021.4.2,77353,72351,429,2090
2021.4.3,78382,73089,431,1029
2021.4.4,79544,74246,436,1162
2021.4.5,80610,75127,436,1066
2021.4.6,81640,75871,440,1030
2021.4.7,82601,76883,442,961
2021.4.8,83515,77953,443,914
2021.4.9,83515,77953,443,0
2021.4.10,85572,79958,453,2057
2021.4.11,85572,79958,453,0
2021.4.12,87385,81900,467,1813
2021.4.13,88445,83087,476,1060
2021.4.14,89404,84114,487,959
2021.4.15,90408,85121,491,1004
2021.4.16,91448,86142,500,1040
2021.4.17,92474,87061,512,1026
2021.4.18,93511,88035,525,1037
2021.4.19,94571,89073,531,1060
2021.4.20,95754,90067,538,1183
2021.4.21,96760,91034,547,1006
