date,累计确诊,治愈,死亡,新增确诊
2020.4.7,121,18,0,31
2020.4.8,140,28,1,5
2020.4.9,150,36,1,10
2020.4.12,298,41,2,83
2020.4.13,363,53,2,65
2020.4.15,435,71,2,72
2020.4.16,732,76,2,141
2020.4.19,846,102,2,114
2020.4.21,945,112,2,99
2020.4.22,986,252,2,12
2020.4.23,999,330,2,13
2020.4.24,1008,373,2,9
2020.4.25,1023,411,2,15
2020.4.27,1035,477,2,15
2020.4.28,1072,498,2,37
2020.4.30,1089,642,2,12
2020.5.1,1112,686,2,15
2020.5.3,1116,713,2,4
2020.5.5,1120,745,2,4
2020.5.6,1124,755,3,4
2020.5.7,1133,799,3,9
2020.5.9,1189,834,3,54
2020.5.12,1256,886,3,29
2020.5.14,1284,905,3,16
2020.5.15,1309,935,4,25
2020.5.16,1331,940,4,25
2020.5.17,1401,972,4,70
2020.5.18,1401,972,4,0
2020.5.19,1518,1033,7,117
2020.5.20,1618,1033,7,100
2020.5.21,1828,1052,9,210
2020.5.22,2047,1055,10,219
2020.5.23,2270,1064,10,223
2020.5.24,2270,1064,10,0
2020.5.25,2468,1079,14,198
2020.5.26,2468,1079,14,0
2020.5.27,2697,1185,18,229
2020.5.28,2914,1241,20,217
2020.5.29,2914,1241,20,0
2020.5.30,3194,1286,22,280
2020.5.31,3354,1504,24,160
2020.6.1,3569,1521,24,215
2020.6.2,3779,1607,25,210
2020.6.3,3935,1636,26,156
2020.6.4,4054,1685,26,119
2020.6.5,4054,1685,26,0
2020.6.6,4169,1815,26,115
2020.6.7,4207,1877,28,38
2020.6.8,4278,2013,31,71
2020.6.9,4331,2139,34,53
2020.6.10,4373,2260,34,42
2020.6.11,4398,2519,37,25
2020.6.12,4441,2730,38,43
2020.6.13,4449,2823,41,8
2020.6.14,4465,2950,43,16
2020.6.15,4465,2950,43,0
2020.6.16,4501,3183,43,36
2020.6.17,4539,3324,43,38
2020.6.18,4545,3411,43,6
2020.6.19,4557,3527,43,12
2020.6.20,4565,3565,45,8
2020.6.21,4582,3859,45,17
2020.6.22,4599,3952,48,17
2020.6.23,4599,3952,48,0
2020.6.24,4630,4182,52,31
2020.6.25,4635,4269,52,5
2020.6.26,4643,4348,52,8
2020.6.27,4643,4348,52,0
2020.6.28,4643,4348,52,0
2020.6.29,4656,4433,53,13
2020.6.30,4682,4524,54,26
2020.7.1,4704,4550,55,22
2020.7.2,4715,4564,55,11
2020.7.3,4736,4580,55,21
2020.7.4,4736,4580,55,0
2020.7.5,4736,4580,55,0
2020.7.6,4792,4593,55,56
2020.7.7,4878,4621,55,86
2020.7.8,4878,4621,55,0
2020.7.9,4889,4644,55,11
2020.7.10,4955,4671,56,66
2020.7.11,4968,4689,56,13
2020.7.12,4972,4712,56,4
2020.7.13,4977,4729,56,5
2020.7.14,4979,4743,56,2
2020.7.15,4979,4743,56,0
2020.7.16,4985,4765,56,6
2020.7.17,5003,4809,56,18
2020.7.18,5003,4809,56,0
2020.7.19,5011,4838,56,8
2020.7.20,5011,4838,56,0
2020.7.21,5027,4884,56,16
2020.7.22,5030,4904,58,3
2020.7.23,5030,4904,58,0
2020.7.24,5031,4927,58,1
2020.7.25,5039,4949,58,8
2020.7.26,5039,4949,58,0
2020.7.27,5050,4966,58,11
2020.7.28,5059,4977,58,9
2020.7.29,5081,4999,58,22
2020.7.30,5081,4999,58,0
2020.7.31,5081,4999,58,0
2020.8.1,5084,4999,58,3
2020.8.2,5161,5019,59,77
2020.8.3,5240,5028,59,79
2020.8.4,5248,5044,59,8
2020.8.5,5330,5057,59,82
2020.8.6,5330,5057,59,0
2020.8.7,5334,5066,59,4
2020.8.8,5338,5083,59,4
2020.8.9,5338,5083,59,0
2020.8.10,5344,5106,59,6
2020.8.11,5347,5120,59,3
2020.8.12,5348,5133,59,1
2020.8.13,5358,5167,59,10
2020.8.14,5358,5167,59,0
2020.8.15,5367,5181,59,9
2020.8.16,5369,5202,59,2
2020.8.17,5369,5202,59,0
2020.8.18,5372,5211,59,3
2020.8.19,5374,5216,59,2
2020.8.20,5374,5216,59,0
2020.8.21,5382,5233,60,8
2020.8.22,5382,5233,60,0
2020.8.23,5382,5254,60,0
2020.8.24,5383,5273,60,1
2020.8.25,5383,5273,60,0
2020.8.26,5383,5297,60,0
2020.8.27,5383,5297,60,0
2020.8.28,5383,5307,60,0
2020.8.29,5385,5314,60,2
2020.8.30,5385,5314,60,0
2020.8.31,5387,5323,60,2
2020.9.1,5387,5323,60,0
2020.9.2,5387,5327,60,0
2020.9.3,5387,5327,60,0
2020.9.4,5387,5327,60,0
2020.9.5,5387,5327,60,0
2020.9.6,5387,5327,60,0
2020.9.7,5388,5327,61,1
2020.9.8,5388,5327,61,0
2020.9.9,5388,5327,61,0
2020.9.10,5391,5327,61,3
2020.9.11,5394,5327,61,3
2020.9.12,5394,5327,61,0
2020.9.13,5395,5330,61,1
2020.9.14,5396,5331,61,1
2020.9.15,5396,5331,61,0
2020.9.16,5396,5331,61,0
2020.9.17,5399,5333,61,3
2020.9.18,5399,5333,61,0
2020.9.19,5403,5333,61,4
2020.9.20,5403,5333,61,0
2020.9.21,5404,5336,61,1
2020.9.22,5404,5336,61,0
2020.9.23,5407,5338,61,3
2020.9.24,5407,5338,61,0
2020.9.25,5407,5339,61,0
2020.9.26,5409,5340,61,2
2020.9.27,5409,5340,61,0
2020.9.28,5409,5340,61,0
2020.9.29,5410,5340,61,1
2020.9.30,5416,5344,61,6
2020.10.1,5416,5344,61,0
2020.10.2,5417,5346,61,1
2020.10.3,5417,5346,61,0
2020.10.4,5418,5347,61,1
2020.10.5,5419,5349,61,1
2020.10.6,5421,5352,61,2
2020.10.7,5423,5353,61,2
2020.10.8,5423,5353,61,0
2020.10.9,5423,5355,61,0
2020.10.10,5423,5355,61,0
2020.10.11,5423,5355,61,0
2020.10.12,5423,5355,61,0
2020.10.13,5426,5360,61,3
2020.10.14,5428,5362,61,2
2020.10.15,5440,5366,61,12
2020.10.16,5443,5368,61,3
2020.10.17,5452,5373,61,9
2020.10.18,5459,5375,61,7
2020.10.19,5459,5375,61,0
2020.10.20,5469,5379,61,10
2020.10.21,5499,5384,61,30
2020.10.22,5512,5387,61,13
2020.10.23,5522,5389,61,10
2020.10.24,5528,5393,61,6
2020.10.25,5530,5398,61,2
2020.10.26,5541,5409,61,11
2020.10.27,5541,5409,61,0
2020.10.28,5544,5421,61,3
2020.10.29,5555,5427,61,11
2020.10.30,5559,5437,61,4
2020.10.31,5559,5437,61,0
2020.11.1,5563,5448,61,4
2020.11.2,5563,5448,61,0
2020.11.3,5573,5460,61,10
2020.11.4,5575,5467,61,2
2020.11.5,5580,5472,61,5
2020.11.6,5599,5479,61,19
2020.11.7,5605,5485,61,6
2020.11.8,5605,5485,61,0
2020.11.9,5608,5486,61,3
2020.11.10,5627,5492,61,19
2020.11.11,5635,5501,61,8
2020.11.12,5635,5501,61,0
2020.11.13,5641,5509,61,6
2020.11.14,5645,5519,61,4
2020.11.15,5645,5519,61,0
2020.11.16,5649,5525,61,4
2020.11.17,5656,5548,61,7
2020.11.18,5656,5548,61,0
2020.11.19,5658,5549,61,2
2020.11.20,5660,5551,61,2
2020.11.21,5661,5552,61,1
2020.11.22,5661,5552,61,0
2020.11.23,5668,5555,61,7
2020.11.24,5669,5569,61,1
2020.11.25,5670,5575,61,1
2020.11.26,5670,5575,61,0
2020.11.27,5676,5576,61,6
2020.11.28,5676,5577,61,0
2020.11.29,5677,5577,61,1
2020.11.30,5679,5584,61,2
2020.12.1,5680,5587,61,1
2020.12.2,5680,5587,61,0
2020.12.3,5682,5587,61,2
2020.12.4,5689,5591,61,7
2020.12.5,5690,5592,61,1
2020.12.6,5701,5593,61,11
2020.12.7,5701,5593,61,0
2020.12.8,5708,5596,61,7
2020.12.9,5717,5599,61,9
2020.12.10,5717,5599,61,0
2020.12.11,5717,5605,61,0
2020.12.12,5725,5612,61,8
2020.12.13,5725,5612,61,0
2020.12.14,5733,5622,61,8
2020.12.15,5749,5628,61,16
2020.12.16,5759,5628,61,10
2020.12.17,5759,5628,61,0
2020.12.18,5770,5635,61,11
2020.12.19,5780,5641,61,10
2020.12.20,5781,5649,61,1
2020.12.21,5783,5668,61,2
2020.12.22,5786,5676,61,3
2020.12.23,5786,5676,61,0
2020.12.24,5800,5690,61,14
2020.12.25,5804,5695,61,4
2020.12.26,5805,5699,61,1
2020.12.27,5813,5706,61,8
2020.12.28,5813,5711,61,0
2020.12.29,5813,5716,61,0
2020.12.30,5824,5723,61,11
2020.12.31,5831,5728,61,7
2021.1.1,5831,5728,61,0
2021.1.2,5840,5735,61,9
2021.1.3,5841,5738,61,1
2021.1.4,5846,5747,61,5
2021.1.5,5846,5747,61,0
2021.1.6,5855,5758,61,9
2021.1.7,5855,5758,61,0
2021.1.8,5865,5772,61,10
2021.1.9,5866,5774,61,1
2021.1.10,5871,5780,61,5
2021.1.11,5871,5780,61,0
2021.1.12,5879,5801,61,8
2021.1.13,5891,5808,61,12
2021.1.14,5891,5808,61,0
2021.1.15,5900,5813,61,9
2021.1.16,5903,5816,61,3
2021.1.17,5903,5819,61,0
2021.1.18,5905,5822,61,2
2021.1.19,5910,5825,61,5
2021.1.20,5910,5825,61,0
2021.1.21,5913,5828,61,3
2021.1.22,5917,5837,61,4
2021.1.23,5917,5837,61,0
2021.1.24,5918,5837,61,1
2021.1.25,5919,5837,61,1
2021.1.26,5920,5840,61,1
2021.1.27,5923,5841,62,3
2021.1.28,5929,5845,62,6
2021.1.29,5929,5845,62,0
2021.1.30,5931,5845,62,2
2021.1.31,5932,5845,63,1
2021.2.1,5932,5845,63,0
2021.2.2,5933,5845,63,1
2021.2.3,5936,5848,63,3
2021.2.4,5936,5848,63,0
2021.2.5,5941,5849,63,5
2021.2.6,5941,5849,63,0
2021.2.7,5947,5852,63,6
2021.2.8,5947,5852,63,0
2021.2.9,5959,5854,63,12
2021.2.10,5959,5854,63,0
2021.2.11,5962,5854,63,3
2021.2.12,5966,5854,63,4
2021.2.13,5967,5854,63,1
2021.2.14,5968,5856,63,1
2021.2.15,5971,5858,63,3
2021.2.16,5981,5865,63,10
2021.2.17,5981,5865,63,0
2021.2.18,6006,5868,63,25
2021.2.19,6008,5869,63,2
2021.2.20,6022,5873,63,14
2021.2.21,6022,5873,63,0
2021.2.22,6026,5879,63,4
2021.2.23,6026,5879,63,0
2021.2.24,6052,5881,63,26
2021.2.25,6052,5886,63,0
2021.2.26,6060,5892,63,8
2021.2.27,6062,5894,63,2
2021.2.28,6065,5895,63,3
2021.3.1,6066,5897,63,1
2021.3.2,6087,5898,63,21
2021.3.3,6089,5920,63,2
2021.3.4,6102,5920,63,13
2021.3.5,6130,5928,63,28
2021.3.6,6134,5931,63,4
2021.3.7,6134,5931,63,0
2021.3.8,6146,5931,63,12
2021.3.9,6157,5935,63,11
2021.3.10,6181,5940,63,24
2021.3.11,6227,5950,63,46
2021.3.12,6234,5956,63,7
2021.3.13,6236,5968,63,2
2021.3.14,6268,5978,63,32
2021.3.15,6268,5978,63,0
2021.3.16,6294,5987,63,26
2021.3.17,6336,5998,63,42
2021.3.18,6385,6007,63,49
2021.3.19,6452,6022,63,67
2021.3.20,6501,6040,63,49
2021.3.21,6588,6083,64,87
2021.3.22,6658,6113,64,70
2021.3.23,6658,6113,64,0
2021.3.24,6771,6146,64,113
2021.3.25,6895,6172,64,124
2021.3.26,7016,6207,64,121
2021.3.27,7249,6250,66,233
2021.3.28,7361,6280,67,112
2021.3.29,7361,6280,67,0
2021.3.30,7790,6380,69,429
2021.3.31,8002,6460,70,212
2021.4.1,8002,6460,70,0
2021.4.2,8431,6630,72,429
2021.4.3,8431,6630,72,0
2021.4.4,8509,6706,72,78
2021.4.5,8696,6791,76,187
2021.4.6,8931,6918,80,235
2021.4.7,9306,7225,90,375
2021.4.8,9306,7225,90,0
2021.4.9,9479,7388,92,173
2021.4.10,9662,7551,94,183
2021.4.11,9722,7763,94,60
2021.4.12,9876,7985,96,154
2021.4.13,9975,8184,100,99
2021.4.14,10077,8394,102,102
2021.4.15,10275,8745,110,198
2021.4.16,10275,8745,110,0
2021.4.17,10385,8880,110,110
2021.4.18,10460,9172,116,75
2021.4.19,10460,9172,116,0
2021.4.20,10510,9385,119,50
