date,累计确诊,治愈,死亡,新增确诊
2020.4.4,1406,85,32,139
2020.4.8,2054,123,55,274
2020.4.9,2223,174,69,169
2020.4.10,2473,197,80,250
2020.4.11,2709,214,100,236
2020.4.12,2776,214,109,67
2020.4.13,2852,319,112,76
2020.4.14,2979,354,127,127
2020.4.15,3105,452,131,126
2020.4.16,3233,550,144,128
2020.4.17,3439,634,153,206
2020.4.18,3621,691,166,182
2020.4.19,3792,711,179,171
2020.4.20,3977,804,189,185
2020.4.21,4149,804,196,172
2020.4.22,4356,870,206,207
2020.4.23,4561,927,215,205
2020.4.24,4881,1003,225,320
2020.4.25,5142,1067,233,261
2020.4.26,5379,1133,244,237
2020.4.27,5597,1210,253,218
2020.4.28,5949,1268,269,352
2020.4.29,6207,1411,278,258
2020.4.30,6507,1439,293,300
2020.5.1,7006,1551,314,499
2020.5.2,7285,1666,324,279
2020.5.3,7668,1722,340,383
2020.5.4,7973,1807,358,305
2020.5.5,8613,2013,378,640
2020.5.6,8959,2148,397,346
2020.5.7,9456,2300,407,403
2020.5.8,10051,2424,428,595
2020.5.9,10495,2569,445,444
2020.5.10,11063,2705,463,568
2020.5.11,11613,2825,479,550
2020.5.12,12272,2971,493,659
2020.5.13,12930,3133,509,658
2020.5.14,13610,3358,525,680
2020.5.15,14216,3460,546,606
2020.5.16,14939,3587,562,723
2020.5.17,15574,3751,574,635
2020.5.18,15574,3751,574,0
2020.5.19,16295,3903,592,721
2020.5.20,16935,4050,613,640
2020.5.21,17687,4256,630,752
2020.5.22,18330,4431,652,643
2020.5.23,19131,4575,682,801
2020.5.24,20177,4718,705,1046
2020.5.25,21175,5016,727,998
2020.5.26,21981,5265,750,806
2020.5.27,23003,5511,776,1022
2020.5.28,24104,6111,803,1101
2020.5.29,25366,6665,822,1262
2020.5.30,26688,6913,853,1322
2020.5.31,28236,7121,890,1548
2020.6.1,29383,8543,939,1147
2020.6.2,30493,9661,969,1110
2020.6.3,31833,11142,1009,1340
2020.6.4,33354,12288,1045,1521
2020.6.5,35120,12921,1087,1766
2020.6.6,36635,13638,1145,1515
2020.6.7,38027,14382,1205,1392
2020.6.8,39236,15322,1259,1209
2020.6.9,40719,16427,1308,1483
2020.6.10,42078,16534,1372,1359
2020.6.11,43682,17333,1433,1604
2020.6.12,45212,17790,1488,1530
2020.6.13,46858,18715,1545,1646
2020.6.14,48746,19426,1592,1888
2020.6.15,50939,19822,1667,2193
2020.6.16,53063,19952,1726,2124
2020.6.17,54931,20366,1801,1868
2020.6.18,57046,21326,1864,2115
2020.6.19,60217,22680,1950,3171
2020.6.20,63276,23988,2045,3059
2020.6.21,65633,25499,2126,2357
2020.6.22,68652,27360,2237,3019
2020.6.23,71183,28968,2310,2531
2020.6.24,73572,30459,2404,2389
2020.6.25,77113,31671,2491,3541
2020.6.26,80599,33349,2654,3486
2020.6.27,84442,34937,2811,3843
2020.6.28,88591,36273,2939,4149
2020.6.29,91769,38280,3106,3178
2020.6.30,95043,39954,3223,3274
2020.7.1,97846,42073,3334,2803
2020.7.2,102009,43407,3470,4163
2020.7.3,106110,44531,3641,4101
2020.7.4,109505,45334,3777,3395
2020.7.5,113389,46563,3942,3884
2020.7.6,117110,47881,4064,3721
2020.7.7,120281,50370,4210,3171
2020.7.8,124494,51861,4359,4213
2020.7.9,128638,53634,4527,4144
2020.7.10,133973,56272,4714,5335
2020.7.11,140776,58800,4925,6803
2020.7.12,145362,61186,5119,4586
2020.7.13,150445,63451,5307,5083
2020.7.14,154277,65809,5455,3832
2020.7.15,159898,68806,5625,5621
2020.7.16,165169,71736,5814,5271
2020.7.17,173206,76164,6029,8037
2020.7.18,182140,80637,6288,8934
2020.7.19,190700,85836,6516,8560
2020.7.20,197278,91793,6736,6578
2020.7.21,204005,95804,6929,6727
2020.7.22,211038,98840,7166,7033
2020.7.23,218428,101613,7373,7390
2020.7.24,226373,107951,7688,7945
2020.7.25,233541,113864,7975,7168
2020.7.26,240795,119667,8269,7254
2020.7.27,248976,125037,8525,8181
2020.7.28,257101,131161,8777,8125
2020.7.29,267385,136690,9074,10284
2020.7.30,276055,142777,9454,8670
2020.7.31,286020,148695,9810,9965
2020.8.1,295508,154387,10105,9488
2020.8.2,306181,160708,10330,10673
2020.8.3,317651,167239,10650,11470
2020.8.4,327850,173727,11017,10199
2020.8.5,334979,180258,11315,7129
2020.8.6,345714,186317,11624,10735
2020.8.7,357710,192355,11939,11996
2020.8.8,367196,198495,12250,9486
2020.8.9,376870,204591,12540,9674
2020.8.10,387481,212688,12842,10611
2020.8.11,397623,221485,13154,10142
2020.8.12,410453,230427,13475,12830
2020.8.13,422519,239785,13837,12066
2020.8.14,433805,250494,14145,11286
2020.8.15,445111,261296,14492,11306
2020.8.16,456689,274420,14810,11578
2020.8.17,468332,287436,15097,11643
2020.8.18,476660,301525,15372,8328
2020.8.19,489122,312323,15619,12462
2020.8.20,502178,326298,15979,13056
2020.8.21,513719,339124,16183,11541
2020.8.22,522138,348940,16568,8419
2020.8.23,533103,359792,16968,10965
2020.8.24,541147,374030,17316,8044
2020.8.25,551696,384171,17612,10549
2020.8.26,562128,395470,17889,10432
2020.8.27,572270,407121,18184,10142
2020.8.28,582022,417793,18468,9752
2020.8.29,590520,429620,18767,8498
2020.8.30,599914,440574,19064,9394
2020.8.31,607938,450621,19364,8024
2020.9.1,615168,459475,19663,7230
2020.9.2,624069,469557,20052,8901
2020.9.3,633339,479568,20348,9270
2020.9.4,641574,489151,20618,8235
2020.9.5,650062,498221,20888,8488
2020.9.6,658456,507770,21156,8394
2020.9.7,666521,518229,21412,8065
2020.9.8,671848,529279,21615,5327
2020.9.9,679513,541462,21817,7665
2020.9.10,686856,552885,22053,7343
2020.9.11,694664,569479,22275,7808
2020.9.12,702088,582694,22518,7424
2020.9.13,708964,592820,22734,6876
2020.9.14,716319,599385,22924,7355
2020.9.15,721892,606925,23123,5573
2020.9.16,728590,607978,23288,6698
2020.9.17,736377,610078,23478,7787
2020.9.18,743945,615457,23665,7568
2020.9.19,750471,621521,23850,6526
2020.9.20,758398,627685,24039,7927
2020.9.21,765076,633199,24208,6678
2020.9.22,770435,640900,24397,5359
2020.9.23,777537,650801,24570,7102
2020.9.24,784268,662277,24746,6731
2020.9.25,790823,674961,24924,6555
2020.9.26,798317,687477,25103,7494
2020.9.27,806038,700112,25296,7721
2020.9.28,813056,711472,25488,7018
2020.9.29,818203,722536,25641,5147
2020.9.30,824042,734154,25828,5839
2020.10.1,829679,743653,25998,5637
2020.10.2,835339,751691,26196,5660
2020.10.3,841531,753953,26397,6192
2020.10.4,848147,757801,26556,6616
2020.10.5,855052,761674,26712,6905
2020.10.6,862158,766300,26844,7106
2020.10.7,869808,770812,27017,7650
2020.10.8,877683,773973,27180,7875
2020.10.9,886179,777658,27331,8496
2020.10.10,894300,780547,27495,8121
2020.10.11,902747,783131,27660,8447
2020.10.12,911316,789787,27834,8569
2020.10.13,919083,798396,27985,7767
2020.10.14,924098,806703,28141,5015
2020.10.15,930159,816667,28306,6061
2020.10.16,936982,826831,28457,6823
2020.10.17,945354,837001,28616,8372
2020.10.18,952371,847467,28803,7017
2020.10.19,959572,858294,28970,7201
2020.10.20,965883,867961,29102,6311
2020.10.21,974139,876731,29272,8256
2020.10.22,981700,884895,29464,7561
2020.10.23,990270,893712,29636,8570
2020.10.24,998942,901652,29802,8672
2020.10.25,1007711,907379,30000,8769
2020.10.26,1015885,915451,30154,8174
2020.10.27,1025052,924044,30348,9167
2020.10.28,1033218,932882,30565,8166
2020.10.29,1041935,941874,30753,8717
2020.10.30,1053122,950348,30926,11187
2020.10.31,1063151,959433,31135,10029
2020.11.1,1074184,969230,31314,11033
2020.11.2,1083321,977804,31515,9137
2020.11.3,1093256,985796,31670,9935
2020.11.4,1099392,993877,31847,6136
2020.11.5,1108084,1002202,32013,8692
2020.11.6,1117977,1011166,32209,9893
2020.11.7,1127733,1020263,32405,9756
2020.11.8,1136447,1029082,32595,8714
2020.11.9,1143887,1038082,32791,7440
2020.11.10,1149063,1047017,32974,5176
2020.11.11,1156675,1059237,33148,7612
2020.11.12,1165326,1070423,33312,8651
2020.11.13,1174012,1081691,33491,8686
2020.11.14,1182697,1089340,33669,8685
2020.11.15,1191004,1097576,33829,8307
2020.11.16,1198746,1104956,34031,7742
2020.11.17,1205217,1111867,34223,6471
2020.11.18,1211128,1118902,34381,5911
2020.11.19,1218003,1125184,34563,6875
2020.11.20,1225490,1132393,34761,7487
2020.11.21,1233444,1138581,34929,7954
2020.11.22,1240493,1144923,35104,7049
2020.11.23,1248417,1150932,35287,7924
2020.11.24,1254979,1158897,35479,6562
2020.11.25,1262494,1167857,35677,7515
2020.11.26,1270991,1174959,35860,8497
2020.11.27,1290510,1189499,36214,19519
2020.11.28,1299613,1197204,36401,9103
2020.11.29,1308376,1204452,36584,8763
2020.11.30,1316806,1210489,36766,17193
2020.12.1,1316806,1210489,36766,0
2020.12.2,1324792,1217647,36934,7986
2020.12.3,1334089,1225635,37117,9297
2020.12.4,1343322,1233115,37305,9233
2020.12.5,1352607,1240990,37467,9285
2020.12.6,1362249,1249702,37633,9642
2020.12.7,1371103,1257410,37808,8854
2020.12.8,1377100,1267595,37995,5997
2020.12.9,1384610,1278326,38158,7510
2020.12.10,1392133,1287597,38308,7523
2020.12.11,1399911,1296420,38484,7778
2020.12.12,1408909,1304299,38669,8998
2020.12.13,1417072,1310425,38866,8163
2020.12.14,1425774,1314836,39053,8702
2020.12.15,1434516,1321469,39195,8742
2020.12.16,1444646,1328430,39356,10130
2020.12.17,1456599,1336166,39560,11953
2020.12.18,1468795,1343819,39787,12196
2020.12.19,1482072,1354021,40019,13277
2020.12.20,1496062,1362543,40268,13990
2020.12.21,1507222,1373332,40475,11160
2020.12.22,1518067,1382340,40680,10845
2020.12.23,1530593,1394374,40931,12526
2020.12.24,1544826,1404168,41174,14233
2020.12.25,1559766,1417316,41454,14940
2020.12.26,1574707,1430709,41690,14941
2020.12.27,1594497,1455975,42171,19790
2020.12.28,1603807,1469041,42374,9310
2020.12.29,1603807,1469041,42374,0
2020.12.30,1614822,1483017,42620,11015
2020.12.31,1626461,1497180,42909,11639
2021.1.1,1642775,1508419,43213,16314
2021.1.2,1654880,1520548,43495,12105
2021.1.3,1666408,1530973,43765,11528
2021.1.4,1675820,1542353,43965,9412
2021.1.5,1686131,1552177,44187,10311
2021.1.6,1702966,1559010,44426,16835
2021.1.7,1719771,1569578,44723,16805
2021.1.8,1737347,1580285,45067,17576
2021.1.9,1755568,1597160,45431,18221
2021.1.10,1771363,1609564,45784,15795
2021.1.11,1786900,1621019,46114,15537
2021.1.12,1801903,1632614,46451,15003
2021.1.13,1816082,1646892,46782,14179
2021.1.14,1831980,1665003,47124,15898
2021.1.15,1849101,1683835,47491,17121
2021.1.16,1870179,1698457,47868,21078
2021.1.17,1891034,1711924,48256,20855
2021.1.18,1908413,1729633,48631,17379
2021.1.19,1923132,1754222,49004,14719
2021.1.20,1939071,1769935,49402,15939
2021.1.21,1956979,1786170,49792,17908
2021.1.22,1972345,1801134,50187,15366
2021.1.23,1987418,1811552,50586,15073
2021.1.24,2002969,1822309,50982,15551
2021.1.25,2015485,1832168,51374,12516
2021.1.26,2027746,1849194,51747,12261
2021.1.27,2041352,1864904,52128,13606
2021.1.28,2055305,1880041,52523,13953
2021.1.29,2067575,1894384,52913,12270
2021.1.30,2077633,1909791,53284,10058
2021.1.31,2086806,1924401,53650,9173
2021.2.1,2094884,1938322,53983,8078
2021.2.2,2104506,1954674,54272,9622
2021.2.3,2114597,1971342,54576,10091
2021.2.4,2125622,1988958,54877,11025
2021.2.5,2135412,2001135,55131,9790
2021.2.6,2142660,2010941,55403,7248
2021.2.7,2151207,2022331,55693,8547
2021.2.8,2157216,2027333,55993,6009
2021.2.9,2161462,2034228,56290,4246
2021.2.10,2166904,2048292,56507,5442
2021.2.11,2173347,2055468,56733,6443
2021.2.12,2179641,2065209,56983,6294
2021.2.13,2185169,2072793,57196,5528
2021.2.14,2190116,2078391,57425,4947
2021.2.15,2195039,2083551,57605,4923
2021.2.16,2198549,2090467,57786,3510
2021.2.17,2202598,2095105,57949,4049
2021.2.18,2207701,2099628,58134,5103
2021.2.19,2212525,2105445,58334,4824
2021.2.20,2217001,2110562,58511,4476
2021.2.21,2222018,2115470,58685,5017
2021.2.22,2226262,2120366,58834,4244
2021.2.23,2229663,2124695,58974,3401
2021.2.24,2233589,2129491,59118,3926
2021.2.25,2237542,2134054,59260,3953
2021.2.26,2241225,2138193,59396,3683
2021.2.27,2244792,2141874,59518,3567
2021.2.28,2248135,2145450,59660,3343
2021.3.1,2251690,2148249,59766,3555
2021.3.2,2255260,2151633,59866,3570
2021.3.3,2259599,2156057,59972,4339
2021.3.4,2262646,2160555,60082,3047
2021.3.5,2266211,2164438,60189,3565
2021.3.6,2269582,2168149,60300,3371
2021.3.7,2273245,2172418,60412,3663
2021.3.8,2276656,2177199,60503,3411
2021.3.9,2278861,2180777,60598,2205
2021.3.10,2282372,2183635,60676,3511
2021.3.11,2285960,2187473,60773,3588
2021.3.12,2290539,2191171,60858,4579
2021.3.13,2294617,2195569,60950,4078
2021.3.14,2299082,2199508,61046,4465
2021.3.15,2303144,2202580,61143,4062
2021.3.16,2305884,2206210,61243,2740
2021.3.17,2309600,2209224,61368,3716
2021.3.18,2314154,2212512,61498,4554
2021.3.19,2319293,2216945,61636,5139
2021.3.20,2324426,2221642,61771,5133
2021.3.21,2331187,2225725,61907,6761
2021.3.22,2337150,2230195,62028,5963
2021.3.23,2342278,2235343,62148,5128
2021.3.24,2347224,2239936,62274,4946
2021.3.25,2353210,2244522,62394,5986
2021.3.26,2359942,2250063,62519,6732
2021.3.27,2367337,2255948,62645,7395
2021.3.28,2375591,2261373,62790,8254
2021.3.29,2382730,2267760,62955,7139
2021.3.30,2389779,2273909,63079,7049
2021.3.31,2397731,2279840,63255,7952
2021.4.1,2406377,2285515,63422,8646
2021.4.2,2417826,2292803,63614,11449
2021.4.3,2428048,2300887,63777,10222
2021.4.4,2437197,2309356,63932,9149
2021.4.5,2446219,2317564,64094,9022
2021.4.6,2456409,2325833,64293,10190
2021.4.7,2468236,2336356,64524,11827
2021.4.8,2479617,2345471,64767,11381
2021.4.9,2492081,2355832,65014,12464
2021.4.10,2504206,2365566,65283,12125
2021.4.11,2518715,2375176,65608,14509
2021.4.12,2536198,2383785,65889,17483
2021.4.13,2552937,2395733,66156,16739
2021.4.14,2569314,2408624,66482,16377
2021.4.15,2585801,2419265,66819,16487
2021.4.16,2602719,2432061,67199,16918
2021.4.17,2619422,2442453,67564,16703
2021.4.18,2636076,2457888,67931,16654
2021.4.19,2652947,2471498,68328,16871
2021.4.20,2667136,2488246,68748,14189
