date,累计确诊,治愈,死亡,新增确诊
2020.4.8,730,60,10,45
2020.4.9,803,61,12,73
2020.4.10,820,98,12,17
2020.4.11,836,98,12,16
2020.4.12,848,98,14,12
2020.4.14,848,165,17,3
2020.4.16,996,165,22,148
2020.4.17,1017,177,22,21
2020.4.20,1163,305,42,146
2020.4.23,1334,668,43,171
2020.4.24,1518,697,53,88
2020.4.25,1621,786,56,103
2020.4.27,1705,805,58,84
2020.4.28,1806,915,59,101
2020.5.2,2077,953,64,245
2020.5.5,2265,1000,64,161
2020.5.6,2267,1002,108,2
2020.5.8,2274,1232,108,7
2020.5.9,2579,1465,114,305
2020.5.11,2689,1524,125,110
2020.5.13,2800,1543,136,111
2020.5.14,2954,1553,139,154
2020.5.15,2954,1553,139,0
2020.5.16,3105,1567,140,151
2020.5.17,3105,1567,140,0
2020.5.18,3105,1567,140,0
2020.5.19,3529,1567,140,424
2020.5.20,3529,1567,140,0
2020.5.21,3733,1595,146,204
2020.5.22,4288,1808,156,555
2020.5.23,4400,1822,159,112
2020.5.24,4400,1822,159,0
2020.5.25,4890,1865,165,490
2020.5.26,5044,1917,171,154
2020.5.27,5436,1996,175,392
2020.5.28,5436,1996,175,0
2020.5.29,5436,1996,175,0
2020.5.30,5659,3441,185,223
2020.5.31,5904,3568,191,245
2020.6.1,6143,3578,197,239
2020.6.2,6397,3629,199,254
2020.6.3,6585,3676,200,188
2020.6.4,6789,3705,203,204
2020.6.5,7392,4575,205,603
2020.6.6,7599,4587,212,207
2020.6.7,7599,4587,212,0
2020.6.8,8060,4748,212,461
2020.6.9,8312,4794,212,252
2020.6.10,8681,4836,212,369
2020.6.11,8681,4836,212,0
2020.6.12,8681,4836,212,0
2020.6.13,8681,4836,212,0
2020.6.14,8681,4836,212,0
2020.6.15,9864,5570,276,1183
2020.6.16,9864,5570,276,0
2020.6.17,9864,5570,276,0
2020.6.18,9864,5570,276,0
2020.6.19,10638,7548,282,774
2020.6.20,10638,7548,282,0
2020.6.21,11610,7702,301,972
2020.6.22,11892,7710,303,282
2020.6.23,12041,7740,308,149
2020.6.24,12270,7774,313,229
2020.6.25,12592,10100,313,322
2020.6.26,12592,10100,313,0
2020.6.27,12592,10100,313,0
2020.6.28,12592,10100,313,0
2020.6.29,12592,10100,313,0
2020.6.30,12592,10100,313,0
2020.7.1,12592,10100,313,0
2020.7.2,12592,10100,313,0
2020.7.3,12592,10100,313,0
2020.7.4,12592,10100,313,0
2020.7.5,12592,10100,313,0
2020.7.6,12592,10100,313,0
2020.7.7,14916,11525,359,2324
2020.7.8,14916,11525,359,0
2020.7.9,14916,11525,359,0
2020.7.10,14916,11525,359,0
2020.7.11,14916,11525,359,0
2020.7.12,15173,11928,359,257
2020.7.13,15173,11928,359,0
2020.7.14,15173,11928,359,0
2020.7.15,15173,11928,359,0
2020.7.16,15173,11928,359,0
2020.7.17,16157,13728,373,984
2020.7.18,16157,13728,373,0
2020.7.19,16157,13728,373,0
2020.7.20,16157,13728,373,0
2020.7.21,16157,13728,373,0
2020.7.22,16522,13728,382,365
2020.7.23,16522,13728,382,0
2020.7.24,16708,14539,385,186
2020.7.25,16708,14539,385,0
2020.7.26,16708,14539,385,0
2020.7.27,16708,14539,385,0
2020.7.28,17110,14539,391,402
2020.7.29,17179,14539,391,69
2020.7.30,17255,15320,391,76
2020.7.31,17255,15320,391,0
2020.8.1,17255,15320,391,0
2020.8.2,17255,15320,391,0
2020.8.3,17255,15320,391,0
2020.8.4,17255,15320,391,0
2020.8.5,17718,15320,391,463
2020.8.6,17718,15320,391,0
2020.8.7,17718,15320,391,0
2020.8.8,17718,15320,391,0
2020.8.9,18042,15320,395,324
2020.8.10,18042,15320,395,0
2020.8.11,18042,15320,395,0
2020.8.12,18213,15320,398,171
2020.8.13,18263,15320,401,50
2020.8.14,18308,15320,401,45
2020.8.15,18469,15320,401,161
2020.8.16,18469,16540,401,0
2020.8.17,18469,16540,401,0
2020.8.18,18582,16540,403,113
2020.8.19,18599,16540,406,17
2020.8.20,18762,16540,408,163
2020.8.21,18762,16540,408,0
2020.8.22,18762,16540,408,0
2020.8.23,18762,16540,408,0
2020.8.24,18762,16540,408,0
2020.8.25,18762,16540,408,0
2020.8.26,18973,16540,410,211
2020.8.27,18973,16540,410,0
2020.8.28,19142,17651,411,169
2020.8.29,19142,17651,411,0
2020.8.30,19142,17651,411,0
2020.8.31,19142,17651,411,0
2020.9.1,19142,17651,411,0
2020.9.2,19409,17651,414,267
2020.9.3,19460,17651,415,51
2020.9.4,19604,18448,415,144
2020.9.5,19604,18448,415,0
2020.9.6,19604,18448,415,0
2020.9.7,19604,18448,415,0
2020.9.8,19604,18448,415,0
2020.9.9,19848,18448,415,244
2020.9.10,20009,18837,415,161
2020.9.11,20009,18837,415,0
2020.9.12,20009,18837,415,0
2020.9.13,20009,18837,415,0
2020.9.14,20167,18837,415,158
2020.9.15,20228,18837,415,61
2020.9.16,20271,18837,415,43
2020.9.17,20303,18837,415,32
2020.9.18,20303,18837,415,0
2020.9.19,20371,19124,416,68
2020.9.20,20431,19124,416,60
2020.9.21,20431,19124,416,0
2020.9.22,20598,19124,416,167
2020.9.23,20598,19124,416,0
2020.9.24,20690,19124,416,92
2020.9.25,20712,19440,418,22
2020.9.26,20712,19440,418,0
2020.9.27,20735,19440,418,23
2020.9.28,20735,19440,418,0
2020.9.29,20838,19440,418,103
2020.9.30,20838,19440,418,0
2020.10.1,20838,19440,418,0
2020.10.2,20838,19440,418,0
2020.10.3,20924,19764,420,86
2020.10.4,20924,19764,420,0
2020.10.5,20924,19764,420,0
2020.10.6,20924,19764,420,0
2020.10.7,20924,19764,420,0
2020.10.8,20924,19764,420,0
2020.10.9,21203,20117,423,279
2020.10.10,21203,20117,423,0
2020.10.11,21203,20117,423,0
2020.10.12,21203,20117,423,0
2020.10.13,21203,20117,423,0
2020.10.14,21203,20117,423,0
2020.10.15,21441,20117,423,238
2020.10.16,21441,20117,423,0
2020.10.17,21441,20117,423,0
2020.10.18,21441,20117,423,0
2020.10.19,21441,20117,423,0
2020.10.20,21506,20117,424,65
2020.10.21,21570,20117,425,64
2020.10.22,21570,20117,425,0
2020.10.23,21570,20117,425,0
2020.10.24,21570,20117,425,0
2020.10.25,21570,20117,425,0
2020.10.26,21570,20117,425,0
2020.10.27,21793,20117,426,223
2020.10.28,21793,20117,426,0
2020.10.29,21793,20117,426,0
2020.10.30,21793,20117,426,0
2020.10.31,21793,20117,426,0
2020.11.1,21793,20117,426,0
2020.11.2,22103,21151,429,310
2020.11.3,22103,21151,429,0
2020.11.4,22103,21151,429,0
2020.11.5,22103,21151,429,0
2020.11.6,22103,21151,429,0
2020.11.7,22103,21151,429,0
2020.11.8,22342,21151,429,239
2020.11.9,22421,21510,433,79
2020.11.10,22421,21510,433,0
2020.11.11,22421,21510,433,0
2020.11.12,22490,21510,433,69
2020.11.13,22490,21510,433,0
2020.11.14,22583,21510,433,93
2020.11.15,22692,21510,433,109
2020.11.16,22692,21510,433,0
2020.11.17,22692,21510,433,0
2020.11.18,22896,21510,433,204
2020.11.19,22896,21510,433,0
2020.11.20,23528,22177,435,632
2020.11.21,23528,22177,435,0
2020.11.22,23528,22177,435,0
2020.11.23,23528,22177,435,0
2020.11.24,23842,22177,435,314
2020.11.25,23869,22177,436,27
2020.11.26,23915,22177,437,46
2020.11.27,24022,22177,437,107
2020.11.28,24117,22177,437,95
2020.11.29,24117,22177,437,0
2020.11.30,24445,22177,437,328
2020.12.1,24445,22177,437,0
2020.12.2,24487,22177,441,42
2020.12.3,24487,22177,441,0
2020.12.4,24560,23344,441,73
2020.12.5,24752,23344,443,192
2020.12.6,24752,23344,443,0
2020.12.7,24752,23344,443,0
2020.12.8,24752,23344,443,0
2020.12.9,24752,23344,443,0
2020.12.10,24963,23344,443,211
2020.12.11,24963,23344,443,0
2020.12.12,25087,23851,443,124
2020.12.13,25143,23851,443,56
2020.12.14,25143,23851,443,0
2020.12.15,25214,23851,443,71
2020.12.16,25359,23851,445,145
2020.12.17,25472,23851,445,113
2020.12.18,25472,23851,445,0
2020.12.19,25472,23851,445,0
2020.12.20,25724,23851,445,252
2020.12.21,25849,23851,448,125
2020.12.22,25849,23851,448,0
2020.12.23,25849,23851,448,0
2020.12.24,25849,23851,448,0
2020.12.25,26277,24892,448,428
2020.12.26,26277,24892,448,0
2020.12.27,26277,24892,448,0
2020.12.28,26277,24892,448,0
2020.12.29,26277,24892,448,0
2020.12.30,26277,24892,448,0
2020.12.31,26277,24892,448,0
2021.1.1,26277,24892,448,0
2021.1.2,26848,24892,448,571
2021.1.3,26848,24892,448,0
2021.1.4,26848,24892,448,0
2021.1.5,26848,24892,448,0
2021.1.6,26848,24892,448,0
2021.1.7,26848,24892,448,0
2021.1.8,26848,24892,448,0
2021.1.9,26848,24892,448,0
2021.1.10,26848,24892,448,0
2021.1.11,26848,24892,448,0
2021.1.12,26848,24892,448,0
2021.1.13,27336,24892,451,488
2021.1.14,27336,24892,451,0
2021.1.15,27336,24892,451,0
2021.1.16,27336,24892,451,0
2021.1.17,28010,26861,455,674
2021.1.18,28010,26861,455,0
2021.1.19,28010,26861,455,0
2021.1.20,28010,26861,455,0
2021.1.21,28010,26861,455,0
2021.1.22,28010,26861,455,0
2021.1.23,28010,26861,455,0
2021.1.24,29617,28045,462,1607
2021.1.25,29617,28045,462,0
2021.1.26,29617,28045,462,0
2021.1.27,29617,28045,462,0
2021.1.28,29617,28045,462,0
2021.1.29,29617,28045,462,0
2021.1.30,29617,28045,462,0
2021.1.31,29617,28045,462,0
2021.2.1,29617,28045,462,0
2021.2.2,29617,28045,462,0
2021.2.3,30313,28045,474,696
2021.2.4,30313,28045,474,0
2021.2.5,30313,28045,474,0
2021.2.6,30313,28045,474,0
2021.2.7,31394,29501,474,1081
2021.2.8,31394,29501,474,0
2021.2.9,31394,29501,474,0
2021.2.10,31394,29501,474,0
2021.2.11,31394,29501,474,0
2021.2.12,31394,29501,474,0
2021.2.13,32098,29609,479,704
2021.2.14,32098,29609,479,0
2021.2.15,32098,29609,479,0
2021.2.16,32098,29609,479,0
2021.2.17,32098,29609,479,0
2021.2.18,32098,29609,479,0
2021.2.19,33749,31362,523,1651
2021.2.20,33749,31362,523,0
2021.2.21,33749,31362,523,0
2021.2.22,33749,31362,523,0
2021.2.23,33749,31362,523,0
2021.2.24,33749,31362,523,0
2021.2.25,33749,31362,523,0
2021.2.26,35714,32594,551,1965
2021.2.27,35714,32594,551,0
2021.2.28,35714,32594,551,0
2021.3.1,35714,32594,551,0
2021.3.2,35714,32594,551,0
2021.3.3,35714,32594,551,0
2021.3.4,35714,32594,551,0
2021.3.5,35714,32594,551,0
2021.3.6,35714,32594,551,0
2021.3.7,35714,32594,551,0
2021.3.8,35714,32594,551,0
2021.3.9,36794,32936,566,1080
2021.3.10,36794,32936,566,0
2021.3.11,36794,32936,566,0
2021.3.12,40622,35261,601,3828
2021.3.13,40622,35261,601,0
2021.3.14,40622,35261,601,0
2021.3.15,40622,35261,601,0
2021.3.16,40622,35261,601,0
2021.3.17,40622,35261,601,0
2021.3.18,40622,35261,601,0
2021.3.19,40622,35261,601,0
2021.3.20,40622,35261,601,0
2021.3.21,40622,35261,601,0
2021.3.22,40622,35261,601,0
2021.3.23,40622,35261,601,0
2021.3.24,40622,35261,601,0
2021.3.25,40622,35261,601,0
2021.3.26,40622,35261,601,0
2021.3.27,47669,35261,721,7047
2021.3.28,47669,35261,721,0
2021.3.29,47669,35261,721,0
2021.3.30,47669,35261,721,0
2021.3.31,47669,35261,721,0
2021.4.1,47669,35261,721,0
2021.4.2,57337,51769,851,9668
2021.4.3,57337,51769,851,0
2021.4.4,57337,51769,851,0
2021.4.5,57337,51769,851,0
2021.4.6,57337,51769,851,0
2021.4.7,57337,51769,851,0
2021.4.8,57337,51769,851,0
2021.4.9,61731,56926,919,4394
2021.4.10,61731,56926,919,0
2021.4.11,61731,56926,919,0
2021.4.12,61731,56926,919,0
2021.4.13,61731,56926,919,0
2021.4.14,61731,56926,919,0
2021.4.15,61731,56926,919,0
2021.4.16,61731,56926,919,0
2021.4.17,64809,57821,939,3078
2021.4.18,64809,57821,939,0
2021.4.19,64809,57821,939,0
2021.4.20,64809,57821,939,0
