date,累计确诊,治愈,死亡,新增确诊
2020.3.22,1236,0,30,289
2020.3.28,7402,70,108,1704
2020.3.29,9217,105,131,1815
2020.3.30,10827,162,168,1610
2020.4.7,34109,1582,725,3892
2020.4.8,38226,1846,812,4117
2020.4.9,42282,2142,908,4056
2020.4.10,47029,2423,1006,4747
2020.4.11,52167,2965,1101,5138
2020.4.12,56956,3446,1198,4789
2020.4.13,61049,3957,1296,4093
2020.4.14,65111,4799,1403,4062
2020.4.15,69392,5674,1518,4281
2020.4.16,74193,7089,1643,4801
2020.4.17,78546,8631,1769,4353
2020.4.18,82329,10453,1890,3783
2020.4.19,86306,11976,2017,3977
2020.4.20,90980,13430,2140,4674
2020.4.21,95591,14918,2259,4611
2020.4.22,98674,16477,2376,3083
2020.4.23,101790,18491,2491,3116
2020.4.24,104912,21737,2600,3122
2020.4.25,107773,25582,2706,2861
2020.4.26,110130,29140,2805,2357
2020.4.27,112261,33791,2900,2131
2020.4.28,114653,38809,2992,2392
2020.4.29,117589,44040,3081,2936
2020.4.30,120204,48886,3174,2615
2020.5.1,122392,53808,3258,2188
2020.5.2,124375,58259,3336,1983
2020.5.3,126045,63151,3397,1670
2020.5.4,127659,68166,3461,1614
2020.5.5,129491,73285,3520,1832
2020.5.6,131744,78202,3584,2253
2020.5.7,133721,78202,3641,1977
2020.5.8,135569,86396,3689,1848
2020.5.9,137115,89480,3739,1546
2020.5.10,138657,92691,3786,1542
2020.5.11,139771,95780,3841,1114
2020.5.12,141475,98889,3894,1704
2020.5.13,143114,101715,3952,1639
2020.5.14,144749,104030,4007,1635
2020.5.15,146457,106133,4055,1708
2020.5.16,148067,108137,4096,1610
2020.5.17,149435,109962,4140,1368
2020.5.18,149435,109962,4140,0
2020.5.19,150593,111577,4171,1158
2020.5.20,151615,112895,4199,1022
2020.5.21,152587,113987,4222,972
2020.5.22,153548,114990,4249,961
2020.5.23,154500,116111,4276,952
2020.5.24,155686,117602,4308,1186
2020.5.25,156827,118694,4340,1141
2020.5.26,157814,120015,4369,987
2020.5.27,158762,121507,4397,948
2020.5.28,159797,122793,4431,1035
2020.5.29,160979,124369,4461,1182
2020.5.30,162120,125963,4489,1141
2020.5.31,163103,126984,4515,983
2020.6.1,163942,127973,4540,839
2020.6.2,164769,128947,4563,827
2020.6.3,165555,129921,4585,786
2020.6.4,166422,130852,4609,867
2020.6.5,167410,131778,4630,988
2020.6.6,168340,133400,4648,930
2020.6.7,169218,135322,4669,878
2020.6.8,170132,137969,4692,914
2020.6.9,171121,141380,4711,989
2020.6.10,172114,144598,4729,993
2020.6.11,173036,146839,4746,922
2020.6.12,174023,147860,4763,987
2020.6.13,175218,149102,4778,1195
2020.6.14,176677,150087,4792,1459
2020.6.15,178239,151417,4807,1562
2020.6.16,179831,152364,4825,1592
2020.6.17,181298,153379,4842,1467
2020.6.18,182727,154640,4861,1429
2020.6.19,184031,156022,4882,1304
2020.6.20,185245,157516,4905,1214
2020.6.21,186493,158828,4927,1248
2020.6.22,187685,160240,4950,1192
2020.6.23,188897,161533,4974,1212
2020.6.24,190165,162848,5001,1268
2020.6.25,191657,164234,5025,1492
2020.6.26,193115,165706,5046,1458
2020.6.27,194511,167198,5065,1396
2020.6.28,195883,169182,5082,1372
2020.6.29,197239,170595,5097,1356
2020.6.30,198613,171809,5115,1374
2020.7.1,199906,173111,5131,1293
2020.7.2,201098,175422,5150,1192
2020.7.3,202284,176965,5167,1186
2020.7.4,203456,178278,5186,1172
2020.7.5,204610,179492,5206,1154
2020.7.6,205758,180680,5225,1148
2020.7.7,206844,182995,5241,1086
2020.7.8,207897,185292,5260,1053
2020.7.9,208938,187511,5282,1041
2020.7.10,209962,190390,5300,1024
2020.7.11,210965,191883,5323,1003
2020.7.12,211981,193217,5344,1016
2020.7.13,212993,194515,5363,1012
2020.7.14,214001,195671,5382,1008
2020.7.15,214993,196720,5402,992
2020.7.16,215940,197733,5419,947
2020.7.17,216873,198820,5440,933
2020.7.18,217799,199834,5458,926
2020.7.19,218717,201013,5475,918
2020.7.20,219641,202010,5491,924
2020.7.21,220572,203002,5508,931
2020.7.22,221500,204011,5526,928
2020.7.23,222402,205214,5545,902
2020.7.24,224252,207374,5580,1850
2020.7.25,224252,207374,5580,0
2020.7.26,225173,208477,5596,921
2020.7.27,226100,209487,5613,927
2020.7.28,227019,210469,5630,919
2020.7.29,227982,211561,5645,963
2020.7.30,228924,212557,5659,942
2020.7.31,229891,213539,5674,967
2020.8.1,230873,214535,5691,982
2020.8.2,231869,215516,5710,996
2020.8.3,232856,216494,5728,987
2020.8.4,233851,217497,5747,995
2020.8.5,234934,218491,5765,1083
2020.8.6,236112,219506,5784,1178
2020.8.7,237265,220546,5798,1153
2020.8.8,238450,221574,5813,1185
2020.8.9,239622,222656,5829,1172
2020.8.10,240804,223759,5844,1182
2020.8.11,241997,224970,5858,1193
2020.8.12,243180,226155,5873,1183
2020.8.13,244392,227089,5891,1212
2020.8.14,245635,228057,5912,1243
2020.8.15,246861,228980,5934,1226
2020.8.16,248117,229972,5955,1256
2020.8.17,249309,230969,5974,1192
2020.8.18,250542,231971,5996,1233
2020.8.19,251805,232913,6016,1263
2020.8.20,253108,233915,6039,1303
2020.8.21,254520,234797,6058,1412
2020.8.22,255723,235569,6080,1203
2020.8.23,257032,236370,6102,1309
2020.8.24,258249,237165,6121,1217
2020.8.25,259692,237908,6139,1443
2020.8.26,261194,238795,6163,1502
2020.8.27,262507,239797,6183,1313
2020.8.28,263998,240792,6209,1491
2020.8.29,265515,241809,6245,1517
2020.8.30,267064,242812,6284,1549
2020.8.31,268546,243839,6326,1482
2020.9.1,270133,244926,6370,1587
2020.9.2,271705,245929,6417,1572
2020.9.3,273301,246876,6462,1596
2020.9.4,274943,248087,6511,1642
2020.9.5,276555,249108,6564,1612
2020.9.6,278228,250092,6620,1673
2020.9.7,279806,251105,6673,1578
2020.9.8,281509,252152,6730,1703
2020.9.9,283270,253245,6782,1761
2020.9.10,284943,254188,6837,1673
2020.9.11,286455,255407,6895,1512
2020.9.12,288126,256524,6951,1671
2020.9.13,289635,257731,6999,1509
2020.9.14,291162,258833,7056,1527
2020.9.15,292878,260058,7119,1716
2020.9.16,294620,261260,7186,1742
2020.9.17,296391,262602,7249,1771
2020.9.18,298039,263745,7315,1648
2020.9.19,299810,264805,7377,1771
2020.9.20,301348,266117,7445,1538
2020.9.21,302867,267233,7506,1519
2020.9.22,304610,268435,7574,1743
2020.9.23,306302,269696,7639,1692
2020.9.24,308069,270723,7711,1767
2020.9.25,309790,271964,7785,1721
2020.9.26,311455,273282,7858,1665
2020.9.27,314433,275630,7997,2978
2020.9.28,314433,275630,7997,0
2020.9.29,315845,277052,8062,1412
2020.9.30,317272,278504,8130,1427
2020.10.1,318663,279749,8195,1391
2020.10.2,320070,281151,8262,1407
2020.10.3,321512,282657,8325,1442
2020.10.4,323014,283868,8384,1502
2020.10.5,324443,285050,8441,1429
2020.10.6,326046,286370,8498,1603
2020.10.7,327557,287599,8553,1511
2020.10.8,329138,288954,8609,1581
2020.10.9,330753,290352,8667,1615
2020.10.10,332382,291754,8722,1629
2020.10.11,335533,294357,8837,3151
2020.10.12,335533,294357,8837,0
2020.10.13,337147,295658,8895,1614
2020.10.14,338779,296972,8957,1632
2020.10.15,340450,298368,9014,1671
2020.10.16,342143,299679,9080,1693
2020.10.17,345678,302499,9224,3535
2020.10.18,345678,302499,9224,0
2020.10.19,347493,304003,9296,1815
2020.10.20,349519,305427,9371,2026
2020.10.21,351413,306939,9445,1894
2020.10.22,353426,308446,9513,2013
2020.10.23,355528,310027,9584,2102
2020.10.24,359784,313093,9727,4256
2020.10.25,361801,314390,9799,2017
2020.10.26,361801,314390,9799,0
2020.10.27,366208,317519,9950,4407
2020.10.28,366208,317519,9950,0
2020.10.29,370832,320762,10099,4624
2020.10.30,370832,320762,10099,0
2020.10.31,375367,323971,10252,4535
2020.11.1,377473,325486,10326,2106
2020.11.2,379775,327007,10402,2302
2020.11.3,379775,327007,10402,0
2020.11.4,382118,328824,10481,2343
2020.11.5,384509,330665,10558,2391
2020.11.6,389256,334293,10722,4747
2020.11.7,389256,334293,10722,0
2020.11.8,391739,336221,10803,2483
2020.11.9,394255,338239,10887,2516
2020.11.10,396831,340286,10972,2576
2020.11.11,399360,342501,11059,2529
2020.11.12,402053,344613,11145,2693
2020.11.13,404894,346794,11233,2841
2020.11.14,407939,348804,11326,3045
2020.11.15,411055,351102,11418,3116
2020.11.16,414278,353663,11507,3223
2020.11.17,417594,356375,11601,3316
2020.11.18,421413,359063,11704,3819
2020.11.19,425628,361655,11820,4215
2020.11.20,430170,364573,11943,4542
2020.11.21,435273,367592,12084,5103
2020.11.22,440805,370825,12219,5532
2020.11.23,446822,374637,12358,6017
2020.11.24,453535,377891,12511,6713
2020.11.25,460916,381569,12672,7381
2020.11.26,1311200,1039154,13014,29132
2020.11.27,1341045,1045603,13191,29845
2020.11.28,1371148,720181,13373,30103
2020.11.29,1400429,1058834,13558,29281
2020.11.30,1431648,1065653,13746,31219
2020.12.1,1461758,1072342,13936,30110
2020.12.2,1493681,1079474,14129,31923
2020.12.3,1526062,1087015,14316,32381
2020.12.4,1558798,1095105,14509,32736
2020.12.5,1590694,1103385,14705,31896
2020.12.6,1621096,1111957,14900,30402
2020.12.7,1653233,1120744,15103,32137
2020.12.8,1686431,1130951,15314,33198
2020.12.9,1718143,1142199,15531,31712
2020.12.10,1748567,1154333,15751,30424
2020.12.11,1780673,1154333,15977,32106
2020.12.12,1809809,1154333,16199,29136
2020.12.13,1836728,1603780,16417,26919
2020.12.14,1836728,1603780,16417,0
2020.12.15,1866345,1631944,16646,29617
2020.12.16,1898447,1661191,16881,32102
2020.12.17,1955680,1721607,17364,57233
2020.12.18,1955680,1721607,17364,0
2020.12.19,1982090,1753552,17610,26410
2020.12.20,2004285,1779068,17851,22195
2020.12.21,2043704,1834705,18351,39419
2020.12.22,2043704,1834705,18351,0
2020.12.23,2062960,1866815,18602,19256
2020.12.24,2082610,1901307,18861,19650
2020.12.25,2100712,1935292,19115,18102
2020.12.26,2118255,1970803,19371,17543
2020.12.27,2147578,2015230,19878,29323
2020.12.28,2162775,2037433,20135,15197
2020.12.29,2162775,2037433,20135,0
2020.12.30,2178580,2058437,20388,15805
2020.12.31,2194272,2078629,20642,15692
2021.1.1,2208652,2100650,20881,14380
2021.1.2,2232035,2126432,21295,23383
2021.1.3,2232035,2126432,21295,0
2021.1.4,2241912,2136534,21488,9877
2021.1.5,2255607,2146430,21685,13695
2021.1.6,2270101,2155338,21879,14494
2021.1.7,2283931,2164040,22070,13830
2021.1.8,2296102,2172251,22264,12171
2021.1.9,2317118,2190047,22631,21016
2021.1.10,2326256,2198150,22807,9138
2021.1.11,2326256,2198150,22807,0
2021.1.12,2336476,2208451,22981,10220
2021.1.13,2346285,2218464,23152,9809
2021.1.14,2355839,2227927,23325,9554
2021.1.15,2364801,2236938,23495,8962
2021.1.16,2373115,2246047,23664,8314
2021.1.17,2380665,2254052,23832,7550
2021.1.18,2387101,2262864,23997,6436
2021.1.19,2392963,2270769,24161,5862
2021.1.20,2399781,2277987,24328,6818
2021.1.21,2406216,2283919,24487,6435
2021.1.22,2412505,2290032,24640,6289
2021.1.23,2418472,2296050,24789,5967
2021.1.24,2424328,2301861,24933,5856
2021.1.25,2429605,2307721,25073,5277
2021.1.26,2435247,2314403,25210,5642
2021.1.27,2442350,2322511,25344,7103
2021.1.28,2449839,2331314,25476,7489
2021.1.29,2457118,2340216,25605,7279
2021.1.30,2464030,2348309,25736,6912
2021.1.31,2470901,2355409,25865,6871
2021.2.1,2477463,2362415,25993,6562
2021.2.2,2485182,2370431,26117,7719
2021.2.3,2492977,2379070,26237,7795
2021.2.4,2501079,2387384,26354,8102
2021.2.5,2508988,2396199,26467,7909
2021.2.6,2524786,2412505,26685,15798
2021.2.7,2524786,2412505,26685,0
2021.2.8,2531456,2420706,26797,6670
2021.2.9,2539559,2449273,26900,8103
2021.2.10,2548195,2437382,26998,8636
2021.2.11,2556837,2445285,27093,8642
2021.2.12,2564427,2453096,27187,7590
2021.2.13,2572190,2461204,27284,7763
2021.2.14,2579896,2468419,27377,7706
2021.2.15,2586183,2475329,27471,6287
2021.2.16,2594128,2482435,27562,7945
2021.2.17,2602034,2489624,27652,7906
2021.2.18,2609359,2496833,27738,7325
2021.2.19,2616600,2504050,27821,7241
2021.2.20,2624019,2511548,27903,7419
2021.2.21,2631876,2518758,27983,7857
2021.2.22,2638422,2523760,28060,6546
2021.2.23,2646526,2529450,28138,8104
2021.2.24,2655633,2534996,28213,9107
2021.2.25,2665194,2540293,28285,9561
2021.2.26,2674766,2546503,28358,9572
2021.2.27,2683971,2556785,28432,9205
2021.2.28,2693164,2565723,28503,9193
2021.3.1,2701588,2572234,28569,8424
2021.3.2,2711479,2578181,28638,9891
2021.3.3,2723316,2586073,28706,11837
2021.3.4,2734836,2593264,28771,11520
2021.3.5,2746158,2601137,28839,11322
2021.3.6,2757460,2608848,28901,11302
2021.3.7,2769230,2616139,28965,11770
2021.3.8,2780417,2623924,29030,11187
2021.3.9,2793632,2632030,29094,13215
2021.3.10,2807387,2640669,29160,13755
2021.3.11,2821943,2649862,29227,14556
2021.3.12,2835989,2659093,29290,14046
2021.3.13,2850930,2670273,29356,14941
2021.3.14,2866012,2685560,29421,15082
2021.3.15,2879390,2701076,29489,13378
2021.3.16,2894893,2716969,29552,15503
2021.3.17,2911642,2734862,29623,16749
2021.3.18,2930554,2752023,29696,18912
2021.3.19,2950603,2770638,29777,20049
2021.3.20,2971633,2788757,29864,21030
2021.3.21,2992694,2807572,29959,21061
2021.3.22,3013122,2825187,30061,20428
2021.3.23,3035338,2844681,30178,22216
2021.3.24,3061520,2863882,30316,26182
2021.3.25,3091282,2881643,30462,29762
2021.3.26,3120013,2900829,30619,28731
2021.3.27,3179115,2939929,30923,59102
2021.3.28,3179115,2939929,30923,0
2021.3.29,3208173,2957093,31076,29058
2021.3.30,3240577,2975108,31230,32404
2021.3.31,3277880,2995033,31385,37303
2021.4.1,3317182,3014226,31537,39302
2021.4.2,3357988,3035043,31713,40806
2021.4.3,3445052,3082676,32078,87064
2021.4.4,3445052,3082676,32078,0
2021.4.5,3487050,3105350,32263,41998
2021.4.6,3529601,3130977,32456,42551
2021.4.7,3579185,3159475,32667,49584
2021.4.8,3633925,3194978,32943,54740
2021.4.9,3689866,3232892,33201,55941
2021.4.10,3745657,3268678,33454,55791
2021.4.11,3798333,3301217,33702,52676
2021.4.12,3849011,3331411,33939,50678
2021.4.13,3903573,3372629,34182,54562
2021.4.14,3962760,3424733,34455,59187
2021.4.15,4025557,3480146,34734,62797
2021.4.16,4086957,3535040,35031,61400
2021.4.17,4150039,3591550,35320,63082
2021.4.18,4212645,3643734,35608,62606
2021.4.19,4268447,3687590,35926,55802
2021.4.20,4323596,3736537,36267,55149
