date,累计确诊,治愈,死亡,新增确诊
2020.4.8,208,45,34,29
2020.4.9,333,49,34,25
2020.4.13,371,53,36,15
2020.4.14,372,53,36,1
2020.4.15,393,53,36,21
2020.4.18,455,60,39,20
2020.4.19,462,61,39,1
2020.4.20,476,62,40,14
2020.4.21,488,62,40,12
2020.4.22,501,63,40,13
2020.4.24,513,64,40,0
2020.4.25,538,64,41,25
2020.4.28,553,64,41,15
2020.4.29,569,78,41,6
2020.4.30,580,82,41,11
2020.5.2,582,86,41,2
2020.5.4,589,92,41,7
2020.5.5,608,97,41,19
2020.5.7,622,106,41,14
2020.5.8,637,126,41,14
2020.5.10,628,130,41,14
2020.5.11,638,161,41,10
2020.5.12,643,161,41,10
2020.5.13,648,172,41,5
2020.5.14,652,189,41,4
2020.5.15,653,198,41,1
2020.5.16,654,201,41,1
2020.5.18,654,201,41,0
2020.5.19,655,211,41,1
2020.5.20,656,220,41,1
2020.5.21,658,235,41,2
2020.5.22,661,254,41,3
2020.5.23,665,266,42,4
2020.5.24,665,266,42,0
2020.5.25,666,270,42,1
2020.5.26,666,275,42,0
2020.5.27,667,294,42,1
2020.5.28,670,322,42,3
2020.5.29,671,344,42,1
2020.5.30,671,357,42,0
2020.5.31,671,357,42,0
2020.6.1,671,359,42,0
2020.6.2,672,384,42,1
2020.6.3,674,391,42,2
2020.6.4,678,408,42,4
2020.6.5,678,408,42,0
2020.6.6,680,428,42,2
2020.6.7,680,428,42,0
2020.6.8,687,478,42,7
2020.6.9,688,483,42,1
2020.6.10,691,496,42,3
2020.6.11,691,496,42,0
2020.6.12,694,520,42,3
2020.6.13,694,520,42,0
2020.6.14,694,520,42,0
2020.6.15,694,575,42,0
2020.6.16,694,590,42,0
2020.6.17,696,591,42,2
2020.6.18,696,609,45,0
2020.6.19,696,610,42,0
2020.6.20,696,610,42,0
2020.6.21,696,610,42,0
2020.6.22,697,627,42,1
2020.6.23,698,632,42,1
2020.6.24,698,647,42,0
2020.6.25,698,653,42,0
2020.6.26,698,656,42,0
2020.6.27,698,656,42,0
2020.6.28,698,656,42,0
2020.6.29,698,656,42,0
2020.6.30,698,656,42,0
2020.7.1,698,656,42,0
2020.7.2,698,656,42,0
2020.7.3,698,656,42,0
2020.7.4,698,656,42,0
2020.7.5,698,656,42,0
2020.7.6,698,656,42,0
2020.7.7,698,656,42,0
2020.7.8,698,656,42,0
2020.7.9,698,656,42,0
2020.7.10,699,656,42,1
2020.7.11,699,656,42,0
2020.7.12,699,656,42,0
2020.7.13,699,656,42,0
2020.7.14,699,656,42,0
2020.7.15,699,656,42,0
2020.7.16,699,656,42,0
2020.7.17,699,656,42,0
2020.7.18,699,656,42,0
2020.7.19,699,656,42,0
2020.7.20,699,656,42,0
2020.7.21,699,656,42,0
2020.7.22,699,656,42,0
2020.7.23,699,656,42,0
2020.7.24,699,657,42,0
2020.7.25,699,657,42,0
2020.7.26,699,657,42,0
2020.7.27,699,657,42,0
2020.7.28,699,657,42,0
2020.7.29,699,657,42,0
2020.7.30,699,657,42,0
2020.7.31,699,657,42,0
2020.8.1,699,657,42,0
2020.8.2,699,657,42,0
2020.8.3,699,657,42,0
2020.8.4,699,657,42,0
2020.8.5,699,657,42,0
2020.8.6,699,657,42,0
2020.8.7,699,657,42,0
2020.8.8,699,657,42,0
2020.8.9,699,657,42,0
2020.8.10,699,657,42,0
2020.8.11,699,657,42,0
2020.8.12,699,657,42,0
2020.8.13,699,657,42,0
2020.8.14,699,657,42,0
2020.8.15,699,657,42,0
2020.8.16,699,657,42,0
2020.8.17,699,657,42,0
2020.8.18,702,657,42,3
2020.8.19,702,657,42,0
2020.8.20,704,657,42,2
2020.8.21,704,657,42,0
2020.8.22,704,657,42,0
2020.8.23,704,657,42,0
2020.8.24,704,657,42,0
2020.8.25,704,657,42,0
2020.8.26,710,658,42,6
2020.8.27,710,658,42,0
2020.8.28,710,658,42,0
2020.8.29,710,658,42,0
2020.8.30,710,658,42,0
2020.8.31,710,658,42,0
2020.9.1,715,660,42,5
2020.9.2,715,660,42,0
2020.9.3,735,660,42,20
2020.9.4,735,660,42,0
2020.9.5,735,660,42,0
2020.9.6,716,660,42,0
2020.9.7,716,660,42,0
2020.9.8,716,660,42,0
2020.9.9,716,660,42,0
2020.9.10,722,662,42,6
2020.9.11,722,662,42,0
2020.9.12,722,662,42,0
2020.9.13,722,662,42,0
2020.9.14,722,662,42,0
2020.9.15,722,662,42,0
2020.9.16,723,663,42,1
2020.9.17,723,663,42,0
2020.9.18,723,663,42,0
2020.9.19,723,669,42,0
2020.9.20,723,669,42,0
2020.9.21,723,669,42,0
2020.9.22,723,669,42,0
2020.9.23,723,669,42,0
2020.9.24,723,669,42,0
2020.9.25,727,676,42,4
2020.9.26,727,676,42,0
2020.9.27,727,676,42,0
2020.9.28,727,676,42,0
2020.9.29,727,676,42,0
2020.9.30,732,680,42,5
2020.10.1,732,680,42,0
2020.10.2,732,680,42,0
2020.10.3,732,680,42,0
2020.10.4,732,680,42,0
2020.10.5,732,680,42,0
2020.10.6,732,680,42,0
2020.10.7,732,680,42,0
2020.10.8,741,682,42,9
2020.10.9,741,682,42,0
2020.10.10,741,682,42,0
2020.10.11,741,682,42,0
2020.10.12,741,682,42,0
2020.10.13,741,682,42,0
2020.10.14,741,682,42,0
2020.10.15,759,685,42,18
2020.10.16,759,685,42,0
2020.10.17,759,685,42,0
2020.10.18,759,685,42,0
2020.10.19,766,688,42,7
2020.10.20,766,688,42,0
2020.10.21,774,690,42,8
2020.10.22,774,690,42,0
2020.10.23,819,716,42,45
2020.10.24,819,716,42,0
2020.10.25,819,716,42,0
2020.10.26,819,716,42,0
2020.10.27,852,716,42,33
2020.10.28,852,716,42,0
2020.10.29,872,716,42,20
2020.10.30,928,721,42,56
2020.10.31,928,721,42,0
2020.11.1,928,721,42,0
2020.11.2,928,721,42,0
2020.11.3,994,730,42,66
2020.11.4,994,730,42,0
2020.11.5,994,730,42,0
2020.11.6,1043,754,42,49
2020.11.7,1043,754,42,0
2020.11.8,1043,754,42,0
2020.11.9,1043,754,42,0
2020.11.10,1114,789,42,71
2020.11.11,1190,857,42,76
2020.11.12,1190,857,42,0
2020.11.13,1253,888,42,63
2020.11.14,1253,888,42,0
2020.11.15,1253,888,42,0
2020.11.16,1290,920,42,37
2020.11.17,1290,920,42,0
2020.11.18,1358,1019,43,68
2020.11.19,1358,1019,43,0
2020.11.20,1395,1082,43,37
2020.11.21,1395,1082,43,0
2020.11.22,1395,1082,43,0
2020.11.23,1428,1149,44,33
2020.11.24,1428,1149,44,0
2020.11.25,1492,1221,44,64
2020.11.26,1514,1231,44,22
2020.11.27,1514,1231,44,0
2020.11.28,1586,1285,45,72
2020.11.29,1586,1285,45,0
2020.11.30,1612,1299,46,26
2020.12.1,1650,1334,46,38
2020.12.2,1687,1340,46,37
2020.12.3,1714,1356,46,27
2020.12.4,1714,1356,46,0
2020.12.5,1789,1412,48,75
2020.12.6,1789,1412,48,0
2020.12.7,1800,1438,48,11
2020.12.8,1800,1438,48,0
2020.12.9,1834,1492,49,34
2020.12.10,1868,1524,49,34
2020.12.11,1908,1555,50,40
2020.12.12,1932,1575,51,24
2020.12.13,1932,1575,51,0
2020.12.14,1932,1575,51,0
2020.12.15,1982,1685,52,50
2020.12.16,2025,1694,54,43
2020.12.17,2049,1703,54,24
2020.12.18,2049,1703,54,0
2020.12.19,2107,1736,55,58
2020.12.20,2107,1736,55,0
2020.12.21,2135,1767,55,28
2020.12.22,2176,1825,56,41
2020.12.23,2205,1846,56,29
2020.12.24,2231,1863,56,26
2020.12.25,2231,1863,56,0
2020.12.26,2231,1863,56,0
2020.12.27,2231,1863,56,0
2020.12.28,2275,1955,57,44
2020.12.29,2275,1955,57,0
2020.12.30,2333,2010,59,58
2020.12.31,2428,2042,59,95
2021.1.1,2428,2042,59,0
2021.1.2,2428,2042,59,0
2021.1.3,2428,2042,59,0
2021.1.4,2493,2127,62,65
2021.1.5,2549,2158,62,56
2021.1.6,2549,2158,62,0
2021.1.7,2583,2179,64,34
2021.1.8,2628,2220,64,45
2021.1.9,2628,2220,64,0
2021.1.10,2628,2220,64,0
2021.1.11,2628,2220,64,0
2021.1.12,2706,2333,65,78
2021.1.13,2723,2373,65,17
2021.1.14,2723,2373,65,0
2021.1.15,2767,2430,65,44
2021.1.16,2767,2430,65,0
2021.1.17,2778,2455,65,11
2021.1.18,2787,2464,65,9
2021.1.19,2803,2530,65,16
2021.1.20,2815,2548,65,12
2021.1.21,2833,2556,65,18
2021.1.22,2861,2597,65,28
2021.1.23,2874,2615,65,13
2021.1.24,2874,2615,65,0
2021.1.25,2889,2628,65,15
2021.1.26,2889,2628,65,0
2021.1.27,2915,2660,65,26
2021.1.28,2969,2684,65,54
2021.1.29,2969,2684,65,0
2021.1.30,2996,2695,65,27
2021.1.31,3025,2723,67,29
2021.2.1,3025,2723,67,0
2021.2.2,3066,2752,67,41
2021.2.3,3094,2773,68,28
2021.2.4,3094,2773,68,0
2021.2.5,3111,2774,68,17
2021.2.6,3127,2795,69,16
2021.2.7,3127,2795,69,0
2021.2.8,3137,2835,69,10
2021.2.9,3187,2886,71,50
2021.2.10,3213,2897,71,26
2021.2.11,3247,2918,72,34
2021.2.12,3278,2956,72,31
2021.2.13,3278,2956,72,0
2021.2.14,3278,2956,72,0
2021.2.15,3317,2993,72,39
2021.2.16,3352,3009,72,35
2021.2.17,3352,3009,72,0
2021.2.18,3394,3028,72,42
2021.2.19,3420,3035,72,26
2021.2.20,3440,3070,72,20
2021.2.21,3472,3092,72,32
2021.2.22,3494,3115,72,22
2021.2.23,3538,3167,73,44
2021.2.24,3538,3167,73,0
2021.2.25,3621,3201,73,83
2021.2.26,3671,3224,73,50
2021.2.27,3716,3257,74,45
2021.2.28,3716,3257,74,0
2021.3.1,3746,3276,74,30
2021.3.2,3791,3325,74,45
2021.3.3,3829,3345,75,38
2021.3.4,3867,3361,75,38
2021.3.5,3896,3386,76,29
2021.3.6,3922,3426,76,26
2021.3.7,3922,3426,76,0
2021.3.8,3922,3426,76,0
2021.3.9,3984,3457,77,62
2021.3.10,3984,3457,77,0
2021.3.11,4062,3511,77,78
2021.3.12,4096,3550,77,34
2021.3.13,4126,3594,77,30
2021.3.14,4126,3594,77,0
2021.3.15,4151,3624,77,25
2021.3.16,4204,3691,77,53
2021.3.17,4204,3691,77,0
2021.3.18,4292,3758,78,88
2021.3.19,4328,3786,79,36
2021.3.20,4356,3805,79,28
2021.3.21,4356,3805,79,0
2021.3.22,4388,3819,79,32
2021.3.23,4432,3874,80,44
2021.3.24,4484,3914,82,52
2021.3.25,4484,3914,82,0
2021.3.26,4484,3914,82,0
2021.3.27,4603,4000,84,119
2021.3.28,4603,4000,84,0
2021.3.29,4631,4029,84,28
2021.3.30,4678,4089,84,47
2021.3.31,4730,4128,84,52
2021.4.1,4730,4128,84,0
2021.4.2,4775,4170,84,45
2021.4.3,4775,4170,84,0
2021.4.4,4775,4170,84,0
2021.4.5,4775,4170,84,0
2021.4.6,4864,4268,85,89
2021.4.7,4904,4347,85,40
2021.4.8,4932,4411,85,28
2021.4.9,4944,4419,85,12
2021.4.10,4944,4419,85,0
2021.4.11,4956,4477,85,12
2021.4.12,4962,4510,86,6
2021.4.13,4985,4568,86,23
2021.4.14,5004,4625,86,19
2021.4.15,5010,4671,86,6
2021.4.16,5016,4682,87,6
2021.4.17,5026,4724,87,10
2021.4.18,5026,4724,87,0
2021.4.19,5030,4746,88,4
2021.4.20,5040,4755,88,10
2021.4.21,5044,4794,88,4
