date,累计确诊,治愈,死亡,新增确诊
2020.4.7,2666,118,65,247
2020.4.8,2867,118,66,201
2020.4.9,3105,118,71,238
2020.4.12,4054,400,85,424
2020.4.13,4465,400,94,411
2020.4.14,4873,400,99,411
2020.4.16,5690,534,110,372
2020.4.17,5994,637,117,304
2020.4.18,6318,753,122,324
2020.4.19,6630,870,125,312
2020.4.20,6890,977,130,260
2020.4.21,7114,1025,134,224
2020.4.22,7276,1063,139,162
2020.4.23,7483,1094,144,207
2020.4.24,7779,1152,151,296
2020.4.25,8042,1182,156,263
2020.4.26,8275,1209,162,233
2020.4.27,8497,1260,168,222
2020.4.28,8724,1292,173,227
2020.4.29,9009,1343,179,285
2020.4.30,9205,1379,185,196
2020.5.1,9362,1426,189,157
2020.5.2,9464,1551,193,102
2020.5.3,9557,1574,197,93
2020.5.4,9677,1723,200,120
2020.5.5,9791,1971,203,114
2020.5.6,9848,2160,206,57
2020.5.7,9943,2453,209,95
2020.5.8,10032,2732,213,89
2020.5.9,10114,2732,215,82
2020.5.10,10176,3290,218,62
2020.5.12,10243,3600,220,67
2020.5.13,10374,4084,224,79
2020.5.14,10438,4301,225,64
2020.5.15,10496,4479,228,58
2020.5.16,10610,4713,230,114
2020.5.17,10699,4799,231,89
2020.5.18,10699,4799,231,0
2020.5.19,10733,4904,234,34
2020.5.20,10833,5067,235,100
2020.5.21,10919,5370,237,86
2020.5.22,11024,5541,237,105
2020.5.23,11092,5699,238,68
2020.5.24,11159,5857,238,67
2020.5.25,11193,5920,239,34
2020.5.26,11227,6067,239,34
2020.5.27,11275,6277,240,48
2020.5.28,11300,6438,241,25
2020.5.29,11354,6524,242,54
2020.5.30,11381,6606,242,27
2020.5.31,11412,6698,243,31
2020.6.1,11430,6726,244,18
2020.6.2,11454,6766,245,24
2020.6.3,11523,6852,245,69
2020.6.4,11571,6910,246,48
2020.6.5,11667,6931,247,96
2020.6.6,11741,11056,248,74
2020.6.7,11823,11348,249,82
2020.6.8,11896,11348,250,73
2020.6.9,11965,11348,250,69
2020.6.10,12031,11348,251,66
2020.6.11,12102,11348,252,71
2020.6.12,12175,11348,252,73
2020.6.13,12251,11348,253,76
2020.6.14,12310,11511,254,59
2020.6.15,12367,11511,255,57
2020.6.16,12426,11511,256,59
2020.6.17,12522,11511,257,96
2020.6.18,12616,11511,258,94
2020.6.19,12709,11511,259,93
2020.6.20,12803,11511,260,94
2020.6.21,12894,11947,261,91
2020.6.22,12990,11997,262,96
2020.6.23,13092,12054,263,102
2020.6.24,13235,12111,263,143
2020.6.25,13372,12154,264,137
2020.6.26,13565,12232,265,193
2020.6.27,13792,12338,267,227
2020.6.28,14046,12464,270,254
2020.6.29,14288,12581,274,242
2020.6.30,14564,12662,277,276
2020.7.1,14836,12772,281,272
2020.7.2,15195,12912,287,359
2020.7.3,15504,13064,298,309
2020.7.4,15829,13064,306,325
2020.7.5,16131,13064,311,302
2020.7.6,16420,13366,317,289
2020.7.7,16719,13366,330,299
2020.7.8,17076,13366,341,357
2020.7.9,17342,13651,352,266
2020.7.10,17728,13651,370,386
2020.7.11,18073,13780,382,345
2020.7.12,18360,13876,393,287
2020.7.13,18639,13940,405,279
2020.7.14,18983,13991,418,344
2020.7.15,19334,14047,429,351
2020.7.16,19717,14047,442,383
2020.7.17,20109,14047,452,392
2020.7.18,20498,14047,461,389
2020.7.19,20894,14047,472,396
2020.7.20,21253,14047,482,359
2020.7.21,21605,14047,491,352
2020.7.22,22031,14047,499,426
2020.7.23,22443,14047,508,412
2020.7.24,22852,14047,518,409
2020.7.25,23263,14047,526,411
2020.7.26,23730,14047,534,467
2020.7.27,24141,14047,543,411
2020.7.28,24520,14047,551,379
2020.7.29,24892,14047,558,372
2020.7.30,25213,14047,565,321
2020.7.31,25552,14047,573,339
2020.8.1,25882,14047,582,330
2020.8.2,26193,14047,590,311
2020.8.3,26451,14047,598,258
2020.8.4,26738,14047,605,287
2020.8.5,27033,14047,614,295
2020.8.6,27332,14047,621,299
2020.8.7,27608,14047,626,276
2020.8.8,27863,14047,632,255
2020.8.9,28099,14047,641,236
2020.8.10,28262,14047,646,163
2020.8.11,28497,18965,652,235
2020.8.12,28751,18965,658,254
2020.8.13,28998,18965,661,247
2020.8.14,29233,26117,665,235
2020.8.15,29233,26440,665,0
2020.8.16,29682,27061,674,449
2020.8.17,29782,27208,677,100
2020.8.18,29890,27597,681,108
2020.8.19,30048,27702,684,158
2020.8.20,30209,27908,689,161
2020.8.21,30378,28275,692,169
2020.8.22,30548,28275,695,170
2020.8.23,30657,28275,698,109
2020.8.24,30714,29028,701,57
2020.8.25,30820,29132,705,106
2020.8.26,30974,29343,707,154
2020.8.27,31099,29533,707,125
2020.8.28,31207,29802,709,108
2020.8.29,31282,29825,710,75
2020.8.30,31365,29931,711,83
2020.8.31,31406,30028,713,41
2020.9.1,31482,30053,715,76
2020.9.2,31581,30188,716,99
2020.9.3,31676,30188,718,95
2020.9.4,31772,30387,721,96
2020.9.5,31849,30529,723,77
2020.9.6,31905,30637,724,56
2020.9.7,31941,30637,725,36
2020.9.8,31994,30637,727,53
2020.9.9,32078,30780,728,84
2020.9.10,32136,30943,729,58
2020.9.11,32228,31100,730,92
2020.9.12,32300,31100,731,72
2020.9.13,32408,31100,733,108
2020.9.14,32437,31285,733,29
2020.9.15,32511,31313,735,74
2020.9.16,32613,31411,736,102
2020.9.17,32695,31512,738,82
2020.9.18,32757,31411,739,62
2020.9.19,32840,31411,740,83
2020.9.20,32908,31411,741,68
2020.9.21,32938,31536,743,30
2020.9.22,32999,31536,743,61
2020.9.23,33080,31536,744,81
2020.9.24,33163,31536,745,83
2020.9.25,33238,31536,746,75
2020.9.26,33312,31536,746,74
2020.9.27,33384,31536,747,72
2020.9.28,33414,31536,748,30
2020.9.29,33479,31536,749,65
2020.9.30,33551,31536,749,72
2020.10.1,33662,31536,750,111
2020.10.2,33735,31536,751,73
2020.10.3,33842,31536,753,107
2020.10.4,33901,31536,754,59
2020.10.5,33952,31536,756,51
2020.10.6,34072,31536,757,120
2020.10.7,34193,31536,758,121
2020.10.8,34344,31536,760,151
2020.10.9,34517,31536,761,173
2020.10.10,34685,31536,762,168
2020.10.11,34787,31536,763,102
2020.10.12,34854,31536,765,67
2020.10.13,35006,31536,767,152
2020.10.14,35251,31536,768,245
2020.10.15,35454,31536,770,203
2020.10.16,35719,31536,772,265
2020.10.17,35946,31536,774,227
2020.10.18,36160,31536,776,214
2020.10.19,36282,31536,778,122
2020.10.20,36608,31536,780,326
2020.10.21,37120,31536,781,512
2020.10.22,37536,31536,783,416
2020.10.23,38115,31536,786,579
2020.10.24,38872,31536,789,757
2020.10.25,39486,31536,792,614
2020.10.26,39827,31536,793,341
2020.10.27,40880,31536,798,1053
2020.10.28,42208,31536,803,1328
2020.10.29,43592,31536,809,1384
2020.10.30,45137,31536,814,1545
2020.10.31,46954,31536,820,1817
2020.11.1,48403,31536,826,1449
2020.11.2,49205,31536,833,802
2020.11.3,51083,31536,844,1878
2020.11.4,53495,31536,850,2412
2020.11.5,55676,31536,861,2181
2020.11.6,57958,31536,871,2282
2020.11.7,60635,31536,880,2677
2020.11.8,62747,31536,890,2112
2020.11.9,64065,31536,901,1318
2020.11.10,66888,31536,915,2823
2020.11.11,70424,31536,936,3536
2020.11.12,73765,31536,955,3341
2020.11.13,77264,31536,972,3499
2020.11.14,81086,31536,989,3822
2020.11.15,84568,31536,1009,3482
2020.11.16,87381,31536,1030,2813
2020.11.17,92375,31536,1054,4994
2020.11.18,97988,31536,1081,5613
2020.11.19,104097,31536,1110,6109
2020.11.20,110351,31536,1140,6254
2020.11.21,116125,31536,1168,5774
2020.11.22,121120,31536,1199,4995
2020.11.23,126187,31536,1237,5067
2020.11.24,133029,31536,1274,6842
2020.11.25,140608,31536,1315,7579
2020.11.26,148214,31536,1366,7606
2020.11.27,155994,31536,1423,7780
2020.11.28,163035,31536,1484,7041
2020.11.29,169214,31536,1549,6179
2020.11.30,175438,31536,1604,6224
2020.12.1,183437,31536,1652,7999
2020.12.2,191356,31536,1704,7919
2020.12.3,199158,31536,1765,7802
2020.12.4,206940,31536,1834,7782
2020.12.5,213843,31536,1891,6903
2020.12.6,219652,31536,1949,5809
2020.12.7,226209,31536,2005,6557
2020.12.8,234027,31536,2062,7818
2020.12.9,241831,31536,2116,7804
2020.12.10,249224,31536,2172,7393
2020.12.11,255758,31536,2227,6534
2020.12.12,261437,31536,2275,5679
2020.12.13,266432,31536,2331,4995
2020.12.14,271364,31536,2380,4932
2020.12.15,277248,31536,2433,5884
2020.12.16,282601,31536,2482,5353
2020.12.17,287730,31536,2529,5129
2020.12.18,292640,31536,2580,4910
2020.12.19,296528,31536,2632,3888
2020.12.20,300062,31536,2686,3534
2020.12.21,303747,31536,2733,3685
2020.12.22,307827,31536,2782,4080
2020.12.23,312253,31536,2833,4426
2020.12.24,316344,31536,2882,4091
2020.12.25,316344,31536,2882,0
2020.12.26,323367,31536,2983,7023
2020.12.27,326060,31536,3030,2693
2020.12.28,328619,31536,3073,2559
2020.12.29,331755,31536,3119,3136
2020.12.30,334991,31536,3163,3236
2020.12.31,337923,31536,3211,2932
2021.1.1,339997,31536,3250,2074
2021.1.2,341904,31536,3288,1907
2021.1.3,343870,31536,3325,1966
2021.1.4,346585,31536,3364,2715
2021.1.5,349238,31536,3405,2653
2021.1.6,352120,31536,3444,2882
2021.1.7,353907,31536,3479,1787
2021.1.8,356125,31536,3513,2218
2021.1.9,356125,31536,3513,0
2021.1.10,359689,31536,3582,3564
2021.1.11,361782,31536,3610,2093
2021.1.12,363924,31536,3639,2142
2021.1.13,366191,31536,3664,2267
2021.1.14,368072,31536,3687,1881
2021.1.15,369823,31536,3708,1751
2021.1.16,371216,31536,3730,1393
2021.1.17,372533,31536,3750,1317
2021.1.18,374111,31536,3771,1578
2021.1.19,375799,31536,3791,1688
2021.1.20,377445,31536,3810,1646
2021.1.21,379093,31536,3830,1648
2021.1.22,380802,31536,3849,1709
2021.1.23,382285,31536,3868,1483
2021.1.24,383603,31536,3886,1318
2021.1.25,385126,31536,3905,1523
2021.1.26,387206,31536,3924,2080
2021.1.27,389045,31536,3944,1839
2021.1.28,390637,31536,3965,1592
2021.1.29,392354,31536,3983,1717
2021.1.30,393897,31536,4000,1543
2021.1.31,395263,31536,4020,1366
2021.2.1,397002,31536,4038,1739
2021.2.2,398905,31536,4056,1903
2021.2.3,400837,31536,4071,1932
2021.2.4,402700,31536,4085,1863
2021.2.5,402700,31536,4085,0
2021.2.6,406352,31536,4112,3652
2021.2.7,407881,31536,4126,1529
2021.2.8,409841,31536,4139,1960
2021.2.9,411855,31536,4154,2014
2021.2.10,413943,31536,4168,2088
2021.2.11,415943,31536,4183,2000
2021.2.12,417871,31536,4199,1928
2021.2.13,419493,31536,4214,1622
2021.2.14,420879,31536,4230,1386
2021.2.15,422210,31536,4245,1331
2021.2.16,424020,31536,4261,1810
2021.2.17,424020,31536,4261,0
2021.2.18,429048,31536,4292,5028
2021.2.19,431680,31536,4306,2632
2021.2.20,431680,31536,4306,0
2021.2.21,436640,400347,4337,4960
2021.2.22,439596,400347,4351,2956
2021.2.23,442853,400347,4366,3257
2021.2.24,446313,400347,4383,3460
2021.2.25,449901,400347,4398,3588
2021.2.26,453240,400347,4414,3339
2021.2.27,456450,400347,4429,3210
2021.2.28,459259,400347,4443,2809
2021.3.1,462728,400347,4459,3469
2021.3.2,466885,400347,4475,4157
2021.3.3,470941,400347,4491,4056
2021.3.4,474807,400347,4508,3866
2021.3.5,478878,400347,4525,4071
2021.3.6,482397,400347,4542,3519
2021.3.7,485439,400347,4562,3042
2021.3.8,489530,400347,4579,4091
2021.3.9,494106,400347,4599,4576
2021.3.10,498696,400347,4620,4590
2021.3.11,503291,400347,4644,4595
2021.3.12,507959,400347,4670,4668
2021.3.13,512051,400347,4694,4092
2021.3.14,516277,400347,4719,4226
2021.3.15,520911,400347,4747,4634
2021.3.16,526112,448493,4778,5201
2021.3.17,531558,451672,4810,5446
2021.3.18,536904,454449,4840,5346
2021.3.19,542209,457888,4869,5305
2021.3.20,546896,462016,4900,4687
2021.3.21,551128,466041,4934,4232
2021.3.22,555897,469873,4966,4769
2021.3.23,561372,473912,5002,5475
2021.3.24,566669,477395,5039,5297
2021.3.25,571895,480400,5075,5226
2021.3.26,577120,484455,5114,5225
2021.3.27,581617,488992,5151,4497
2021.3.28,585506,488992,5190,3889
2021.3.29,585506,488992,5190,0
2021.3.30,595489,498101,5270,9983
2021.3.31,600596,502689,5308,5107
2021.4.1,605406,506743,5345,4810
2021.4.2,610232,510932,5384,4826
2021.4.3,614365,510932,5422,4133
2021.4.4,617669,520690,5458,3304
2021.4.5,621375,526100,5497,3706
2021.4.6,625773,531407,5537,4398
2021.4.7,629388,536672,5579,3615
2021.4.8,633013,541317,5620,3625
2021.4.9,636418,545508,5659,3405
2021.4.10,639476,550238,5700,3058
2021.4.11,642208,555672,5735,2732
2021.4.12,645173,560934,5773,2965
2021.4.13,648745,566122,5808,3572
2021.4.14,651899,571312,5846,3154
2021.4.15,654870,575771,5881,2971
2021.4.16,657716,579625,5920,2846
2021.4.17,660299,584098,5954,2583
2021.4.18,662368,589535,5991,2069
2021.4.19,664972,594605,6026,2604
2021.4.20,667937,599380,6058,2965
2021.4.21,670801,604174,6095,2864
