date,累计确诊,治愈,死亡,新增确诊
2020.4.7,244,113,2,7
2020.4.8,250,123,2,6
2020.4.9,265,137,2,15
2020.4.11,278,152,2,13
2020.4.12,291,178,2,11
2020.4.13,299,183,2,11
2020.4.14,314,190,2,15
2020.4.15,335,194,2,21
2020.4.16,342,198,2,7
2020.4.17,350,211,3,8
2020.4.19,367,220,3,17
2020.4.20,412,242,5,35
2020.4.21,442,253,6,30
2020.4.22,479,257,6,37
2020.4.23,545,262,6,66
2020.4.24,614,276,7,69
2020.4.25,671,283,8,57
2020.4.26,736,284,9,65
2020.4.27,823,296,9,87
2020.4.28,882,315,9,59
2020.4.29,933,334,9,51
2020.4.30,1024,356,9,91
2020.5.2,1115,368,9,91
2020.5.3,1271,415,10,89
2020.5.4,1329,470,11,58
2020.5.5,1433,493,12,104
2020.5.6,1492,562,13,59
2020.5.7,1551,611,13,59
2020.5.8,1634,643,15,83
2020.5.9,1709,650,18,75
2020.5.10,1886,715,19,177
2020.5.11,1995,742,19,109
2020.5.12,2105,782,21,110
2020.5.13,2189,842,23,84
2020.5.14,2310,890,25,121
2020.5.15,2429,949,25,119
2020.5.16,2480,973,25,51
2020.5.17,2544,1076,26,64
2020.5.18,2544,1076,26,64
2020.5.19,2617,1133,30,73
2020.5.20,2714,1186,30,97
2020.5.21,2812,1251,30,98
2020.5.22,2909,1311,33,97
2020.5.23,2976,1416,34,67
2020.5.24,3047,1456,35,71
2020.5.25,3130,1515,35,83
2020.5.26,3161,1565,36,31
2020.5.27,3253,1586,38,92
2020.5.28,3348,1686,39,95
2020.5.29,3429,1738,41,81
2020.5.30,3535,1761,42,106
2020.5.31,3645,1801,42,110
2020.6.1,3739,1858,42,94
2020.6.2,3836,1954,43,97
2020.6.3,3932,2063,45,96
2020.6.4,4021,2162,45,89
2020.6.5,4155,2276,45,134
2020.6.6,4249,2512,47,94
2020.6.7,4328,2588,49,79
2020.6.8,4427,2699,49,99
2020.6.9,4516,2809,52,89
2020.6.10,4640,2885,52,124
2020.6.11,4759,2994,55,119
2020.6.12,4851,3100,56,92
2020.6.13,4996,3228,60,145
2020.6.14,5090,3344,60,94
2020.6.15,5173,3424,64,83
2020.6.16,5247,3525,70,74
2020.6.17,5369,3606,73,122
2020.6.18,5475,3716,76,106
2020.6.19,5639,3788,79,164
2020.6.20,5783,3859,82,144
2020.6.21,5888,3919,84,105
2020.6.22,5970,3953,86,82
2020.6.23,6034,4046,89,64
2020.6.24,6129,4072,93,95
2020.6.25,6233,4162,94,104
2020.6.26,6354,4193,98,121
2020.6.27,6459,4255,102,105
2020.6.28,6586,4291,105,127
2020.6.29,6698,4341,108,112
2020.6.30,6793,4431,112,95
2020.7.1,6925,4545,116,132
2020.7.2,7054,4599,121,129
2020.7.3,7164,4666,125,110
2020.7.4,7272,4713,129,108
2020.7.5,7400,4870,133,128
2020.7.6,7400,4870,133,0
2020.7.7,7547,5023,137,147
2020.7.8,7657,5097,141,110
2020.7.9,7784,5169,143,127
2020.7.10,7882,5311,145,98
2020.7.11,8014,5381,145,132
2020.7.12,8135,5446,148,121
2020.7.13,8198,5514,150,63
2020.7.14,8243,5580,150,45
2020.7.15,8369,5605,153,126
2020.7.16,8481,5735,156,112
2020.7.17,8544,5809,160,63
2020.7.18,8669,5859,163,125
2020.7.19,8810,5948,167,141
2020.7.20,8948,6002,170,138
2020.7.21,8985,6044,174,37
2020.7.22,9121,6108,177,136
2020.7.23,9266,6170,178,145
2020.7.24,9422,6291,182,156
2020.7.25,9552,6364,187,130
2020.7.26,9681,6409,191,129
2020.7.27,9764,6477,194,83
2020.7.28,9805,6591,198,41
2020.7.29,9805,6591,198,0
2020.7.30,10106,6725,204,301
2020.7.31,10232,6776,205,126
2020.8.1,10284,6822,209,52
2020.8.2,10344,6838,209,60
2020.8.3,10386,6901,211,42
2020.8.4,10432,6920,214,46
2020.8.5,10538,6988,218,106
2020.8.6,10715,7101,223,177
2020.8.7,10887,7186,225,172
2020.8.8,11003,7329,229,116
2020.8.9,11175,7352,232,172
2020.8.10,11312,7390,236,137
2020.8.11,11380,7449,238,68
2020.8.12,11587,7523,242,207
2020.8.13,11740,7572,244,153
2020.8.14,11872,7615,249,132
2020.8.15,12032,7637,251,160
2020.8.16,12162,7677,253,130
2020.8.17,12237,7728,256,75
2020.8.18,12305,7767,256,68
2020.8.19,12446,7877,258,141
2020.8.20,12559,8050,261,113
2020.8.21,12689,8165,262,130
2020.8.22,12850,8165,266,161
2020.8.23,12949,8455,269,99
2020.8.24,13013,8595,272,64
2020.8.25,13056,8715,274,43
2020.8.26,13186,8852,275,130
2020.8.27,13186,8852,275,0
2020.8.28,13384,9091,279,198
2020.8.29,13456,9233,282,72
2020.8.30,13556,9388,284,100
2020.8.31,13611,9439,284,55
2020.9.1,13655,9484,284,44
2020.9.2,13743,9506,287,88
2020.9.3,13826,9553,287,83
2020.9.4,13881,9723,289,55
2020.9.5,13948,9851,290,67
2020.9.6,13987,9922,290,39
2020.9.7,14014,10037,291,27
2020.9.8,14014,10037,291,0
2020.9.9,14102,10176,293,88
2020.9.10,14150,10207,293,48
2020.9.11,14193,10350,293,43
2020.9.12,14237,10373,295,44
2020.9.13,14280,10520,297,43
2020.9.14,14306,10563,297,26
2020.9.15,14529,10692,298,223
2020.9.16,14568,10756,299,39
2020.9.17,14618,10923,300,50
2020.9.18,14645,11051,301,27
2020.9.19,14688,11153,302,43
2020.9.20,14714,11260,302,26
2020.9.21,14738,11458,302,24
2020.9.22,14759,11621,302,21
2020.9.23,14795,11718,303,36
2020.9.24,14816,11818,304,21
2020.9.25,14839,11910,304,23
2020.9.26,14869,12028,306,30
2020.9.27,14909,12113,308,40
2020.9.28,14919,12231,309,10
2020.9.29,14945,12335,310,26
2020.9.30,14982,12437,311,37
2020.10.1,15019,12538,311,37
2020.10.2,15051,12694,312,32
2020.10.3,15068,12751,312,17
2020.10.4,15094,12805,312,26
2020.10.5,15122,12870,312,28
2020.10.6,15141,12936,312,19
2020.10.7,15174,12998,313,33
2020.10.8,15190,13068,313,16
2020.10.9,15213,13136,313,23
2020.10.10,15244,13198,314,31
2020.10.11,15268,13297,314,24
2020.10.12,15292,13390,315,24
2020.10.13,15307,13508,315,15
2020.10.14,15331,13571,316,24
2020.10.15,15348,13637,316,17
2020.10.16,15368,13704,317,20
2020.10.17,15392,13756,317,24
2020.10.18,15418,13814,317,26
2020.10.19,15432,13865,319,14
2020.10.20,15459,13922,320,27
2020.10.21,15484,13975,321,25
2020.10.22,15508,14026,321,24
2020.10.23,15525,14082,321,17
2020.10.24,15543,14161,321,18
2020.10.25,15551,14254,321,8
2020.10.26,15565,14316,322,14
2020.10.27,15571,14437,322,6
2020.10.28,15582,14565,322,11
2020.10.29,15593,14660,323,11
2020.10.30,15605,14732,323,12
2020.10.31,15616,14853,324,11
2020.11.1,15630,14958,325,14
2020.11.2,15637,15059,325,7
2020.11.3,15640,15149,326,3
2020.11.4,15650,15245,326,10
2020.11.5,15668,15273,326,18
2020.11.6,15676,15294,326,8
2020.11.7,15693,15317,326,17
2020.11.8,15708,15336,326,15
2020.11.9,15711,15349,326,3
2020.11.10,15720,15366,326,9
2020.11.11,15735,15386,326,15
2020.11.12,15744,15386,326,9
2020.11.13,15755,15400,326,11
2020.11.14,15779,15407,327,24
2020.11.15,15793,15416,328,14
2020.11.16,15801,15421,329,8
2020.11.17,15806,15425,329,5
2020.11.18,15823,15433,329,17
2020.11.19,15835,15440,329,12
2020.11.20,15848,15452,330,13
2020.11.21,15865,15465,330,17
2020.11.22,15882,15488,330,17
2020.11.23,15897,15516,330,15
2020.11.24,15908,15527,331,11
2020.11.25,15927,15540,331,19
2020.11.26,15960,15558,331,33
2020.11.27,15981,15569,332,21
2020.11.28,16027,15582,332,46
2020.11.29,16075,15597,333,48
2020.11.30,16089,15607,333,1
2020.12.1,16107,15627,333,18
2020.12.2,16173,15657,334,66
2020.12.3,16217,15697,335,44
2020.12.4,16297,15707,336,80
2020.12.5,16397,15731,337,100
2020.12.6,16477,15776,338,80
2020.12.7,16553,15806,340,76
2020.12.8,16596,15864,340,43
2020.12.9,16665,15904,341,69
2020.12.10,16766,15950,343,101
2020.12.11,16893,16015,345,127
2020.12.12,17061,16059,349,168
2020.12.13,17075,16094,349,14
2020.12.14,17146,16159,350,71
2020.12.15,17216,16243,350,70
2020.12.16,17336,16349,352,120
2020.12.17,17451,16384,355,115
2020.12.18,17559,16449,357,108
2020.12.19,17670,16493,361,111
2020.12.20,17758,16522,365,88
2020.12.21,17879,16562,371,121
2020.12.22,17945,16592,372,66
2020.12.23,18043,16657,378,98
2020.12.24,18200,16742,381,157
2020.12.25,18369,16785,386,169
2020.12.26,18523,16881,387,154
2020.12.27,18728,17031,390,205
2020.12.28,18728,17031,390,0
2020.12.29,18806,17096,395,78
2020.12.30,18945,17201,402,139
2020.12.31,19140,17254,410,195
2021.1.1,19364,17375,410,224
2021.1.2,19511,17433,416,147
2021.1.3,19697,17515,421,186
2021.1.4,19803,17615,424,106
2021.1.5,19964,17690,428,161
2021.1.6,20156,17782,433,192
2021.1.7,20376,17885,438,220
2021.1.8,20672,18016,446,296
2021.1.9,21000,18128,459,328
2021.1.10,21245,18218,465,245
2021.1.11,21533,18357,469,288
2021.1.12,21685,18502,480,152
2021.1.13,21883,18621,489,198
2021.1.14,22178,18756,496,295
2021.1.15,22396,18908,506,218
2021.1.16,22738,19052,509,342
2021.1.17,23028,19224,515,290
2021.1.18,23224,19414,526,196
2021.1.19,23392,19531,536,168
2021.1.20,23642,19730,546,250
2021.1.21,23909,19916,552,267
2021.1.22,24209,20089,561,300
2021.1.23,24459,20284,569,250
2021.1.24,24727,20476,575,268
2021.1.25,24993,20681,582,266
2021.1.26,25127,20870,592,134
2021.1.27,25407,21125,601,280
2021.1.28,25711,21395,614,304
2021.1.29,25895,21561,617,184
2021.1.30,26213,21758,621,318
2021.1.31,26523,21970,628,310
2021.2.1,26927,22145,638,404
2021.2.2,27080,22363,641,153
2021.2.3,27365,22599,648,285
2021.2.4,27733,22808,659,368
2021.2.5,28106,23073,666,373
2021.2.6,28489,23292,675,383
2021.2.7,28760,23559,682,271
2021.2.8,29057,23854,689,297
2021.2.9,29245,24066,700,188
2021.2.10,29521,24351,712,276
2021.2.11,29914,24597,724,393
2021.2.12,30376,24890,735,462
2021.2.13,30641,25162,741,265
2021.2.14,31007,25383,748,366
2021.2.15,31275,25635,754,268
2021.2.16,31476,25685,760,201
2021.2.17,31771,26095,769,295
2021.2.18,32099,26363,781,328
2021.2.19,32378,26624,787,279
2021.2.20,32630,26907,795,252
2021.2.21,32927,27131,808,297
2021.2.22,33099,27428,814,172
2021.2.23,33242,27694,832,143
2021.2.24,33453,27893,840,211
2021.2.25,33741,28112,852,288
2021.2.26,34031,28377,857,290
2021.2.27,34255,28611,866,224
2021.2.28,34520,28894,872,265
2021.3.1,34732,29161,880,212
2021.3.2,34832,29402,888,100
2021.3.3,35037,29620,896,205
2021.3.4,35037,29620,896,0
2021.3.5,35468,30181,903,431
2021.3.6,35632,30369,907,164
2021.3.7,35857,30605,919,225
2021.3.8,35959,30915,925,102
2021.3.9,36039,31184,930,80
2021.3.10,36195,31467,935,156
2021.3.11,36195,31467,935,0
2021.3.12,36569,31977,951,374
2021.3.13,36726,32233,955,157
2021.3.14,36892,32525,963,166
2021.3.15,36996,32765,978,104
2021.3.16,37062,33047,981,66
2021.3.17,37254,33326,990,192
2021.3.18,37428,33643,995,174
2021.3.19,37541,33931,1003,113
2021.3.20,37693,34238,1007,152
2021.3.21,37833,34567,1013,140
2021.3.22,37920,34892,1016,87
2021.3.23,37958,35179,1020,38
2021.3.24,38134,35508,1023,176
2021.3.25,38255,35811,1028,121
2021.3.26,38354,36107,1031,99
2021.3.27,38456,36322,1034,102
2021.3.28,38520,36753,1037,64
2021.3.29,38566,37040,1044,46
2021.3.30,38618,37228,1049,52
2021.3.31,38705,37321,1051,87
2021.4.1,38782,37434,1054,77
2021.4.2,38889,37532,1056,107
2021.4.3,38953,37614,1063,64
2021.4.4,38953,37614,1063,0
2021.4.5,39093,37767,1063,140
2021.4.6,39127,37822,1065,34
2021.4.7,39164,37888,1070,37
2021.4.8,39237,37970,1073,73
2021.4.9,39307,38031,1074,70
2021.4.10,39364,38101,1077,57
2021.4.11,39431,38174,1078,67
2021.4.12,39465,38215,1079,34
2021.4.13,39495,38241,1081,30
2021.4.14,39495,38241,1081,0
2021.4.15,39606,38343,1085,111
2021.4.16,39664,38410,1087,58
2021.4.17,39731,38441,1090,67
2021.4.18,39782,38511,1091,51
2021.4.19,39821,38539,1091,39
2021.4.20,39836,38600,1095,15
