date,累计确诊,治愈,死亡,新增确诊
2020.4.8,526,52,11,32
2020.4.9,564,53,11,38
2020.4.10,595,58,11,31
2020.4.11,616,61,11,21
2020.4.12,633,61,11,17
2020.4.13,662,65,12,29
2020.4.14,695,65,12,33
2020.4.15,715,65,12,20
2020.4.16,735,77,12,20
2020.4.17,750,77,12,15
2020.4.18,761,79,12,11
2020.4.19,767,81,12,6
2020.4.20,772,81,12,5
2020.4.21,784,98,12,12
2020.4.22,790,98,13,6
2020.4.23,795,98,13,5
2020.4.24,804,98,14,9
2020.4.25,810,148,14,6
2020.4.26,817,148,14,7
2020.4.27,822,148,15,5
2020.4.28,837,148,15,15
2020.4.30,850,148,15,7
2020.5.1,857,296,15,7
2020.5.2,864,296,15,7
2020.5.5,878,296,15,4
2020.5.6,883,296,15,5
2020.5.7,889,400,15,6
2020.5.12,903,449,16,2
2020.5.13,905,449,17,2
2020.5.14,907,481,17,2
2020.5.15,910,481,17,2
2020.5.16,914,515,17,4
2020.5.17,916,515,17,2
2020.5.18,917,515,17,1
2020.5.19,918,515,17,1
2020.5.20,918,516,17,0
2020.5.21,922,516,17,4
2020.5.22,927,561,17,5
2020.5.23,927,561,17,0
2020.5.24,935,594,17,8
2020.5.25,935,594,17,0
2020.5.26,939,594,17,4
2020.5.27,939,594,17,0
2020.5.28,939,594,17,0
2020.5.29,941,784,17,2
2020.5.30,944,784,17,3
2020.5.31,944,790,17,0
2020.6.1,944,790,17,0
2020.6.2,949,790,17,5
2020.6.3,958,790,17,9
2020.6.4,958,790,17,0
2020.6.5,958,807,17,0
2020.6.6,960,807,17,2
2020.6.7,964,807,18,4
2020.6.8,964,807,18,0
2020.6.9,970,807,18,6
2020.6.10,972,807,18,2
2020.6.11,974,807,18,2
2020.6.12,975,807,18,1
2020.6.13,980,807,18,5
2020.6.14,980,807,18,0
2020.6.15,985,807,18,5
2020.6.16,985,807,18,0
2020.6.17,985,816,18,0
2020.6.18,985,816,18,0
2020.6.19,985,818,19,0
2020.6.20,985,818,19,0
2020.6.21,986,824,19,1
2020.6.22,986,824,19,0
2020.6.23,988,824,19,2
2020.6.24,990,824,19,2
2020.6.25,991,824,19,1
2020.6.26,992,824,19,1
2020.6.27,992,824,19,0
2020.6.28,994,824,19,2
2020.6.29,994,833,19,0
2020.6.30,996,833,19,2
2020.7.1,998,833,19,2
2020.7.2,999,833,19,1
2020.7.3,999,833,19,0
2020.7.4,999,839,19,0
2020.7.5,1002,839,19,3
2020.7.6,1003,839,19,1
2020.7.7,1004,839,19,1
2020.7.8,1005,839,19,1
2020.7.9,1008,839,19,3
2020.7.10,1010,839,19,2
2020.7.11,1013,839,19,3
2020.7.12,1021,839,19,8
2020.7.13,1022,839,19,1
2020.7.14,1023,839,19,1
2020.7.15,1023,839,19,0
2020.7.16,1025,839,19,2
2020.7.17,1031,845,19,6
2020.7.18,1033,845,19,2
2020.7.19,1037,845,19,4
2020.7.20,1038,845,19,1
2020.7.21,1038,847,19,0
2020.7.22,1040,847,19,2
2020.7.23,1040,847,19,0
2020.7.24,1047,847,19,7
2020.7.25,1047,847,19,0
2020.7.26,1053,852,19,6
2020.7.27,1057,852,19,4
2020.7.28,1060,852,19,3
2020.7.29,1067,852,19,7
2020.7.30,1080,852,19,13
2020.7.31,1090,852,19,10
2020.8.1,1119,852,19,29
2020.8.2,1139,856,19,20
2020.8.3,1150,856,19,11
2020.8.4,1155,856,19,5
2020.8.5,1180,856,19,25
2020.8.6,1195,856,19,15
2020.8.7,1208,856,19,13
2020.8.8,1222,856,19,14
2020.8.9,1233,856,19,11
2020.8.10,1242,870,19,9
2020.8.11,1252,870,19,10
2020.8.12,1277,870,20,25
2020.8.13,1305,870,20,28
2020.8.14,1318,870,20,13
2020.8.15,1318,870,20,0
2020.8.16,1332,870,20,14
2020.8.17,1351,870,20,19
2020.8.18,1351,870,20,0
2020.8.19,1359,878,20,8
2020.8.20,1385,878,20,26
2020.8.21,1406,878,20,21
2020.8.22,1406,878,20,0
2020.8.23,1417,878,20,11
2020.8.24,1451,878,20,34
2020.8.25,1451,878,20,0
2020.8.26,1484,935,20,33
2020.8.27,1484,935,20,0
2020.8.28,1481,935,20,0
2020.8.29,1481,935,20,0
2020.8.30,1483,935,20,2
2020.8.31,1487,1139,20,4
2020.9.1,1488,1139,20,1
2020.9.2,1490,1139,21,2
2020.9.3,1495,1139,21,5
2020.9.4,1498,1139,21,3
2020.9.5,1502,1237,21,4
2020.9.6,1507,1237,21,5
2020.9.7,1509,1237,21,2
2020.9.8,1510,1237,22,1
2020.9.9,1511,1237,22,1
2020.9.10,1514,1237,22,3
2020.9.11,1517,1237,22,3
2020.9.12,1520,1237,22,3
2020.9.13,1523,1281,22,3
2020.9.14,1526,1281,22,3
2020.9.15,1534,1282,22,8
2020.9.16,1540,1282,22,6
2020.9.17,1548,1282,22,8
2020.9.18,1558,1282,22,10
2020.9.19,1565,1282,22,7
2020.9.20,1590,1282,22,25
2020.9.21,1600,1369,22,10
2020.9.22,1618,1369,22,18
2020.9.23,1618,1369,22,0
2020.9.24,1654,1369,22,36
2020.9.25,1663,1369,22,9
2020.9.26,1671,1369,22,8
2020.9.27,1696,1369,22,25
2020.9.28,1713,1369,22,17
2020.9.29,1713,1369,22,0
2020.9.30,1755,1369,22,42
2020.10.1,1755,1369,22,0
2020.10.2,1789,1369,22,34
2020.10.3,1811,1369,22,22
2020.10.4,1824,1369,22,13
2020.10.5,1847,1369,22,23
2020.10.6,1876,1369,23,29
2020.10.7,1876,1369,23,0
2020.10.8,1918,1369,24,42
2020.10.9,1951,1369,25,33
2020.10.10,1984,1369,25,33
2020.10.11,2006,1444,25,22
2020.10.12,2006,1444,25,0
2020.10.13,2047,1444,25,41
2020.10.14,2181,1444,25,134
2020.10.15,2181,1444,25,0
2020.10.16,2285,1444,25,104
2020.10.17,2379,1444,25,94
2020.10.18,2644,1444,25,265
2020.10.19,2644,1444,25,0
2020.10.20,2687,1444,25,43
2020.10.21,2839,1444,25,152
2020.10.22,2966,1444,25,127
2020.10.23,3154,1444,25,188
2020.10.24,3314,1882,25,160
2020.10.25,3444,1882,25,130
2020.10.26,3545,1882,25,101
2020.10.27,3636,1882,25,91
2020.10.28,3817,1882,25,181
2020.10.29,3930,1882,25,113
2020.10.30,4051,1882,25,121
2020.10.31,4217,1882,25,166
2020.11.1,4366,1882,26,149
2020.11.2,4563,1882,26,197
2020.11.3,4760,1882,27,197
2020.11.4,4934,1882,27,174
2020.11.5,5100,1882,27,166
2020.11.6,5333,1882,27,233
2020.11.7,5557,1882,27,224
2020.11.8,5871,1882,35,314
2020.11.9,5987,1882,28,116
2020.11.10,6098,1882,28,111
2020.11.11,6296,1882,29,198
2020.11.12,6461,1882,33,165
2020.11.13,6646,1882,34,185
2020.11.14,6853,2021,38,207
2020.11.15,7051,2021,39,198
2020.11.16,7178,2021,39,127
2020.11.17,7285,2021,40,107
2020.11.18,7513,2021,40,228
2020.11.19,7711,2021,41,198
2020.11.20,7979,2021,41,268
2020.11.21,8211,2055,43,232
2020.11.22,8456,2055,43,245
2020.11.23,8643,2055,44,187
2020.11.24,8947,2055,44,304
2020.11.25,9199,2055,46,252
2020.11.26,9453,2055,47,254
2020.11.27,9673,2055,48,220
2020.11.28,9983,2057,48,310
2020.11.29,10231,2057,48,248
2020.11.30,10565,2057,49,152
2020.12.1,10565,2057,49,0
2020.12.2,10883,2057,49,318
2020.12.3,11175,2057,52,292
2020.12.4,11523,2057,54,348
2020.12.5,11812,2057,57,289
2020.12.6,12181,2057,57,369
2020.12.7,12451,2057,61,270
2020.12.8,12867,2057,63,416
2020.12.9,13286,2057,68,419
2020.12.10,13286,2057,68,0
2020.12.11,13649,2057,70,363
2020.12.12,14476,2057,75,827
2020.12.13,14800,2057,77,324
2020.12.14,15101,2057,78,301
2020.12.15,15450,2057,82,349
2020.12.16,15789,2057,84,339
2020.12.17,16190,2057,85,401
2020.12.18,16647,2057,85,457
2020.12.19,17057,2057,87,410
2020.12.20,17476,2057,89,419
2020.12.21,17688,2057,91,212
2020.12.22,18004,2057,96,316
2020.12.23,18004,2057,96,0
2020.12.24,18883,2057,104,879
2020.12.25,19316,2057,107,433
2020.12.26,19366,2057,109,50
2020.12.27,19657,2057,112,291
2020.12.28,20408,2057,113,751
2020.12.29,20408,2057,113,0
2020.12.30,21315,2057,117,907
2020.12.31,22019,2057,119,704
2021.1.1,22019,2057,119,0
2021.1.2,22818,2057,127,799
2021.1.3,23445,2057,129,627
2021.1.4,23974,2057,131,529
2021.1.5,24639,2057,133,665
2021.1.6,25208,2057,134,569
2021.1.7,25781,2057,138,573
2021.1.8,26208,2057,140,427
2021.1.9,26674,2057,141,466
2021.1.10,27011,2057,147,337
2021.1.11,27350,2057,148,339
2021.1.12,27638,2057,153,288
2021.1.13,27897,2057,157,259
2021.1.14,28124,2057,163,227
2021.1.15,28124,2057,163,0
2021.1.16,28609,2057,166,485
2021.1.17,28811,2057,167,202
2021.1.18,28968,2057,170,157
2021.1.19,29130,2057,175,162
2021.1.20,29294,2057,176,164
2021.1.21,29472,2057,176,178
2021.1.22,29636,2057,178,164
2021.1.23,29758,2057,179,122
2021.1.24,29887,2057,183,129
2021.1.25,30017,2057,186,130
2021.1.26,30143,2057,188,126
2021.1.27,30252,2057,190,109
2021.1.28,30380,2057,193,128
2021.1.29,30538,2057,197,158
2021.1.30,30657,2057,197,119
2021.1.31,30770,2057,197,113
2021.2.1,30876,2057,199,106
2021.2.2,30996,2057,202,120
2021.2.3,31124,2057,202,128
2021.2.4,31263,2057,203,139
2021.2.5,31379,2057,208,116
2021.2.6,31512,2057,210,133
2021.2.7,31644,2057,211,132
2021.2.8,31759,2057,212,115
2021.2.9,31864,2057,214,105
2021.2.10,31959,2057,214,95
2021.2.11,32072,2057,217,113
2021.2.12,32175,2057,218,103
2021.2.13,32288,2057,219,113
2021.2.14,32390,2057,220,102
2021.2.15,32513,2057,221,123
2021.2.16,32626,2057,222,113
2021.2.17,32707,2057,225,81
2021.2.18,32828,2057,227,121
2021.2.19,32935,2057,228,107
2021.2.20,33046,2057,229,111
2021.2.21,33153,2057,229,107
2021.2.22,33260,2057,229,107
2021.2.23,33391,2057,230,131
2021.2.24,33567,2057,230,176
2021.2.25,33710,2057,231,143
2021.2.26,33909,2057,231,199
2021.2.27,34181,2057,231,272
2021.2.28,34424,2057,231,243
2021.3.1,34707,2057,231,283
2021.3.2,35009,2057,231,302
2021.3.3,35297,2057,232,288
2021.3.4,35620,2057,232,323
2021.3.5,36004,2057,232,384
2021.3.6,36277,2057,232,273
2021.3.7,36575,2057,232,298
2021.3.8,36878,2057,233,303
2021.3.9,37230,2057,233,352
2021.3.10,37650,2057,233,420
2021.3.11,38065,2057,235,415
2021.3.12,38496,2057,236,431
2021.3.13,38879,2057,238,383
2021.3.14,39277,2057,238,398
2021.3.15,39651,2057,240,374
2021.3.16,39869,2057,240,218
2021.3.17,40344,2057,241,475
2021.3.18,40726,2057,241,382
2021.3.19,41111,2057,241,385
2021.3.20,41475,2057,241,364
2021.3.21,41882,2057,242,407
2021.3.22,42218,2057,243,336
2021.3.23,42628,2057,245,410
2021.3.24,42993,2057,246,365
2021.3.25,43286,2057,248,293
2021.3.26,43610,2057,248,324
2021.3.27,43971,2057,248,361
2021.3.28,44305,2057,250,334
2021.3.29,44631,2057,252,326
2021.3.30,44991,2057,254,360
2021.3.31,45430,2057,256,439
2021.4.1,45864,2057,256,434
2021.4.2,46173,2057,260,309
2021.4.3,46878,2057,261,705
2021.4.4,47282,2057,261,404
2021.4.5,47713,2057,261,431
2021.4.6,48278,2057,262,565
2021.4.7,48837,2057,264,559
2021.4.8,49366,2057,266,529
2021.4.9,49988,2057,268,622
2021.4.10,50589,36872,268,601
2021.4.11,51035,39061,272,446
2021.4.12,51505,39061,272,470
2021.4.13,52033,39061,273,528
2021.4.14,52652,39061,274,619
2021.4.15,53254,39061,277,602
2021.4.16,53944,39061,283,690
2021.4.17,54621,39061,284,677
2021.4.18,55407,39061,288,786
2021.4.19,56259,39061,291,852
2021.4.20,57081,39061,294,822
