date,累计确诊,治愈,死亡,新增确诊
2020.4.10,8,0,0,1
2020.4.11,10,0,0,2
2020.4.13,11,0,0,1
2020.4.14,13,0,0,2
2020.4.16,26,0,0,11
2020.4.17,30,0,0,4
2020.4.18,30,0,0,4
2020.4.19,35,6,0,5
2020.4.20,50,6,0,7
2020.4.21,61,6,0,11
2020.4.23,64,10,1,3
2020.4.24,82,10,3,18
2020.4.25,86,10,3,4
2020.4.27,104,12,4,5
2020.4.29,116,14,4,12
2020.4.30,136,21,7,12
2020.5.1,155,21,8,19
2020.5.2,157,29,8,2
2020.5.3,178,37,9,11
2020.5.4,199,43,11,21
2020.5.5,225,54,14,26
2020.5.6,231,54,16,6
2020.5.7,257,54,17,26
2020.5.8,291,58,18,34
2020.5.9,307,67,18,16
2020.5.10,338,72,19,31
2020.5.13,387,97,26,49
2020.5.15,447,97,27,39
2020.5.16,462,106,29,15
2020.5.17,505,141,32,43
2020.5.18,505,141,32,0
2020.5.19,519,148,33,14
2020.5.20,570,205,34,51
2020.5.21,570,205,34,0
2020.5.22,606,230,38,36
2020.5.23,606,230,38,0
2020.5.24,707,241,40,101
2020.5.25,735,293,42,28
2020.5.26,754,297,44,19
2020.5.27,782,297,45,28
2020.5.28,812,361,45,30
2020.5.29,829,386,45,17
2020.5.30,852,415,46,23
2020.5.31,861,454,46,9
2020.6.1,865,475,46,4
2020.6.2,896,480,46,31
2020.6.3,909,491,47,13
2020.6.4,914,491,47,5
2020.6.5,929,580,47,15
2020.6.6,946,600,48,17
2020.6.7,969,608,48,23
2020.6.8,1001,611,49,32
2020.6.9,1025,621,50,24
2020.6.10,1062,637,50,37
2020.6.11,1062,637,50,0
2020.6.12,1103,648,51,41
2020.6.13,1132,670,51,29
2020.6.14,1169,680,51,37
2020.6.15,1176,683,51,7
2020.6.16,1176,683,51,0
2020.6.17,1225,686,51,49
2020.6.18,1249,707,51,24
2020.6.19,1272,710,51,23
2020.6.20,1309,746,53,37
2020.6.21,1309,746,53,0
2020.6.22,1327,788,55,18
2020.6.23,1340,788,55,13
2020.6.24,1347,853,55,7
2020.6.25,1354,869,55,7
2020.6.26,1354,869,56,0
2020.6.27,1394,914,59,40
2020.6.28,1410,937,59,16
2020.6.29,1427,943,60,17
2020.6.30,1450,961,60,23
2020.7.1,1462,974,60,12
2020.7.2,1498,999,60,36
2020.7.3,1518,1007,60,20
2020.7.4,1533,1051,62,15
2020.7.5,1533,1051,62,0
2020.7.6,1542,1062,62,9
2020.7.7,1547,1086,62,5
2020.7.8,1572,1088,63,25
2020.7.9,1584,1122,63,12
2020.7.10,1598,1123,63,14
2020.7.11,1613,1133,63,15
2020.7.12,1618,1141,63,5
2020.7.13,1635,1154,63,17
2020.7.14,1642,1175,63,7
2020.7.15,1651,1190,64,9
2020.7.16,1668,1200,64,17
2020.7.17,1678,1213,64,10
2020.7.18,1688,1219,65,10
2020.7.19,1701,1237,65,13
2020.7.20,1711,1237,65,10
2020.7.21,1711,1261,66,0
2020.7.22,1727,1273,66,16
2020.7.23,1731,1288,66,4
2020.7.24,1752,1292,66,21
2020.7.25,1768,1297,66,16
2020.7.26,1768,1297,66,0
2020.7.27,1783,1313,66,15
2020.7.28,1783,1317,66,0
2020.7.29,1786,1336,66,3
2020.7.30,1803,1355,67,17
2020.7.31,1818,1362,67,15
2020.8.1,1823,1362,67,5
2020.8.2,1823,1362,67,0
2020.8.3,1843,1375,67,20
2020.8.4,1848,1375,67,5
2020.8.5,1855,1397,67,7
2020.8.6,1860,1401,67,5
2020.8.7,1877,1427,67,17
2020.8.8,1887,1435,68,10
2020.8.9,1895,1442,68,8
2020.8.10,1916,1445,68,21
2020.8.11,1917,1447,69,1
2020.8.12,1932,1478,69,15
2020.8.13,1937,1483,69,5
2020.8.14,1940,1496,69,3
2020.8.15,1947,1502,69,7
2020.8.16,1954,1505,69,7
2020.8.17,1956,1506,69,2
2020.8.18,1956,1506,69,0
2020.8.19,1959,1529,69,3
2020.8.20,1961,1531,69,2
2020.8.21,1969,1536,69,8
2020.8.22,1972,1542,69,3
2020.8.23,1980,1545,69,8
2020.8.24,1992,1550,69,12
2020.8.25,1997,1557,69,5
2020.8.26,2001,1569,69,4
2020.8.27,2003,1577,69,2
2020.8.28,2013,1581,70,10
2020.8.29,2013,1581,70,0
2020.8.30,2019,1591,70,6
2020.8.31,2022,1594,70,3
2020.9.1,2022,1594,70,0
2020.9.2,2028,1594,71,6
2020.9.3,2029,1600,71,1
2020.9.4,2035,1600,71,6
2020.9.5,2041,1602,71,6
2020.9.6,2041,1602,71,0
2020.9.7,2054,1611,71,13
2020.9.8,2055,1611,71,1
2020.9.9,2064,1613,72,9
2020.9.10,2067,1622,72,3
2020.9.11,2087,1622,72,20
2020.9.12,2087,1622,72,0
2020.9.13,2096,1634,72,9
2020.9.14,2109,1636,72,13
2020.9.15,2111,1636,72,2
2020.9.16,2126,1640,72,15
2020.9.17,2133,1646,72,7
2020.9.18,2133,1646,72,0
2020.9.19,2153,1649,72,20
2020.9.20,2159,1650,72,6
2020.9.21,2168,1650,72,9
2020.9.22,2168,1650,72,0
2020.9.23,2174,1652,72,6
2020.9.24,2183,1665,72,9
2020.9.25,2188,1666,72,5
2020.9.26,2199,1678,72,11
2020.9.27,2208,1679,72,9
2020.9.28,2215,1681,72,7
2020.9.29,2215,1681,72,0
2020.9.30,2222,1685,72,7
2020.10.1,2231,1687,72,9
2020.10.2,2238,1695,72,7
2020.10.3,2252,1697,72,14
2020.10.4,2259,1704,72,7
2020.10.5,2269,1706,72,10
2020.10.6,2269,1706,72,0
2020.10.7,2277,1710,72,8
2020.10.8,2287,1716,72,10
2020.10.9,2295,1723,72,8
2020.10.10,2300,1725,72,5
2020.10.11,2300,1725,72,0
2020.10.12,2306,1736,72,6
2020.10.13,2306,1736,72,0
2020.10.14,2309,1738,72,3
2020.10.15,2315,1743,73,6
2020.10.16,2323,1746,73,8
2020.10.17,2325,1750,73,2
2020.10.18,2327,1753,73,2
2020.10.19,2330,1760,73,3
2020.10.20,2331,1760,73,1
2020.10.21,2336,1765,73,5
2020.10.22,2337,1771,73,1
2020.10.23,2340,1777,73,3
2020.10.24,2343,1782,74,3
2020.10.25,2345,1784,74,2
2020.10.26,2346,1787,74,1
2020.10.27,2346,1787,74,0
2020.10.28,2350,1790,74,4
2020.10.29,2354,1792,74,4
2020.10.30,2362,1795,74,8
2020.10.31,2365,1798,74,3
2020.11.1,2366,1800,74,1
2020.11.2,2366,1802,74,0
2020.11.3,2366,1802,74,0
2020.11.4,2368,1803,74,2
2020.11.5,2369,1805,74,1
2020.11.6,2371,1805,74,2
2020.11.7,2373,1807,74,2
2020.11.8,2381,1812,74,8
2020.11.9,2381,1812,74,0
2020.11.10,2385,1813,74,4
2020.11.11,2386,1813,74,1
2020.11.12,2386,1813,74,0
2020.11.13,2387,1816,74,1
2020.11.14,2389,1816,74,2
2020.11.15,2391,1816,74,2
2020.11.16,2391,1820,74,0
2020.11.17,2391,1822,74,0
2020.11.18,2392,1823,74,1
2020.11.19,2397,1823,74,5
2020.11.20,2397,1823,74,0
2020.11.21,2399,1827,74,2
2020.11.22,2405,1827,74,6
2020.11.23,2405,1828,74,0
2020.11.24,2406,1828,74,1
2020.11.25,2406,1829,74,0
2020.11.26,2408,1829,74,2
2020.11.27,2409,1831,74,1
2020.11.28,2410,1833,74,1
2020.11.29,2410,1834,74,0
2020.11.30,2412,1836,74,1
2020.12.1,2412,1836,74,0
2020.12.2,2413,1838,74,1
2020.12.3,2416,1838,74,3
2020.12.4,2416,1840,74,0
2020.12.5,2420,1842,74,4
2020.12.6,2426,1846,74,6
2020.12.7,2426,1846,74,0
2020.12.8,2428,1846,74,2
2020.12.9,2428,1847,74,0
2020.12.10,2434,1847,74,6
2020.12.11,2435,1847,74,1
2020.12.12,2438,1850,75,3
2020.12.13,2440,1850,75,2
2020.12.14,2440,1850,75,0
2020.12.15,2445,1851,75,5
2020.12.16,2451,1853,75,6
2020.12.17,2460,1854,75,9
2020.12.18,2486,1854,75,26
2020.12.19,2486,1854,75,0
2020.12.20,2509,1856,75,23
2020.12.21,2509,1856,75,0
2020.12.22,2509,1856,75,0
2020.12.23,2518,1860,75,9
2020.12.24,2524,1866,76,6
2020.12.25,2531,1866,76,7
2020.12.26,2549,1866,76,18
2020.12.27,2560,1872,76,11
2020.12.28,2560,1872,76,0
2020.12.29,2560,1872,76,0
2020.12.30,2569,1875,76,9
2020.12.31,2583,1891,76,14
2021.1.1,2635,1906,76,52
2021.1.2,2635,1906,76,0
2021.1.3,2646,1910,76,11
2021.1.4,2673,1910,76,27
2021.1.5,2673,1910,76,0
2021.1.6,2739,1929,76,66
2021.1.7,2757,1973,77,18
2021.1.8,2757,1973,77,0
2021.1.9,2803,1979,77,46
2021.1.10,2834,1983,77,31
2021.1.11,2834,1983,77,0
2021.1.12,2846,1992,77,12
2021.1.13,2864,2006,77,18
2021.1.14,2887,2013,77,23
2021.1.15,2933,2025,77,46
2021.1.16,2959,2025,77,26
2021.1.17,2970,2025,77,11
2021.1.18,3006,2082,77,36
2021.1.19,3014,2107,77,8
2021.1.20,3030,2109,77,16
2021.1.21,3030,2109,77,0
2021.1.22,3081,2143,77,51
2021.1.23,3093,2166,77,12
2021.1.24,3120,2187,77,27
2021.1.25,3139,2210,77,19
2021.1.26,3173,2222,77,34
2021.1.27,3194,2232,77,21
2021.1.28,3282,2260,77,88
2021.1.29,3282,2260,77,0
2021.1.30,3382,2268,79,100
2021.1.31,3528,2278,79,146
2021.2.1,3593,2282,79,65
2021.2.2,3634,2329,79,41
2021.2.3,3660,2340,79,26
2021.2.4,3699,2377,79,39
2021.2.5,3728,2397,79,29
2021.2.6,3759,2415,79,31
2021.2.7,3772,2452,79,13
2021.2.8,3785,2466,79,13
2021.2.9,3789,2475,79,4
2021.2.10,3801,2494,79,12
2021.2.11,3803,2508,79,2
2021.2.12,3813,2519,79,10
2021.2.13,3817,2535,79,4
2021.2.14,3821,2559,79,4
2021.2.15,3821,2559,79,0
2021.2.16,3823,2578,79,2
2021.2.17,3825,2583,79,2
2021.2.18,3825,2583,79,0
2021.2.19,3829,2597,79,4
2021.2.20,3841,2597,79,12
2021.2.21,3849,2603,79,8
2021.2.22,3855,2607,79,6
2021.2.23,3857,2609,79,2
2021.2.24,3880,2612,79,23
2021.2.25,3880,2612,79,0
2021.2.26,3884,2612,79,4
2021.2.27,3884,2612,79,0
2021.2.28,3887,2621,79,3
2021.3.1,3887,2621,79,0
2021.3.2,3887,2621,79,0
2021.3.3,3889,2628,79,2
2021.3.4,3900,2652,79,11
2021.3.5,3900,2652,79,0
2021.3.6,3909,2658,79,9
2021.3.7,3918,2678,79,9
2021.3.8,3920,2700,79,2
2021.3.9,3921,2721,79,1
2021.3.10,3922,2741,79,1
2021.3.11,3928,2769,79,6
2021.3.12,3932,2772,79,4
2021.3.13,3934,2776,79,2
2021.3.14,3937,2779,79,3
2021.3.15,3937,2779,79,0
2021.3.16,3938,2780,79,1
2021.3.17,3939,2782,79,1
2021.3.18,3942,2783,79,3
2021.3.19,3947,2789,79,5
2021.3.20,3947,2789,79,0
2021.3.21,3948,2790,79,1
2021.3.22,3948,2790,79,0
2021.3.23,3948,2790,79,0
2021.3.24,3949,2792,79,1
2021.3.25,3953,2796,79,4
2021.3.26,3953,2798,79,0
2021.3.27,3962,2800,79,9
2021.3.28,3970,2801,79,8
2021.3.29,3970,2801,79,0
2021.3.30,3970,2801,79,0
2021.3.31,3970,2801,79,0
2021.4.1,3981,2814,79,11
2021.4.2,3981,2814,79,0
2021.4.3,3987,2817,79,6
2021.4.4,3987,2822,79,0
2021.4.5,3988,2824,79,1
2021.4.6,3990,2825,79,2
2021.4.7,3993,2826,79,3
2021.4.8,3993,2826,79,0
2021.4.9,3993,2826,79,0
2021.4.10,3995,2828,79,2
2021.4.11,3995,2828,79,0
2021.4.12,4005,2831,79,10
2021.4.13,4009,2832,79,4
2021.4.14,4009,2832,79,0
2021.4.15,4013,2832,79,4
2021.4.16,4016,2833,79,3
2021.4.17,4016,2833,79,0
2021.4.18,4020,2848,79,4
2021.4.19,4028,2849,79,8
2021.4.20,4038,2851,79,10
2021.4.21,4041,2857,79,3
