date,累计确诊,治愈,死亡,新增确诊
2020.4.8,3181,633,174,396
2020.4.9,3441,633,194,260
2020.4.10,3844,633,233,403
2020.4.11,4219,1772,273,375
2020.4.12,4661,1772,296,442
2020.4.13,4661,1843,296,442
2020.4.14,5399,1964,406,385
2020.4.15,5847,2125,449,448
2020.4.16,6297,2125,486,450
2020.4.17,6875,2125,546,578
2020.4.18,7497,2627,650,622
2020.4.19,8261,2627,686,764
2020.4.20,8772,2627,712,511
2020.4.21,9501,2627,857,729
2020.4.22,10544,2627,970,1043
2020.4.23,11633,2627,1069,1089
2020.4.24,12872,2627,1221,1239
2020.4.25,12872,7149,1221,1239
2020.4.26,14677,8354,1351,835
2020.4.27,15529,9086,1434,852
2020.4.28,16752,11423,1569,1223
2020.4.29,17799,11423,1732,1047
2020.4.30,19224,11423,1859,1425
2020.5.1,20739,12377,1972,1515
2020.5.2,22088,12377,2061,1349
2020.5.4,24905,15938,2271,1434
2020.5.5,26025,16810,2507,1120
2020.5.6,27634,16810,2704,1609
2020.5.7,29616,17781,2961,1982
2020.5.8,31522,20314,3160,1906
2020.5.9,33460,21824,3353,1938
2020.5.10,35022,23100,3465,1562
2020.5.11,36327,23100,3573,1305
2020.5.12,38324,25935,3926,1997
2020.5.13,40186,26990,4220,1862
2020.5.14,42595,28475,4477,2409
2020.5.15,45032,30451,4767,2437
2020.5.16,47144,31848,5045,2112
2020.5.17,49219,33329,5177,2075
2020.5.18,49219,33329,5177,0
2020.5.19,51633,35388,5332,2414
2020.5.20,54346,37325,5666,2713
2020.5.21,56594,38876,6090,2248
2020.5.22,59567,40657,6510,2973
2020.5.23,62527,42725,6989,2960
2020.5.24,65856,44919,7179,3329
2020.5.25,68620,47424,7394,2764
2020.5.26,71105,49890,7633,2485
2020.5.27,74560,52219,8134,3455
2020.5.28,78023,54383,8597,3463
2020.5.29,81400,56638,9044,3377
2020.5.30,84627,59610,9415,3227
2020.5.31,87512,61871,9779,2885
2020.6.1,90664,64326,9930,3152
2020.6.2,93435,67491,10167,2771
2020.6.3,97326,70308,10637,3891
2020.6.4,101238,73271,11729,3912
2020.6.5,105680,75448,12545,4442
2020.6.6,110026,78590,13170,4346
2020.6.7,113619,81544,13511,3593
2020.6.8,117103,84419,13699,3484
2020.6.9,120102,87633,14053,2999
2020.6.10,124301,90748,14649,4199
2020.6.11,129184,93930,15357,4883
2020.6.12,133974,98064,15944,4790
2020.6.13,139196,101767,16448,5222
2020.6.14,142690,104975,16872,3494
2020.6.15,146837,108110,17141,4147
2020.6.16,150264,113006,17580,3427
2020.6.17,154863,116178,18310,4599
2020.6.18,159793,119355,19080,4930
2020.6.19,165455,123095,19747,5662
2020.6.20,170485,127332,20394,5030
2020.6.21,175202,131686,20781,4717
2020.6.22,180545,135279,21825,5343
2020.6.23,185122,140118,22584,4577
2020.6.24,191410,144448,23377,6288
2020.6.25,196847,149318,24324,5437
2020.6.26,202951,116862,25060,6104
2020.6.27,208392,120562,25779,5441
2020.6.28,212802,123797,26381,4410
2020.6.29,216852,126843,26648,4050
2020.6.30,220657,131264,27121,3805
2020.7.1,226089,134957,27769,5432
2020.7.2,231770,138319,28510,5681
2020.7.3,238511,142593,29189,6741
2020.7.4,245251,147205,29843,6740
2020.7.5,252165,152309,30366,6914
2020.7.6,256848,155604,30639,4683
2020.7.7,261750,159657,31119,4902
2020.7.8,268008,163646,32014,6258
2020.7.9,275003,167795,32796,6995
2020.7.10,282283,172230,33526,7280
2020.7.11,289174,177097,34191,6891
2020.7.12,295268,180852,34730,6094
2020.7.13,299750,184764,35006,4482
2020.7.14,304435,189063,35491,4685
2020.7.15,311486,193976,36327,7051
2020.7.16,317635,199129,36906,6149
2020.7.17,324041,203464,37574,6406
2020.7.18,331298,208436,38310,7257
2020.7.19,338913,213006,38888,7615
2020.7.20,344224,217423,39184,5311
2020.7.21,349396,222068,39485,5172
2020.7.22,356255,227165,40400,6859
2020.7.23,362274,231403,41190,6019
2020.7.24,370712,236209,41908,8438
2020.7.25,378285,242692,42645,7573
2020.7.26,385036,247178,43374,6751
2020.7.27,390516,251505,43680,5480
2020.7.28,395489,256777,44022,4973
2020.7.29,402697,261457,44876,7208
2020.7.30,408449,267147,45361,5752
2020.7.31,416179,272187,46000,7730
2020.8.1,424637,278618,46688,8458
2020.8.2,434193,284847,47472,9556
2020.8.3,439046,289394,47746,4853
2020.8.4,443813,295677,48012,4767
2020.8.5,449961,300254,48869,6148
2020.8.6,456100,304708,49698,6139
2020.8.7,462690,308848,50517,6590
2020.8.8,469407,313386,51311,6717
2020.8.9,475902,318638,52006,6495
2020.8.10,480278,322465,52298,4376
2020.8.11,485836,327993,53003,5558
2020.8.12,492522,332800,53929,6686
2020.8.13,498380,336635,54666,5858
2020.8.14,505751,341507,55293,7371
2020.8.15,511369,345653,55908,5618
2020.8.16,517714,351372,56543,6345
2020.8.17,522162,355101,56757,4448
2020.8.18,525733,359347,57023,3571
2020.8.19,531239,363307,57774,5506
2020.8.20,537031,367537,58481,5792
2020.8.21,543806,371638,59106,6775
2020.8.22,549734,376409,59610,5928
2020.8.23,556216,380492,60254,6482
2020.8.24,560164,383872,60480,3948
2020.8.25,563705,389124,60800,3541
2020.8.26,568621,393101,61450,4916
2020.8.27,573888,396758,62076,5267
2020.8.28,579914,400479,62594,6026
2020.8.29,585738,404667,63146,5824
2020.8.30,591712,409127,63819,5974
2020.8.31,595841,412580,64158,4129
2020.9.1,599560,416738,64414,3719
2020.9.2,606036,421373,65241,6476
2020.9.3,610957,424990,65816,4921
2020.9.4,616894,430287,66329,5937
2020.9.5,623090,434667,66851,6196
2020.9.6,629409,438754,67326,6319
2020.9.7,634023,442268,67558,4614
2020.9.8,637509,446715,67781,3486
2020.9.9,642860,451159,68484,5351
2020.9.10,647507,454982,69095,4647
2020.9.11,652364,458850,69649,4857
2020.9.12,658299,463764,70183,5935
2020.9.13,663973,467525,70604,5674
2020.9.14,668381,471623,70821,4408
2020.9.15,671716,475795,71049,3335
2020.9.16,676487,481068,71678,4771
2020.9.17,680931,485024,71978,4444
2020.9.18,684113,488416,72179,3182
2020.9.19,688954,492192,72803,4841
2020.9.20,694121,496224,73258,5167
2020.9.21,697663,499302,73493,3542
2020.9.22,700580,502982,73697,2917
2020.9.23,705263,506732,74348,4683
2020.9.24,710049,510237,74949,4786
2020.9.25,715457,514760,75439,5408
2020.9.26,720858,518204,75844,5401
2020.9.27,726431,521241,76243,5573
2020.9.28,730317,523831,76430,3886
2020.9.29,733717,527278,76603,3400
2020.9.30,738163,530945,77163,4446
2020.10.1,743216,533886,77646,5053
2020.10.2,748315,537475,78078,5099
2020.10.3,753090,541518,78492,4775
2020.10.4,757953,545530,78880,4863
2020.10.5,761665,550053,79088,3712
2020.10.6,789780,553937,81877,28115
2020.10.7,794608,557478,82348,4828
2020.10.8,799188,560895,82726,4580
2020.10.9,804488,583603,83096,5300
2020.10.10,809751,588085,83507,5263
2020.10.11,814328,591150,83642,4577
2020.10.12,817503,594180,83781,3175
2020.10.13,821045,597991,83945,3542
2020.10.14,825340,601571,84420,4295
2020.10.15,829396,603827,84898,4056
2020.10.16,834910,608188,85285,5514
2020.10.17,841661,612216,85704,6751
2020.10.18,847108,615680,86059,5447
2020.10.19,851227,619036,86167,4119
2020.10.20,854926,623494,86338,3699
2020.10.21,860714,627584,86893,5788
2020.10.22,867559,632037,87415,6845
2020.10.23,874171,636391,87894,6612
2020.10.24,880775,641075,88312,6604
2020.10.25,886800,646739,88743,6025
2020.10.26,891160,650355,88924,4360
2020.10.27,895326,655118,89171,4166
2020.10.28,901268,659473,89814,5942
2020.10.29,906863,663639,90309,5595
2020.10.30,912811,668667,90773,5948
2020.10.31,918811,673457,91289,6000
2020.11.1,924962,677659,91753,6151
2020.11.2,929392,682044,91895,4430
2020.11.3,933155,687420,92100,3763
2020.11.4,938405,693227,92593,5250
2020.11.5,943630,697402,93228,5225
2020.11.6,949197,701837,93772,5567
2020.11.7,955128,706267,94323,5931
2020.11.8,961938,710940,94808,6810
2020.11.9,967825,715977,95027,5887
2020.11.10,972785,721076,95225,4960
2020.11.11,978531,725846,95842,5746
2020.11.12,986177,731468,96430,7646
2020.11.13,991835,736197,97056,5658
2020.11.14,997393,741340,97624,5558
2020.11.15,1003253,745361,98259,5860
2020.11.16,1006522,750190,98542,3269
2020.11.17,1009396,754200,98861,2874
2020.11.18,1011153,757951,99026,1757
2020.11.19,1015071,762025,99528,3918
2020.11.20,1019543,766361,100104,4472
2020.11.21,1025969,770728,100823,6426
2020.11.22,1032688,774930,101373,6719
2020.11.23,1041875,779104,101676,9187
2020.11.24,1049358,784693,101926,7483
2020.11.25,1060152,791516,102739,10794
2020.11.26,1070487,798037,103597,10335
2020.11.27,1078594,803581,104242,8107
2020.11.28,1090675,803581,104873,12081
2020.11.29,1100683,813254,105459,10008
2020.11.30,1113543,823586,105940,6388
2020.12.1,1113543,823586,105940,0
2020.12.2,1122362,829817,106765,8819
2020.12.3,1133613,836567,107565,11251
2020.12.4,1144643,843231,108173,11030
2020.12.5,1156770,852719,108863,12127
2020.12.6,1168395,859463,109456,11625
2020.12.7,1175850,866186,109717,7455
2020.12.8,1182249,873555,110074,6399
2020.12.9,1193255,881050,110874,11006
2020.12.10,1205229,889168,111655,11974
2020.12.11,1217126,896130,112326,11897
2020.12.12,1229379,904042,113019,12253
2020.12.13,1241436,911965,113704,12057
2020.12.14,1250044,918681,113953,8608
2020.12.15,1255974,927754,114298,5930
2020.12.16,1267202,938089,115099,11228
2020.12.17,1277499,945673,115769,10297
2020.12.18,1289298,953762,116487,11799
2020.12.19,1301546,962397,117249,12248
2020.12.20,1313675,971115,117876,12129
2020.12.21,1320545,978002,118202,6870
2020.12.22,1325915,987328,118598,5370
2020.12.23,1338426,996302,119495,12511
2020.12.24,1350079,1005248,120311,11653
2020.12.25,1362564,1015256,121172,12485
2020.12.26,1372243,1023916,121837,9679
2020.12.27,1383434,1038766,122426,11191
2020.12.28,1389430,1048539,122855,5996
2020.12.29,1389430,1048539,122855,0
2020.12.30,1401529,1058429,123845,12099
2020.12.31,1413935,1066771,124897,12406
2021.1.1,1426094,1074795,125807,12159
2021.1.2,1437185,1083768,126507,11091
2021.1.3,1443544,1090905,126851,6359
2021.1.4,1448755,1098431,127213,5211
2021.1.5,1455219,1105834,127757,6464
2021.1.6,1466490,1113137,128822,11271
2021.1.7,1479835,1119968,129987,13345
2021.1.8,1493569,1127471,131031,13734
2021.1.9,1507931,1134877,132069,14362
2021.1.10,1524036,1143254,133204,16105
2021.1.11,1534039,1150422,133706,10003
2021.1.12,1541633,1160373,134368,7594
2021.1.13,1556028,1168354,135682,14395
2021.1.14,1571901,1176658,136917,15873
2021.1.15,1588369,1185621,137916,16468
2021.1.16,1609735,1199810,139022,21366
2021.1.17,1630258,1212403,140241,20523
2021.1.18,1641428,1223108,140704,11170
2021.1.19,1649502,1237321,141248,8074
2021.1.20,1668396,1251782,142832,18894
2021.1.21,1688944,1264780,144371,20548
2021.1.22,1711283,1277978,146174,22339
2021.1.23,1732290,1291940,147614,21007
2021.1.24,1752347,1306138,149084,20057
2021.1.25,1763219,1320448,149614,10872
2021.1.26,1771740,1335876,150273,8521
2021.1.27,1788905,1348660,152016,17165
2021.1.28,1806849,1362525,153639,17944
2021.1.29,1825519,1376073,155145,18670
2021.1.30,1841893,1390906,156579,16374
2021.1.31,1857230,1403064,158074,15337
2021.2.1,1864260,1412393,158536,7030
2021.2.2,1869708,1425748,159100,5448
2021.2.3,1874092,1436482,159533,4384
2021.2.4,1886245,1450237,161240,12153
2021.2.5,1899820,1461011,162922,13575
2021.2.6,1912871,1472151,164290,13051
2021.2.7,1926080,1482138,165786,13209
2021.2.8,1932145,1490077,166200,6065
2021.2.9,1936013,1501580,166731,3868
2021.2.10,1946751,1511199,168432,10738
2021.2.11,1957889,1519572,169760,11138
2021.2.12,1968566,1528304,171234,10677
2021.2.13,1978954,1535786,172557,10388
2021.2.14,1988695,1542991,173771,9741
2021.2.15,1992794,1548174,174207,4099
2021.2.16,1995892,1555923,174657,3098
2021.2.17,2004575,1563992,175986,8683
2021.2.18,2013563,1571071,177061,8988
2021.2.19,2022662,1577838,178108,9099
2021.2.20,2030491,1584704,178965,7829
2021.2.21,2038276,1590696,179797,7785
2021.2.22,2041380,1595320,180107,3104
2021.2.23,2043632,1602024,180536,2252
2021.2.24,2052266,1607869,181809,8634
2021.2.25,2060908,1614614,182815,8642
2021.2.26,2069370,1620008,183692,8462
2021.2.27,2076882,1625328,184474,7512
2021.2.28,2084128,1630002,185257,7246
2021.3.1,2086938,1633900,185715,2810
2021.3.2,2089281,1639943,186152,2343
2021.3.3,2097194,1645312,187187,7913
2021.3.4,2104987,1650230,188044,7793
2021.3.5,2112508,1655549,188866,7521
2021.3.6,2119305,1660786,189578,6797
2021.3.7,2125866,1666658,190357,6561
2021.3.8,2128600,1670431,190604,2734
2021.3.9,2130477,1675996,190923,1877
2021.3.10,2137884,1681336,191789,7407
2021.3.11,2144558,1685996,192488,6674
2021.3.12,2151028,1691093,193142,6470
2021.3.13,2157771,1696739,193851,6743
2021.3.14,2163875,1701216,194490,6104
2021.3.15,2166290,1705743,194710,2415
2021.3.16,2167729,1711931,194944,1439
2021.3.17,2169007,1716135,195119,1278
2021.3.18,2175462,1720430,195908,6455
2021.3.19,2182188,1724794,196606,6726
2021.3.20,2187910,1729269,197219,5722
2021.3.21,2193639,1733089,197827,5729
2021.3.22,2195772,1736159,198036,2133
2021.3.23,2197160,1740254,198239,1388
2021.3.24,2203041,1744262,199048,5881
2021.3.25,2208755,1748317,199627,5714
2021.3.26,2214542,1752125,200211,5787
2021.3.27,2219845,1755798,200862,5303
2021.3.28,2224767,1759123,201429,4922
2021.3.29,2226550,1761786,201623,1783
2021.3.30,2227842,1765244,201826,1292
2021.3.31,2232910,1769256,202633,5068
2021.4.1,2238887,1773236,203210,5977
2021.4.2,2244268,1777697,203664,5381
2021.4.3,2247357,1781629,203854,3089
2021.4.4,2249195,1785643,204011,1838
2021.4.5,2250458,1788209,204147,1263
2021.4.6,2251705,1791894,204399,1247
2021.4.7,2256380,1795213,205002,4675
2021.4.8,2261879,1798657,205598,5499
2021.4.9,2267019,1802033,206146,5140
2021.4.10,2272064,1804913,207020,5045
2021.4.11,2278420,1807676,207020,6356
2021.4.12,2280213,1809921,209338,1793
2021.4.13,2281840,1812694,209702,1627
2021.4.14,2286133,1815237,210294,4293
2021.4.15,2291246,1817866,210812,5113
2021.4.16,2295435,1820959,211213,4189
2021.4.17,2299939,1823732,211693,4504
2021.4.18,2304096,1826646,212228,4157
2021.4.19,2305602,1829480,212339,1506
2021.4.20,2306910,1833132,212466,1308
2021.4.21,2311172,1836377,213048,4262
