date,累计确诊,治愈,死亡,新增确诊
2020.4.7,2111,50,108,155
2020.4.9,2349,80,118,238
2020.4.10,2620,98,126,271
2020.4.11,2759,108,135,139
2020.4.12,2967,131,173,208
2020.4.13,3286,162,183,208
2020.4.14,3614,208,189,328
2020.4.16,4126,215,200,371
2020.4.18,4335,312,217,209
2020.4.19,4680,363,226,345
2020.4.21,5044,463,245,80
2020.4.22,5300,581,260,256
2020.4.23,5543,581,265,243
2020.4.24,5749,763,267,206
2020.4.25,5926,822,273,177
2020.4.28,6416,1165,286,123
2020.4.29,6652,1228,293,236
2020.4.30,6972,1301,301,320
2020.5.1,7288,1387,313,316
2020.5.2,7578,1481,326,290
2020.5.3,7954,1606,333,376
2020.5.4,8235,1771,346,281
2020.5.5,8480,1905,354,245
2020.5.7,9095,2064,373,288
2020.5.8,9376,2286,380,281
2020.5.9,9882,2584,385,506
2020.5.10,10347,2763,388,465
2020.5.11,10634,2870,393,287
2020.5.12,10900,3221,402,266
2020.5.13,11196,3221,409,296
2020.5.14,11320,3351,422,124
2020.5.15,11739,3557,424,419
2020.5.16,12110,3726,428,371
2020.5.17,12314,5847,428,204
2020.5.18,12725,6613,434,411
2020.5.19,13223,6613,441,498
2020.5.20,13223,6613,441,0
2020.5.21,13657,7142,448,434
2020.5.22,13989,7572,456,332
2020.5.23,13989,7572,456,0
2020.5.24,14422,7854,458,433
2020.5.25,14801,8133,458,379
2020.5.26,15264,8534,468,463
2020.5.27,15723,8790,474,459
2020.5.28,15723,8790,474,0
2020.5.29,16531,9266,488,808
2020.5.30,16531,9266,488,0
2020.5.31,17285,10559,502,754
2020.6.1,17572,10893,502,287
2020.6.2,17752,11075,515,180
2020.6.3,18040,11224,516,288
2020.6.4,18319,11474,520,279
2020.6.5,18708,11736,525,389
2020.6.6,19195,11919,536,487
2020.6.7,19600,12007,538,405
2020.6.8,19600,12007,538,0
2020.6.9,20415,12208,544,815
2020.6.10,20808,12318,550,393
2020.6.11,21437,12541,561,629
2020.6.12,22008,12754,568,571
2020.6.13,22572,13084,577,564
2020.6.14,22962,13320,592,390
2020.6.15,23271,14025,605,309
2020.6.16,23686,14133,615,415
2020.6.17,24105,14216,633,419
2020.6.18,24645,14293,635,540
2020.6.19,25068,14605,647,423
2020.6.20,25778,14957,655,710
2020.6.21,26677,15138,662,899
2020.6.22,27370,15338,669,693
2020.6.23,27936,15551,675,566
2020.6.24,28631,16006,691,695
2020.6.25,29141,16223,698,510
2020.6.26,29764,16357,712,623
2020.6.27,30619,16666,718,855
2020.6.28,31373,17142,726,754
2020.6.29,31816,17280,733,443
2020.6.30,32568,17580,747,752
2020.7.1,32568,17580,747,0
2020.7.2,34197,18141,765,1629
2020.7.3,34197,18141,765,0
2020.7.4,36184,18602,786,1987
2020.7.5,36184,18602,786,0
2020.7.6,37425,18943,794,1241
2020.7.7,38430,19564,821,1005
2020.7.8,39588,20056,829,1158
2020.7.9,40790,20426,842,1202
2020.7.10,41915,20830,864,1125
2020.7.11,43114,20996,880,1199
2020.7.12,44532,21459,897,1418
2020.7.13,45506,22441,903,974
2020.7.14,46305,23134,910,799
2020.7.15,47671,23459,929,1366
2020.7.16,47671,23459,929,0
2020.7.17,50113,24423,942,2442
2020.7.18,51519,24607,971,1406
2020.7.19,52855,25094,981,1336
2020.7.20,52855,25094,981,0
2020.7.21,54797,25976,999,1942
2020.7.22,56043,26466,1005,1246
2020.7.23,56043,26466,1005,0
2020.7.24,59077,27625,1036,3034
2020.7.25,60896,27980,1055,1819
2020.7.26,62908,28603,1063,2012
2020.7.27,62908,28603,1063,0
2020.7.28,64690,32014,1101,1782
2020.7.29,66182,33947,1123,1492
2020.7.30,66182,33947,1123,0
2020.7.31,69649,36470,1160,3467
2020.8.1,69649,36470,1160,0
2020.8.2,71415,37509,1170,1766
2020.8.3,72243,38244,1178,828
2020.8.4,74295,38824,1213,2052
2020.8.5,75660,40122,1222,1365
2020.8.6,75660,40122,1222,0
2020.8.7,77709,41393,1259,2049
2020.8.8,77709,41393,1259,0
2020.8.9,78778,42538,1289,1069
2020.8.10,80499,44910,1328,1721
2020.8.11,81094,45666,1346,595
2020.8.12,82224,47095,1371,1130
2020.8.13,83134,47946,1393,910
2020.8.14,83134,47946,1393,0
2020.8.15,84488,49539,1409,1354
2020.8.16,85545,51356,1438,1057
2020.8.17,86309,52905,1453,764
2020.8.18,86737,54108,1481,428
2020.8.19,87123,55504,1489,386
2020.8.20,89010,57734,1505,1887
2020.8.21,89010,57734,1505,0
2020.8.22,90561,59949,1554,1551
2020.8.23,90561,59949,1554,0
2020.8.24,91161,60670,1567,600
2020.8.25,91608,61558,1573,447
2020.8.26,92217,62460,1585,609
2020.8.27,92964,64347,1630,747
2020.8.28,92964,64347,1630,0
2020.8.29,93390,65285,1648,426
2020.8.30,94241,66776,1681,851
2020.8.31,94241,66776,1681,0
2020.9.1,94715,68082,1710,474
2020.9.2,94979,68736,1738,264
2020.9.3,95627,69519,1765,648
2020.9.4,96629,70871,1801,1002
2020.9.5,98776,71901,1840,2147
2020.9.6,98776,71901,1840,0
2020.9.7,99333,72567,1845,557
2020.9.8,99898,73228,1864,565
2020.9.9,100131,73795,1889,233
2020.9.10,100937,74305,1914,806
2020.9.11,101716,75034,1926,779
2020.9.12,102232,75747,1941,516
2020.9.13,103092,76531,1953,860
2020.9.14,104110,77790,1984,1018
2020.9.15,104110,77790,1984,0
2020.9.16,104803,78387,1998,693
2020.9.17,105521,78891,2009,718
2020.9.18,106136,79363,2022,615
2020.9.19,106732,80179,2034,596
2020.9.20,107700,80820,2044,968
2020.9.21,108783,82274,2054,1083
2020.9.22,108783,82274,2054,0
2020.9.23,109737,83434,2074,954
2020.9.24,110122,84018,2076,385
2020.9.25,110597,84610,2087,475
2020.9.26,110597,84610,2087,0
2020.9.27,111386,85965,2095,789
2020.9.28,111666,86422,2098,280
2020.9.29,111666,86422,2098,0
2020.9.30,112209,87629,2105,543
2020.10.1,112209,87629,2105,0
2020.10.2,113350,88840,2117,1141
2020.10.3,113926,89635,2128,576
2020.10.4,114480,90366,2134,554
2020.10.5,115054,90942,2144,574
2020.10.6,115371,91569,2149,317
2020.10.7,116148,92157,2159,777
2020.10.8,116872,92567,2163,724
2020.10.9,117457,93061,2165,585
2020.10.10,118014,93627,2167,557
2020.10.11,118477,94084,2173,463
2020.10.12,118843,94532,2179,366
2020.10.13,119008,94941,2183,165
2020.10.14,119008,94941,2183,0
2020.10.15,119662,95460,2186,654
2020.10.16,120450,96883,2192,788
2020.10.17,120925,97575,2195,475
2020.10.18,121347,98207,2199,422
2020.10.19,121667,98880,2203,320
2020.10.20,121973,99271,2204,306
2020.10.21,122398,100051,2206,425
2020.10.22,122873,100920,2212,475
2020.10.23,122873,100920,2212,0
2020.10.24,124018,102353,2220,1145
2020.10.25,124527,102651,2223,509
2020.10.26,124843,103081,2225,316
2020.10.27,125008,103324,2226,165
2020.10.28,125008,103324,2226,0
2020.10.29,125913,103944,2234,905
2020.10.30,126332,104486,2236,419
2020.10.31,127018,104862,2245,686
2020.11.1,127332,105289,2249,314
2020.11.2,127591,105634,2250,259
2020.11.3,127848,105982,2252,257
2020.11.4,128278,106304,2257,430
2020.11.5,128278,106304,2257,0
2020.11.6,129300,107038,2261,1022
2020.11.7,129645,107580,2263,345
2020.11.8,129645,107580,2263,0
2020.11.9,130603,108383,2267,958
2020.11.10,130603,108383,2267,0
2020.11.11,131265,109057,2272,662
2020.11.12,131636,109135,2274,371
2020.11.13,132554,109268,2280,918
2020.11.14,133225,109590,2282,671
2020.11.15,133724,109981,2285,499
2020.11.16,134203,110381,2286,479
2020.11.17,134203,110381,2286,0
2020.11.18,134697,110761,2290,494
2020.11.19,136183,111527,2301,1486
2020.11.20,136784,111681,2306,601
2020.11.21,137770,112090,2308,986
2020.11.22,138410,112552,2310,640
2020.11.23,138829,112882,2311,419
2020.11.24,139111,113134,2313,282
2020.11.25,139396,113263,2315,285
2020.11.26,139396,113263,2315,0
2020.11.27,140922,113687,2317,1526
2020.11.28,142653,114317,2328,876
2020.11.29,143473,114818,2330,820
2020.11.30,143988,115219,2331,515
2020.12.1,144302,115530,2333,314
2020.12.2,145197,115611,2334,895
2020.12.3,146009,115992,2335,812
2020.12.4,146009,115992,2335,0
2020.12.5,147655,116329,2345,1646
2020.12.6,148453,116873,2345,798
2020.12.7,148453,116873,2345,0
2020.12.8,149630,117804,2347,1177
2020.12.9,150161,118008,2350,531
2020.12.10,151721,118770,2358,1560
2020.12.11,152452,118877,2359,731
2020.12.12,153585,119616,2360,1133
2020.12.13,154692,120481,2361,1107
2020.12.14,155184,121007,2364,492
2020.12.15,155797,121323,2367,613
2020.12.16,156585,121988,2372,788
2020.12.17,157305,122205,2375,720
2020.12.18,157929,122406,2376,624
2020.12.19,159064,123284,2382,1135
2020.12.20,160386,124276,2384,1322
2020.12.21,161052,124931,2385,666
2020.12.22,161930,125715,2398,878
2020.12.23,162496,125965,2401,566
2020.12.24,163654,126732,2404,1158
2020.12.25,165035,127106,2404,1381
2020.12.26,165940,127866,2404,905
2020.12.27,166764,128604,2404,824
2020.12.28,167405,129306,2404,641
2020.12.29,168265,129965,2405,860
2020.12.30,169579,130264,2409,1314
2020.12.31,170785,131185,2414,1206
2021.1.1,172218,131543,2416,1433
2021.1.2,172965,132282,2416,747
2021.1.3,173331,132935,2418,366
2021.1.4,173331,132935,2418,0
2021.1.5,175849,134331,2419,2518
2021.1.6,176378,134932,2419,529
2021.1.7,177493,135587,2423,1115
2021.1.8,178538,135934,2424,1045
2021.1.9,180644,137098,2424,2106
2021.1.10,182103,138076,2427,1459
2021.1.11,183282,138888,2427,1179
2021.1.12,184788,139867,2427,1506
2021.1.13,186383,140217,2428,1595
2021.1.14,187487,140524,2428,1104
2021.1.15,188969,140931,2432,1482
2021.1.16,191339,142030,2432,2370
2021.1.17,193118,143050,2437,1779
2021.1.18,194966,144208,2448,1848
2021.1.19,196591,145115,2461,1625
2021.1.20,198123,145681,2470,1532
2021.1.21,199672,146020,2482,1549
2021.1.22,201145,146491,2496,1473
2021.1.23,202507,147147,2513,1362
2021.1.24,202507,147147,2513,0
2021.1.25,205162,148922,2545,2655
2021.1.26,206305,149812,2564,1143
2021.1.27,207455,150804,2579,1150
2021.1.28,208610,151703,2603,1155
2021.1.29,210412,154145,2626,1802
2021.1.30,212553,155867,2646,2141
2021.1.31,214060,157533,2666,1507
2021.2.1,215086,158775,2688,1026
2021.2.2,215920,159606,2704,834
2021.2.3,217277,160364,2719,1357
2021.2.4,218948,162810,2747,1671
2021.2.5,220426,164033,2773,1478
2021.2.6,222148,165659,2801,1722
2021.2.7,223398,167214,2831,1250
2021.2.8,224119,168627,2843,721
2021.2.9,224538,169843,2864,419
2021.2.10,225472,171186,2883,934
2021.2.11,226714,172562,2904,1242
2021.2.12,227764,173882,2917,1050
2021.2.13,228895,175329,2932,1131
2021.2.14,229768,176788,2944,873
2021.2.15,229768,176788,2944,0
2021.2.16,231095,179097,2975,1327
2021.2.17,231737,180170,2990,642
2021.2.18,232780,181402,3007,1043
2021.2.19,233598,182603,3024,818
2021.2.20,234502,183720,3028,904
2021.2.21,235462,185154,3038,960
2021.2.22,235882,185964,3048,420
2021.2.23,236210,186703,3057,328
2021.2.24,236883,187422,3066,673
2021.2.25,237629,188300,3075,746
2021.2.26,238205,189163,3082,576
2021.2.27,239009,190295,3093,804
2021.2.28,239617,191338,3100,608
2021.3.1,239998,192078,3106,381
2021.3.2,240201,192651,3118,203
2021.3.3,240773,193433,3130,572
2021.3.4,241392,194653,3139,619
2021.3.5,242087,195594,3150,695
2021.3.6,242660,196484,3162,573
2021.3.7,243247,197622,3172,587
2021.3.8,243526,198386,3179,279
2021.3.9,243778,198947,3191,252
2021.3.10,243778,198947,3191,0
2021.3.11,244923,200284,3204,1145
2021.3.12,245452,200922,3213,529
2021.3.13,245452,200922,3213,0
2021.3.14,246045,202062,3222,593
2021.3.15,246299,202547,3226,254
2021.3.16,246299,202547,3226,0
2021.3.17,247364,203656,3248,1065
2021.3.18,247979,204188,3257,615
2021.3.19,248502,204735,3262,523
2021.3.20,248989,205172,3269,487
2021.3.21,249463,205697,3272,474
2021.3.22,249776,206293,3275,313
2021.3.23,250177,206736,3283,401
2021.3.24,250579,209586,3289,402
2021.3.25,250968,210042,3295,389
2021.3.26,251332,210396,3298,364
2021.3.27,251582,210551,3302,250
2021.3.28,251983,211044,3304,401
2021.3.29,252182,211409,3307,199
2021.3.30,252384,211744,3317,202
2021.3.31,252727,212156,3325,343
2021.4.1,253196,212818,3330,469
2021.4.2,253196,212818,3330,0
2021.4.3,254136,213725,3341,940
2021.4.4,254295,214177,3346,159
2021.4.5,254435,214512,3351,140
2021.4.6,254435,214512,3351,0
2021.4.7,254937,214943,3369,502
2021.4.8,256031,215405,3378,1094
2021.4.9,256563,215726,3382,532
2021.4.10,257186,216020,3385,623
2021.4.11,257186,216020,3385,0
2021.4.12,258039,216780,3392,853
2021.4.13,258637,217008,3397,598
2021.4.14,259260,217286,3402,623
2021.4.15,259639,217613,3405,379
2021.4.16,260133,218010,3410,494
2021.4.17,260133,218010,3410,0
2021.4.18,261129,218724,3418,996
2021.4.19,261129,218724,3418,0
2021.4.20,261848,219262,3426,719
