date,累计确诊,治愈,死亡,新增确诊
2020.3.22,3244,9,16,580
2020.3.28,8271,225,68,574
2020.3.29,8536,479,86,526
2020.3.30,9377,646,108,841
2020.4.7,12721,4046,243,342
2020.4.8,12942,4512,273,303
2020.4.9,13244,5240,295,302
2020.4.10,13561,6064,319,1
2020.4.11,13806,6604,337,337
2020.4.12,13945,6987,350,169
2020.4.13,14041,7343,368,96
2020.4.14,14266,7633,384,185
2020.4.15,14336,8098,393,110
2020.4.16,14476,8986,410,126
2020.4.17,14586,9704,431,110
2020.4.18,14675,10501,443,4
2020.4.19,14749,10501,452,78
2020.4.20,14873,10971,491,17
2020.4.21,14925,11328,510,52
2020.4.22,14940,11694,510,15
2020.4.23,15071,11872,522,69
2020.4.24,15148,12103,536,77
2020.4.25,15225,12282,542,77
2020.4.26,15274,12362,549,49
2020.4.27,15357,12580,569,83
2020.4.28,15402,12779,580,45
2020.4.29,15452,12907,584,50
2020.4.30,15561,13110,589,109
2020.5.1,15561,13110,596,27
2020.5.2,15597,13228,598,39
2020.5.3,15597,13316,600,39
2020.5.4,15650,13462,606,29
2020.5.5,15684,13639,608,34
2020.5.6,15752,13698,609,68
2020.5.7,15774,13836,614,22
2020.5.8,15833,13928,615,59
2020.5.9,15871,13991,618,38
2020.5.10,15882,14061,620,38
2020.5.11,15961,14148,623,79
2020.5.12,15997,14304,624,3
2020.5.13,16058,14405,626,61
2020.5.14,16108,14471,628,50
2020.5.15,16201,14524,629,92
2020.5.16,16242,14563,629,41
2020.5.17,16269,14614,629,27
2020.5.18,16269,14614,629,0
2020.5.19,16321,14678,632,52
2020.5.20,16353,14882,633,32
2020.5.21,16404,14951,633,51
2020.5.22,16436,15005,635,32
2020.5.23,16486,15037,639,50
2020.5.24,16503,15063,640,17
2020.5.25,16539,15138,641,36
2020.5.26,16557,15182,643,18
2020.5.27,16591,15228,645,34
2020.5.28,16628,15286,668,37
2020.5.29,16655,15347,668,27
2020.5.30,16685,15520,668,30
2020.5.31,16731,15593,668,46
2020.6.1,16733,15596,668,2
2020.6.2,16759,15629,669,26
2020.6.3,16771,15672,670,12
2020.6.4,16805,15717,670,34
2020.6.5,16843,15742,672,38
2020.6.6,16898,15789,672,55
2020.6.7,16898,15789,672,0
2020.6.8,16968,15839,672,70
2020.6.9,16979,15875,672,11
2020.6.10,17005,15910,673,26
2020.6.11,17034,15949,674,29
2020.6.12,17064,15985,675,30
2020.6.13,17078,16012,677,14
2020.6.14,17109,16059,677,31
2020.6.15,17135,16066,678,26
2020.6.16,17189,16089,681,54
2020.6.17,17203,16099,687,14
2020.6.18,17223,16101,688,20
2020.6.19,17271,16141,688,48
2020.6.20,17323,16175,688,52
2020.6.21,17341,16197,690,18
2020.6.22,17380,16241,690,39
2020.6.23,17408,16261,693,28
2020.6.24,17449,16282,693,41
2020.6.25,17477,16320,698,28
2020.6.26,17522,16348,698,45
2020.6.27,17580,16371,700,58
2020.6.28,17654,16401,702,74
2020.6.29,17723,16420,703,69
2020.6.30,17766,16478,705,43
2020.7.1,17873,16491,705,107
2020.7.2,17941,16514,705,68
2020.7.3,18050,16558,705,109
2020.7.4,18165,16607,705,115
2020.7.5,18280,16615,706,115
2020.7.6,18365,16647,706,85
2020.7.7,18421,16686,706,56
2020.7.8,18513,16721,706,92
2020.7.9,18615,16758,706,102
2020.7.10,18709,16808,706,94
2020.7.11,18783,16864,706,74
2020.7.12,18897,16952,708,114
2020.7.13,18948,17000,708,51
2020.7.14,19021,17073,709,73
2020.7.15,19154,17175,710,133
2020.7.16,19270,17244,711,116
2020.7.17,19439,17335,711,169
2020.7.18,19573,17501,711,134
2020.7.19,19655,17599,711,82
2020.7.20,19743,17659,711,88
2020.7.21,19827,17716,710,84
2020.7.22,19929,17849,711,102
2020.7.23,20099,17943,711,170
2020.7.24,20214,18042,711,115
2020.7.25,20338,18124,712,124
2020.7.26,20472,18209,712,134
2020.7.27,20558,18246,713,86
2020.7.28,20677,18379,713,119
2020.7.29,20850,18528,716,173
2020.7.30,20955,18628,718,105
2020.7.31,21130,18758,718,175
2020.8.1,21212,18911,718,82
2020.8.2,21304,18984,718,92
2020.8.3,21385,19063,718,81
2020.8.4,21481,19336,719,96
2020.8.5,21566,19464,719,85
2020.8.6,21696,19596,719,130
2020.8.7,21837,19690,720,141
2020.8.8,21919,19812,721,82
2020.8.9,22033,19923,721,114
2020.8.10,22106,20010,723,73
2020.8.11,22245,20123,723,139
2020.8.12,22439,20268,724,194
2020.8.13,22594,20346,725,155
2020.8.14,22876,20499,725,282
2020.8.15,23179,20627,728,303
2020.8.16,23370,20681,728,191
2020.8.17,23534,20765,729,164
2020.8.18,23829,20870,729,295
2020.8.19,24084,20958,729,255
2020.8.20,24431,21093,729,347
2020.8.21,24762,21260,730,331
2020.8.22,25062,21406,732,300
2020.8.23,25253,21558,732,191
2020.8.24,25495,21657,733,242
2020.8.25,25706,21888,733,211
2020.8.26,26033,22145,733,327
2020.8.27,26361,22317,733,328
2020.8.28,26590,22594,733,229
2020.8.29,26985,22866,733,395
2020.8.30,27166,23070,733,181
2020.8.31,27438,23226,733,272
2020.9.1,27642,23565,734,204
2020.9.2,27969,23820,734,327
2020.9.3,28372,24171,735,403
2020.9.4,28729,24513,735,357
2020.9.5,29087,24828,735,358
2020.9.6,29271,25043,736,184
2020.9.7,29561,25300,746,290
2020.9.8,30081,25629,747,520
2020.9.9,30583,25764,747,502
2020.9.10,31247,26043,748,664
2020.9.11,31827,26257,750,580
2020.9.12,32696,26579,754,869
2020.9.13,33159,26760,756,463
2020.9.14,33541,27010,757,382
2020.9.15,34305,27354,757,764
2020.9.16,35073,27655,758,768
2020.9.17,35853,28044,758,780
2020.9.18,36661,28451,763,808
2020.9.19,37474,28961,765,813
2020.9.20,38095,29229,766,621
2020.9.21,38658,29516,767,563
2020.9.22,39303,30312,771,645
2020.9.23,39984,30949,777,681
2020.9.24,40816,31661,783,832
2020.9.25,41500,32301,786,684
2020.9.26,42214,33154,787,714
2020.9.27,42876,33589,787,662
2020.9.28,43432,34052,790,556
2020.9.29,44041,34916,796,609
2020.9.30,44813,35644,799,772
2020.10.1,45686,36476,802,873
2020.10.2,46374,37186,803,688
2020.10.3,47432,38045,809,1058
2020.10.4,48146,38629,813,714
2020.10.5,48896,39058,818,750
2020.10.6,49819,39790,822,923
2020.10.7,50848,40499,830,1029
2020.10.8,52057,41289,838,1209
2020.10.9,53188,42039,842,1131
2020.10.10,54423,42829,852,1235
2020.10.11,55319,43448,851,896
2020.10.12,56298,44065,855,979
2020.10.13,57326,44949,861,1028
2020.10.14,58672,45846,872,1346
2020.10.15,60224,46798,877,1552
2020.10.16,61387,47618,882,1163
2020.10.17,63134,48771,889,1747
2020.10.18,64806,49561,893,1672
2020.10.19,65927,50359,904,1121
2020.10.20,67451,51407,914,1524
2020.10.21,69409,52617,925,1958
2020.10.22,71844,53970,941,2435
2020.10.23,74415,55195,954,2571
2020.10.24,78029,56791,965,3614
2020.10.25,80811,57858,979,2782
2020.10.26,83267,59036,992,2456
2020.10.27,86102,60308,1005,2835
2020.10.28,89496,61684,1027,3394
2020.10.29,93949,63366,1056,4453
2020.10.30,99576,64987,1082,5627
2020.10.31,104925,67226,1109,5349
2020.11.1,109881,69336,1130,4956
2020.11.2,114016,71691,1159,4135
2020.11.3,118198,74292,1192,4182
2020.11.4,125099,77036,1227,6901
2020.11.5,132515,80604,1268,7416
2020.11.6,138979,83707,1340,6464
2020.11.7,147220,88273,1377,8241
2020.11.8,153153,91719,1411,5933
2020.11.9,158746,94627,1454,5593
2020.11.10,158746,94627,1454,0
2020.11.11,172380,103759,1564,13634
2020.11.12,181642,107875,1608,9262
2020.11.13,191228,112728,1661,9586
2020.11.14,198291,119415,1746,7063
2020.11.15,203956,125674,1829,5665
2020.11.16,208613,129671,1887,4657
2020.11.17,214597,136487,1945,5984
2020.11.18,221688,142738,2054,7091
2020.11.19,228683,149541,2116,6995
2020.11.20,235351,156483,2224,6668
2020.11.21,241962,162751,2328,6611
2020.11.22,247188,169260,2388,5226
2020.11.23,250333,175527,2459,3145
2020.11.24,254710,182620,2577,4377
2020.11.25,260512,189059,2667,5802
2020.11.26,260512,189059,2667,0
2020.11.27,266038,196342,2773,5526
2020.11.28,275661,210697,3018,4669
2020.11.29,279708,216998,3105,4047
2020.11.30,282456,221692,3184,2748
2020.12.1,285489,227497,3325,3033
2020.12.2,289461,233657,3446,3972
2020.12.3,293430,238127,3538,3969
2020.12.4,297245,243775,3651,3815
2020.12.5,300689,249441,3757,3444
2020.12.6,303430,252765,3840,2741
2020.12.7,305693,256811,3897,2263
2020.12.8,308070,262314,4002,2377
2020.12.9,311002,265815,4056,2932
2020.12.10,313688,269665,4163,2686
2020.12.11,316581,273503,4289,2893
2020.12.12,319822,277883,4415,3241
2020.12.13,322463,281106,4473,2641
2020.12.14,325051,284174,4530,2588
2020.12.15,327679,287750,4648,2628
2020.12.16,330343,291042,4764,2664
2020.12.17,332828,294315,4982,2485
2020.12.18,334913,297424,5127,2085
2020.12.19,337209,300611,5209,2296
2020.12.20,338854,303213,5351,1645
2020.12.21,340373,305658,5435,1519
2020.12.22,342226,309595,5540,1853
2020.12.23,344357,312921,5654,2131
2020.12.24,347204,315952,5745,2847
2020.12.25,349055,318154,5783,1851
2020.12.26,350484,320753,5843,1429
2020.12.27,353484,326768,5931,3000
2020.12.28,353484,326768,5931,0
2020.12.29,355352,328974,6059,1868
2020.12.30,357902,330990,6149,2550
2020.12.31,360815,332952,6222,2913
2021.1.1,362911,334901,6261,2096
2021.1.2,364302,336922,6275,1391
2021.1.3,365768,338831,6324,1466
2021.1.4,367410,340273,6357,1642
2021.1.5,369721,343039,6457,2311
2021.1.6,372190,344974,6525,2469
2021.1.7,374730,346901,6568,2540
2021.1.8,376793,349215,6641,2063
2021.1.9,379071,351382,6687,2278
2021.1.10,380722,353749,6723,1651
2021.1.11,382258,355530,6747,1536
2021.1.12,383833,357562,6819,1575
2021.1.13,385750,359692,6868,1917
2021.1.14,389260,362931,6921,3510
2021.1.15,390788,365214,6987,1528
2021.1.16,392511,367785,7053,1723
2021.1.17,393778,369218,7082,1267
2021.1.18,394939,370865,7122,1161
2021.1.19,396425,373090,7199,1486
2021.1.20,398096,374824,7237,1671
2021.1.21,399798,376360,7288,1702
2021.1.22,401886,378408,7330,2088
2021.1.23,403512,380248,7389,1626
2021.1.24,404714,381654,7418,1202
2021.1.25,405723,383200,7451,1009
2021.1.26,407140,384926,7515,1417
2021.1.27,408781,386351,7564,1641
2021.1.28,410230,387787,7607,1449
2021.1.29,411730,389476,7658,1500
2021.1.30,413208,391076,7703,1478
2021.1.31,414398,392497,7721,1190
2021.2.1,415522,393747,7778,1124
2021.2.2,416763,395316,7847,1241
2021.2.3,418283,396709,7902,1520
2021.2.4,419801,397910,7936,1518
2021.2.5,421189,399329,7973,1388
2021.2.6,422522,400851,7994,1333
2021.2.7,423839,402053,8012,1317
2021.2.8,424896,403302,8032,1057
2021.2.9,426093,404676,8071,1197
2021.2.10,427562,405921,8114,1469
2021.2.11,429139,407155,8138,1577
2021.2.12,430870,408426,8170,1731
2021.2.13,432303,409877,8195,1433
2021.2.14,433487,411199,8211,1184
2021.2.15,434712,412457,8221,1225
2021.2.16,436139,413908,8260,1427
2021.2.17,437874,415221,8290,1735
2021.2.18,439841,416431,8312,1967
2021.2.19,441659,417654,8348,1818
2021.2.20,443536,419283,8368,1877
2021.2.21,445374,420509,8386,1838
2021.2.22,446644,421811,8397,1270
2021.2.23,448371,423014,8434,1727
2021.2.24,450376,424348,8470,2005
2021.2.25,452767,425786,8493,2391
2021.2.26,454860,427257,8515,2093
2021.2.27,457317,428904,8538,2457
2021.2.28,459440,430415,8561,2123
2021.3.1,460849,432016,8574,1409
2021.3.2,462769,433873,8605,1920
2021.3.3,465322,435669,8625,2553
2021.3.4,467646,437202,8652,2324
2021.3.5,470314,439101,8669,2668
2021.3.6,472871,441309,8694,2557
2021.3.7,475070,443152,8713,2199
2021.3.8,476980,445032,8732,1910
2021.3.9,479391,447041,8757,2411
2021.3.10,481919,449053,8776,2528
2021.3.11,484916,450862,8798,2997
2021.3.12,488042,453078,8831,3126
2021.3.13,491065,455271,8856,3023
2021.3.14,493568,457266,8873,2503
2021.3.15,495464,459288,8892,1896
2021.3.16,497889,461659,8925,2425
2021.3.17,501224,463714,8956,3335
2021.3.18,504581,465984,8982,3357
2021.3.19,508096,468275,9024,3515
2021.3.20,511440,470684,9052,3344
2021.3.21,514153,473357,9074,2713
2021.3.22,516565,475227,9089,2412
2021.3.23,519980,477940,9121,3415
2021.3.24,523269,480597,9151,3289
2021.3.25,526393,483460,9178,3124
2021.3.26,530288,486088,9200,3895
2021.3.27,533786,488964,9231,3498
2021.3.28,536465,491619,9256,2679
2021.3.29,539541,494377,9275,3076
2021.3.30,542542,497816,9308,3001
2021.3.31,546229,501116,9339,3687
2021.4.1,549592,503729,9368,3363
2021.4.2,552729,506675,9397,3137
2021.4.3,556012,509550,9434,3283
2021.4.4,558755,512642,9449,2743
2021.4.5,558755,512642,9449,0
2021.4.6,562907,519202,9517,4152
2021.4.7,566008,522774,9546,3101
2021.4.8,568914,525682,9586,2906
2021.4.9,571616,529191,9624,2702
2021.4.10,574755,532539,9662,3139
2021.4.11,577007,535798,9687,2252
2021.4.12,578950,538609,9706,1943
2021.4.13,581263,541786,9748,2313
2021.4.14,584205,544989,9779,2942
2021.4.15,586883,547604,9813,2678
2021.4.16,589299,550470,9843,2416
2021.4.17,591347,552619,9870,2048
2021.4.18,593423,555218,9898,2076
2021.4.19,595540,557467,9922,2117
2021.4.20,597566,560492,9959,2026
