date,累计确诊,治愈,死亡,新增确诊
2020.4.8,167,65,9,1
2020.4.9,171,84,9,4
2020.4.10,175,84,9,4
2020.4.11,175,93,9,4
2020.4.12,181,93,9,6
2020.4.13,189,110,9,6
2020.4.14,193,111,9,4
2020.4.16,204,111,9,7
2020.4.17,227,113,9,23
2020.4.19,256,117,9,29
2020.4.20,285,117,10,29
2020.4.21,288,122,10,3
2020.4.22,298,122,10,10
2020.4.23,311,126,10,13
2020.4.24,318,132,10,7
2020.4.25,323,132,10,5
2020.4.26,325,137,10,2
2020.4.27,329,142,10,4
2020.4.30,333,142,10,2
2020.5.2,345,148,10,10
2020.5.5,367,164,10,6
2020.5.6,379,176,10,12
2020.5.7,381,185,10,2
2020.5.8,388,190,10,7
2020.5.12,423,220,10,1
2020.5.15,459,229,10,15
2020.5.16,504,232,10,45
2020.5.17,541,241,10,37
2020.5.18,541,241,10,0
2020.5.19,618,253,10,77
2020.5.20,749,253,10,131
2020.5.21,824,262,10,75
2020.5.22,882,262,10,58
2020.5.23,944,262,10,62
2020.5.24,1010,262,10,66
2020.5.25,1121,262,10,111
2020.5.26,1177,302,10,56
2020.5.27,1211,302,11,34
2020.5.28,1245,302,11,34
2020.5.29,1325,302,11,80
2020.5.30,1370,302,14,45
2020.5.31,1459,302,14,89
2020.6.1,1510,302,14,51
2020.6.2,1662,302,17,152
2020.6.3,1819,334,18,157
2020.6.4,1952,334,20,133
2020.6.5,2087,334,20,135
2020.6.6,2145,334,20,58
2020.6.7,2316,385,22,171
2020.6.8,2377,487,22,61
2020.6.9,2473,487,22,96
2020.6.10,2632,487,23,159
2020.6.11,2738,487,23,106
2020.6.12,2814,487,23,76
2020.6.13,2879,487,23,65
2020.6.14,2904,487,24,25
2020.6.15,2978,835,25,74
2020.6.16,3062,835,26,84
2020.6.17,3150,835,27,88
2020.6.18,3386,835,28,236
2020.6.19,3483,835,28,97
2020.6.20,3591,835,30,108
2020.6.21,3789,835,33,198
2020.6.22,3917,835,33,128
2020.6.23,4048,1327,35,131
2020.6.24,4187,1327,35,139
2020.6.25,4366,1327,38,179
2020.6.26,4563,1327,39,197
2020.6.27,4779,1327,41,216
2020.6.28,5130,1327,42,351
2020.6.29,5297,1649,44,167
2020.6.30,5530,1649,48,233
2020.7.1,5832,1649,51,302
2020.7.2,6062,1649,54,230
2020.7.3,6273,2100,57,211
2020.7.4,6537,2100,59,264
2020.7.5,6750,2100,62,213
2020.7.6,7169,2100,65,419
2020.7.7,7411,2100,68,242
2020.7.8,7693,2100,71,282
2020.7.9,8008,2100,75,315
2020.7.10,8372,2544,80,364
2020.7.11,8803,2671,83,431
2020.7.12,9178,2671,85,375
2020.7.13,9465,2671,89,287
2020.7.14,9707,2671,93,242
2020.7.15,10010,2671,96,303
2020.7.16,10428,3050,100,418
2020.7.17,10854,3255,104,426
2020.7.18,11191,3852,107,337
2020.7.19,11483,3972,110,292
2020.7.20,11891,3972,112,408
2020.7.21,12334,6844,116,443
2020.7.22,12774,6983,120,440
2020.7.23,13164,7471,124,390
2020.7.24,13613,7752,129,449
2020.7.25,14263,8127,134,650
2020.7.26,14929,8795,138,666
2020.7.27,15463,9746,142,534
2020.7.28,15988,9959,146,525
2020.7.29,16571,10195,151,583
2020.7.30,17158,10421,154,587
2020.7.31,17859,10421,158,701
2020.8.1,18574,10421,164,715
2020.8.2,19443,11129,169,869
2020.8.3,20206,11404,174,763
2020.8.4,20754,11622,180,548
2020.8.5,21438,11875,187,684
2020.8.6,22299,12146,195,861
2020.8.7,23280,12470,202,981
2020.8.8,24166,12470,208,886
2020.8.9,24961,13356,215,795
2020.8.10,25805,13356,223,844
2020.8.11,26800,16930,229,995
2020.8.12,27938,19706,238,1138
2020.8.13,29088,21042,247,1150
2020.8.14,30369,21385,259,1281
2020.8.15,31381,21580,266,1012
2020.8.16,32607,21747,276,1226
2020.8.17,33755,22700,281,1148
2020.8.18,34802,23575,288,1047
2020.8.19,35697,24561,297,895
2020.8.20,36868,25416,303,1171
2020.8.21,37567,26330,311,699
2020.8.22,38219,27306,317,652
2020.8.23,38957,28453,323,738
2020.8.24,39564,29966,329,607
2020.8.25,40338,31080,337,774
2020.8.26,41158,32015,343,820
2020.8.27,41965,32931,351,807
2020.8.28,42898,34147,358,933
2020.8.29,43879,34972,366,981
2020.8.30,44946,36175,375,1067
2020.8.31,45868,37091,381,922
2020.9.1,46728,38112,386,860
2020.9.2,47756,39027,391,1028
2020.9.3,48883,39912,398,1127
2020.9.4,49877,40574,402,994
2020.9.5,50973,41249,412,1096
2020.9.6,52165,42006,420,1192
2020.9.7,53289,42006,428,1124
2020.9.8,54350,43753,436,1061
2020.9.9,55563,44435,444,1213
2020.9.10,56751,45318,452,1188
2020.9.11,57823,46125,460,1072
2020.9.12,58663,46960,468,840
2020.9.13,59630,47729,477,967
2020.9.14,60540,48644,485,910
2020.9.15,61569,49371,494,1029
2020.9.16,62655,50361,502,1086
2020.9.17,63416,51274,511,761
2020.9.18,64284,52564,520,868
2020.9.19,65174,54218,530,890
2020.9.20,65949,55155,539,775
2020.9.21,66656,56096,547,707
2020.9.22,67443,56726,555,787
2020.9.23,68453,57774,564,1010
2020.9.24,69439,58759,574,986
2020.9.25,70406,59745,581,967
2020.9.26,71273,60709,591,867
2020.9.27,71940,61528,600,667
2020.9.28,72691,62427,606,751
2020.9.29,73528,63346,614,837
2020.9.30,74363,64200,621,835
2020.10.1,75122,65225,628,759
2020.10.2,76029,66245,635,907
2020.10.3,76820,67216,643,791
2020.10.4,77646,68098,649,826
2020.10.5,78434,68917,653,788
2020.10.6,79117,69832,658,683
2020.10.7,79796,70719,665,679
2020.10.8,80404,71531,671,608
2020.10.9,81019,72196,678,615
2020.10.10,81696,73020,684,677
2020.10.11,82453,73919,691,757
2020.10.12,83137,74664,697,684
2020.10.13,83756,75400,704,619
2020.10.14,84391,76262,710,635
2020.10.15,85005,76886,714,614
2020.10.16,85469,77689,720,464
2020.10.17,85758,78294,725,289
2020.10.18,86289,78847,731,531
2020.10.19,86636,79694,736,347
2020.10.20,87161,80316,741,525
2020.10.21,87644,80316,747,483
2020.10.22,88035,81626,753,391
2020.10.23,88416,82284,759,381
2020.10.24,88718,82899,764,302
2020.10.25,89142,83443,770,424
2020.10.26,89565,83947,773,423
2020.10.27,90047,84444,777,482
2020.10.28,90400,84907,780,353
2020.10.29,90876,85402,784,476
2020.10.30,91280,85897,789,404
2020.10.31,91589,86335,793,309
2020.11.1,92013,86773,798,424
2020.11.2,92325,87156,801,312
2020.11.3,92705,87547,806,380
2020.11.4,93100,87941,810,395
2020.11.5,93480,88326,814,380
2020.11.6,93921,88701,819,441
2020.11.7,94305,89099,821,384
2020.11.8,94698,89502,824,393
2020.11.9,94883,89755,826,185
2020.11.10,95149,90054,830,266
2020.11.11,95445,90359,834,296
2020.11.12,95750,90743,838,305
2020.11.13,96140,91141,841,390
2020.11.14,96441,91452,844,301
2020.11.15,96933,91948,848,492
2020.11.16,97352,92373,851,419
2020.11.17,97739,92767,855,387
2020.11.18,98050,93084,858,311
2020.11.19,98350,93390,860,300
2020.11.20,98665,93691,863,315
2020.11.21,99017,94046,866,352
2020.11.22,99435,94355,869,418
2020.11.23,99835,94355,871,400
2020.11.24,100143,94985,873,308
2020.11.25,100498,95344,876,355
2020.11.26,100817,95669,880,319
2020.11.27,101215,96072,884,398
2020.11.28,101524,96402,888,309
2020.11.29,101760,96652,892,236
2020.11.30,102394,97326,897,280
2020.12.1,102394,97326,897,0
2020.12.2,102621,97562,901,227
2020.12.3,103067,98030,905,446
2020.12.4,103548,98521,909,481
2020.12.5,103877,98879,913,329
2020.12.6,104177,98879,916,300
2020.12.7,104442,99494,919,265
2020.12.8,104904,99982,924,462
2020.12.9,105384,100476,928,480
2020.12.10,105852,100952,933,468
2020.12.11,106280,101384,938,428
2020.12.12,106715,101823,944,435
2020.12.13,107177,102289,949,462
2020.12.14,107786,102289,954,609
2020.12.15,108125,103037,960,339
2020.12.16,108480,103271,965,355
2020.12.17,108717,103492,970,237
2020.12.18,109081,103741,975,364
2020.12.19,109395,103975,979,314
2020.12.20,109781,104208,984,386
2020.12.21,110075,104462,988,294
2020.12.22,110513,104799,993,438
2020.12.23,110828,104799,997,315
2020.12.24,111024,105249,1002,196
2020.12.25,111245,105479,1006,221
2020.12.26,111603,105804,1010,358
2020.12.27,112316,106453,1014,713
2020.12.28,112316,106453,1014,0
2020.12.29,112636,106737,1018,320
2020.12.30,112861,106958,1021,225
2020.12.31,113121,107203,1025,260
2021.1.1,113558,107583,1028,437
2021.1.2,113884,107901,1030,326
2021.1.3,114083,108086,1032,199
2021.1.4,114230,108268,1034,147
2021.1.5,114407,108468,1038,177
2021.1.6,114662,108732,1042,255
2021.1.7,114908,108966,1047,246
2021.1.8,115322,109364,1052,414
2021.1.9,115667,109684,1056,345
2021.1.10,116172,110126,1061,505
2021.1.11,116610,110126,1061,438
2021.1.12,116983,110873,1073,373
2021.1.13,117299,111175,1078,316
2021.1.14,117811,111616,1084,512
2021.1.15,118415,111999,1090,604
2021.1.16,118856,112320,1095,441
2021.1.17,119306,112622,1101,450
2021.1.18,119803,113002,1106,497
2021.1.19,120444,113328,1112,641
2021.1.20,121117,113652,1116,673
2021.1.21,121691,113982,1122,574
2021.1.22,122260,114299,1129,569
2021.1.23,122795,114925,1136,535
2021.1.24,123245,115426,1142,450
2021.1.25,123709,115426,1148,464
2021.1.26,124112,116365,1154,403
2021.1.27,124525,116785,1159,413
2021.1.28,124958,117115,1165,433
2021.1.29,125364,117447,1171,406
2021.1.30,125776,117867,1177,412
2021.1.31,126323,118385,1183,547
2021.2.1,126927,118887,1189,604
2021.2.2,127346,119291,1196,419
2021.2.3,127752,119677,1202,406
2021.2.4,128315,120204,1209,563
2021.2.5,128775,120644,1216,460
2021.2.6,129231,121094,1223,456
2021.2.7,129643,121569,1228,412
2021.2.8,130116,122081,1233,473
2021.2.9,130596,122531,1240,480
2021.2.10,131096,122991,1247,500
2021.2.11,131476,123411,1253,380
2021.2.12,131828,123811,1260,352
2021.2.13,132259,124253,1267,431
2021.2.14,132743,124734,1273,484
2021.2.15,133218,125179,1279,475
2021.2.16,133577,125565,1285,359
2021.2.17,133927,125924,1292,350
2021.2.18,134319,126342,1297,392
2021.2.19,134781,126792,1303,462
2021.2.20,135114,127143,1308,333
2021.2.21,135603,127598,1312,489
2021.2.22,136068,128088,1316,465
2021.2.23,136545,128579,1320,477
2021.2.24,136986,129027,1325,441
2021.2.25,137445,129487,1331,459
2021.2.26,137871,129927,1334,426
2021.2.27,138295,130379,1338,424
2021.2.28,138739,130834,1341,444
2021.3.1,139116,130834,1344,377
2021.3.2,139545,131647,1348,429
2021.3.3,139934,132052,1353,389
2021.3.4,140383,132503,1358,449
2021.3.5,140960,133034,1364,577
2021.3.6,141356,133454,1371,396
2021.3.7,141885,133934,1378,529
2021.3.8,142338,134394,1384,453
2021.3.9,142774,134839,1391,436
2021.3.10,143321,135389,1399,547
2021.3.11,143796,135869,1407,475
2021.3.12,144277,136269,1415,481
2021.3.13,144786,136710,1422,509
2021.3.14,145379,137141,1430,593
2021.3.15,145379,137141,1430,0
2021.3.16,146488,137948,1444,1109
2021.3.17,147028,138411,1451,540
2021.3.18,147577,138841,1459,549
2021.3.19,148208,139314,1467,631
2021.3.20,149145,139731,1475,937
2021.3.21,150306,140239,1483,1161
2021.3.22,151123,140758,1493,817
2021.3.23,151894,141260,1502,771
2021.3.24,152508,141260,1511,614
2021.3.25,153315,142381,1521,807
2021.3.26,154165,142909,1532,850
2021.3.27,154905,143468,1543,740
2021.3.28,155663,144229,1555,758
2021.3.29,156655,145293,1565,992
2021.3.30,157943,146196,1577,1288
2021.3.31,159149,147163,1589,1206
2021.4.1,160497,147846,1602,1348
2021.4.2,161751,148656,1615,1254
2021.4.3,162730,149459,1629,979
2021.4.4,164337,150374,1647,1607
2021.4.5,166123,150374,1662,1786
2021.4.6,167548,152201,1678,1425
2021.4.7,169074,153063,1693,1526
2021.4.8,170189,154023,1705,1115
2021.4.9,171373,154811,1720,1184
2021.4.10,172461,155662,1739,1088
2021.4.11,173786,156472,1759,1325
2021.4.12,174887,157486,1778,1101
2021.4.13,175812,158399,1795,925
2021.4.14,176972,159547,1815,1160
2021.4.15,178094,160620,1834,1122
2021.4.16,179365,161820,1853,1271
2021.4.17,180609,162936,1870,1244
2021.4.18,181903,164530,1888,1294
2021.4.19,183190,165959,1905,1287
2021.4.20,184595,166826,1925,1405
