date,累计确诊,治愈,死亡,新增确诊
2020.4.7,218,33,20,54
2020.4.8,330,33,21,112
2020.4.9,424,33,27,94
2020.4.12,803,42,39,182
2020.4.13,1012,42,46,182
2020.4.14,1231,49,50,219
2020.4.15,1572,49,60,341
2020.4.16,1838,58,75,266
2020.4.17,2144,66,84,306
2020.4.18,2456,75,91,312
2020.4.19,2948,85,101,492
2020.4.20,3382,87,110,434
2020.4.21,3772,92,120,390
2020.4.22,4186,108,127,414
2020.4.23,4689,112,131,503
2020.4.24,4998,112,140,309
2020.4.25,5416,122,145,418
2020.4.26,5913,131,152,497
2020.4.27,6462,139,155,549
2020.4.28,7103,150,163,641
2020.4.29,7667,160,168,564
2020.4.30,8238,174,170,571
2020.5.1,8790,177,175,552
2020.5.2,9455,177,177,665
2020.5.3,10143,1209,182,665
2020.5.4,10929,1403,183,786
2020.5.5,11719,1403,186,790
2020.5.6,12425,1910,186,706
2020.5.7,13134,1910,206,709
2020.5.8,13770,2414,214,636
2020.5.9,14657,2414,228,887
2020.5.10,15691,2902,239,1034
2020.5.11,16660,3147,250,969
2020.5.12,17822,3361,269,1162
2020.5.13,18863,3361,283,1041
2020.5.14,20065,3882,298,1202
2020.5.15,20995,4117,314,930
2020.5.16,22268,4373,328,1273
2020.5.17,23870,4585,349,1602
2020.5.18,23870,4585,349,0
2020.5.19,25121,4993,370,1251
2020.5.20,26738,5207,386,1617
2020.5.21,28511,5602,408,1773
2020.5.22,30205,6190,432,1694
2020.5.23,32078,6486,452,1873
2020.5.24,33610,6901,480,1532
2020.5.25,35585,7334,501,1975
2020.5.26,36751,7579,522,1166
2020.5.27,38292,7925,544,1541
2020.5.28,40321,8425,559,2029
2020.5.29,42844,9015,582,2523
2020.5.30,44608,9375,610,1764
2020.5.31,47153,9781,650,2545
2020.6.1,49534,10597,672,2381
2020.6.2,52445,11120,709,2911
2020.6.3,55140,11590,746,2695
2020.6.4,57563,12161,781,2423
2020.6.5,60391,12804,811,2828
2020.6.6,63026,13325,846,2635
2020.6.7,65769,13903,888,2743
2020.6.8,68504,14560,930,2735
2020.6.9,71675,15337,975,3171
2020.6.10,74865,15900,1012,3190
2020.6.11,78052,16747,1049,3187
2020.6.12,81523,17249,1095,3471
2020.6.13,84379,17827,1139,2856
2020.6.14,87520,18730,1171,3141
2020.6.15,90619,18731,1209,3099
2020.6.16,94481,36264,1262,3862
2020.6.17,98489,38189,1305,4008
2020.6.18,102292,40164,1343,3803
2020.6.19,105535,42945,1388,3243
2020.6.20,108775,43993,1425,3240
2020.6.21,112306,45077,1464,3531
2020.6.22,115786,46755,1502,3480
2020.6.23,119198,47635,1545,3412
2020.6.24,122660,49666,1582,3462
2020.6.25,126606,51495,1621,3946
2020.6.26,130474,53133,1661,3868
2020.6.27,133978,54318,1695,3504
2020.6.28,137787,55727,1738,3809
2020.6.29,141801,57780,1783,4014
2020.6.30,145483,59624,1847,3682
2020.7.1,149258,62108,1888,3775
2020.7.2,153277,66442,1926,4019
2020.7.3,156391,68048,1968,3114
2020.7.4,159679,70721,1997,3288
2020.7.5,162417,72625,2052,2738
2020.7.6,165618,76149,2096,3201
2020.7.7,168645,78102,2151,3027
2020.7.8,172134,80838,2197,3489
2020.7.9,175494,84544,2238,3360
2020.7.10,178443,86406,2275,2949
2020.7.11,181129,88034,2305,2686
2020.7.12,183795,93614,2352,2666
2020.7.13,186894,98317,2391,3099
2020.7.14,190057,103227,2424,3163
2020.7.15,193590,105523,2457,3533
2020.7.16,196323,106963,2496,2733
2020.7.17,199357,108725,2547,3034
2020.7.18,202066,110098,2581,2709
2020.7.19,204525,111642,2618,2459
2020.7.20,207453,113556,2668,2928
2020.7.21,210510,115397,2709,3057
2020.7.22,213254,117202,2751,2744
2020.7.23,216110,119208,2801,2856
2020.7.24,218658,120976,2836,2548
2020.7.25,221178,122090,2874,2520
2020.7.26,223453,123882,2928,2275
2020.7.27,226225,125683,2965,2772
2020.7.28,229185,127414,3000,2960
2020.7.29,232194,130292,3035,3009
2020.7.30,234889,132960,3083,2695
2020.7.31,237661,135136,3111,2772
2020.8.1,239860,136253,3132,2199
2020.8.2,240746,136839,3154,886
2020.8.3,242102,137905,3184,1356
2020.8.4,244020,139860,3234,1918
2020.8.5,246674,141750,3267,2654
2020.8.6,249651,143824,3306,2977
2020.8.7,252502,145584,3333,2851
2020.8.8,255113,146604,3365,2611
2020.8.9,257600,148370,3399,2487
2020.8.10,260507,150437,3438,2907
2020.8.11,263503,151972,3471,2996
2020.8.12,266498,153089,3513,2995
2020.8.13,269115,154871,3557,2617
2020.8.14,271881,156623,3591,2766
2020.8.15,274525,157635,3625,2644
2020.8.16,276549,158950,3657,2024
2020.8.17,279144,160591,3694,2595
2020.8.18,282344,162825,3740,3200
2020.8.19,285091,165738,3781,2747
2020.8.20,287959,168991,3822,2868
2020.8.21,290360,172615,3861,2401
2020.8.22,292625,175567,3907,2265
2020.8.23,294598,179091,3941,1973
2020.8.24,297083,182875,3983,2485
2020.8.25,299628,186756,4028,2545
2020.8.26,302147,190183,4082,2519
2020.8.27,304583,193458,4127,2436
2020.8.28,306794,196836,4174,2211
2020.8.29,308925,198863,4206,2131
2020.8.30,310822,201907,4248,1897
2020.8.31,312996,204887,4281,2174
2020.9.1,314946,208177,4316,1950
2020.9.2,317528,211016,4351,2582
2020.9.3,319686,213980,4383,2158
2020.9.4,321615,216191,4412,1929
2020.9.5,323565,217852,4447,1950
2020.9.6,325157,221275,4479,1592
2020.9.7,327359,224573,4516,2202
2020.9.8,329251,227809,4552,1892
2020.9.9,331078,230804,4593,1827
2020.9.10,332970,233550,4634,1892
2020.9.11,334762,236024,4668,1792
2020.9.12,336044,238271,4702,1282
2020.9.13,337520,240643,4733,1476
2020.9.14,339332,243155,4759,1812
2020.9.15,341056,245594,4802,1724
2020.9.16,342671,247969,4823,1615
2020.9.17,344264,250412,4859,1593
2020.9.18,345805,252335,4881,1541
2020.9.19,347372,254386,4913,1567
2020.9.20,348918,256565,4939,1546
2020.9.21,350621,258717,4979,1703
2020.9.22,352178,260790,5007,1557
2020.9.23,353844,262953,5044,1666
2020.9.24,355384,265092,5072,1540
2020.9.25,356767,267024,5093,1383
2020.9.26,357873,268777,5129,1106
2020.9.27,359148,270491,5161,1275
2020.9.28,360555,272073,5193,1407
2020.9.29,362043,273698,5219,1488
2020.9.30,363479,275487,5251,1436
2020.10.1,364987,277078,5272,1508
2020.10.2,366383,278627,5305,1396
2020.10.3,367565,280069,5325,1182
2020.10.4,368690,281656,5348,1125
2020.10.5,370132,283182,5375,1442
2020.10.6,371631,284833,5405,1499
2020.10.7,373151,286631,5440,1520
2020.10.8,374592,288316,5460,1441
2020.10.9,375870,289912,5477,1278
2020.10.10,377073,291365,5500,1203
2020.10.11,378266,292860,5524,1193
2020.10.12,379738,294391,5555,1472
2020.10.13,381275,295873,5577,1537
2020.10.14,382959,297449,5593,1684
2020.10.15,384559,299229,5608,1600
2020.10.16,386086,300738,5623,1527
2020.10.17,387295,302298,5646,1209
2020.10.18,388569,303972,5660,1274
2020.10.19,390206,305599,5681,1637
2020.10.20,391586,307141,5699,1380
2020.10.21,393131,308845,5723,1545
2020.10.22,394827,310532,5747,1696
2020.10.23,396413,312065,5761,1586
2020.10.24,397507,313563,5780,1094
2020.10.25,398815,315107,5803,1308
2020.10.26,400251,316600,5818,1436
2020.10.27,401586,318123,5838,1335
2020.10.28,403079,319733,5861,1493
2020.10.29,404760,321281,5886,1681
2020.10.30,406364,322703,5905,1604
2020.10.31,407684,324145,5923,1320
2020.11.1,409252,325940,5941,1568
2020.11.2,410988,327901,5966,1736
2020.11.3,412647,329787,5983,1659
2020.11.4,414164,331697,6004,1517
2020.11.5,416006,333588,6021,1842
2020.11.6,417475,335027,6036,1469
2020.11.7,418764,336568,6049,1289
2020.11.8,420238,338145,6067,1474
2020.11.9,421921,339768,6092,1683
2020.11.10,423620,341416,6108,1699
2020.11.11,425353,343131,6127,1733
2020.11.12,427198,344868,6140,1845
2020.11.13,428965,346387,6159,1767
2020.11.14,430496,347849,6173,1531
2020.11.15,432333,349542,6194,1837
2020.11.16,434472,351146,6215,2139
2020.11.17,436684,352895,6254,2212
2020.11.18,438795,354788,6275,2111
2020.11.19,441159,356722,6305,2364
2020.11.20,443434,358431,6322,2275
2020.11.21,445281,360352,6350,1847
2020.11.22,447341,362428,6388,2060
2020.11.23,449760,364611,6416,2419
2020.11.24,451990,366877,6448,2230
2020.11.25,454146,369179,6487,2156
2020.11.26,456438,371453,6524,2292
2020.11.27,458711,373676,6544,2273
2020.11.28,460619,375885,6580,1908
2020.11.29,462407,378172,6609,1788
2020.11.30,464932,380711,6644,2525
2020.12.1,467225,383224,6675,2293
2020.12.2,469423,385786,6713,2198
2020.12.3,471739,388379,6748,2316
2020.12.4,473991,390951,6772,2252
2020.12.5,475789,393408,6807,1798
2020.12.6,477545,395960,6838,1756
2020.12.7,479743,398623,6874,2198
2020.12.8,481945,401194,6906,2202
2020.12.9,484104,405966,6930,2159
2020.12.10,485965,410452,6967,1861
2020.12.11,487849,414318,6986,1884
2020.12.12,489178,417503,7020,1329
2020.12.13,490533,420896,7052,1355
2020.12.14,492332,423845,7089,1799
2020.12.15,494209,426729,7129,1877
2020.12.16,495841,429351,7156,1632
2020.12.17,496975,431590,7192,1134
2020.12.18,498293,433614,7217,1318
2020.12.19,499560,435601,7242,1267
2020.12.20,500713,437527,7280,1153
2020.12.21,502183,439694,7312,1470
2020.12.22,503501,441929,7329,1318
2020.12.23,504868,444345,7359,1367
2020.12.24,506102,446690,7378,1234
2020.12.25,507265,448803,7398,1163
2020.12.26,508099,450488,7428,834
2020.12.27,510080,453318,7479,1981
2020.12.28,510080,453318,7479,0
2020.12.29,511261,454563,7509,1181
2020.12.30,512496,456070,7531,1235
2020.12.31,513510,457459,7559,1014
2021.1.1,514500,458656,7576,990
2021.1.2,515184,459620,7599,684
2021.1.3,516019,460598,7626,835
2021.1.4,516019,460598,7626,0
2021.1.5,517920,462459,7670,1901
2021.1.6,518898,463480,7687,978
2021.1.7,519905,464446,7718,1007
2021.1.8,520690,465279,7734,785
2021.1.9,521382,466064,7756,692
2021.1.10,522453,466801,7781,1071
2021.1.11,523302,467718,7803,849
2021.1.12,524020,468681,7819,718
2021.1.13,524910,469522,7833,890
2021.1.14,525723,470405,7849,813
2021.1.15,526485,471123,7862,762
2021.1.16,527063,471756,7883,578
2021.1.17,527632,472437,7906,569
2021.1.18,528329,473173,7922,697
2021.1.19,529031,473855,7942,702
2021.1.20,529687,474472,7950,656
2021.1.21,530271,475074,7966,584
2021.1.22,530890,475561,7981,619
2021.1.23,531326,475899,8003,436
2021.1.24,531799,476413,8023,473
2021.1.25,532401,476979,8041,602
2021.1.26,532916,477426,8055,515
2021.1.27,533444,477935,8072,528
2021.1.28,533953,478546,8087,509
2021.1.29,534407,478960,8094,454
2021.1.30,534770,479297,8111,363
2021.1.31,535139,479744,8127,369
2021.2.1,535582,480216,8137,443
2021.2.2,536107,480728,8149,525
2021.2.3,536545,481306,8162,438
2021.2.4,537030,481917,8175,485
2021.2.5,537465,482424,8182,435
2021.2.6,537770,482841,8190,305
2021.2.7,538062,483372,8205,292
2021.2.8,538378,483931,8221,316
2021.2.9,538765,484573,8229,387
2021.2.10,539153,485290,8239,388
2021.2.11,539531,485971,8248,378
2021.2.12,539975,486393,8253,444
2021.2.13,540266,486767,8266,291
2021.2.14,540592,487229,8274,326
2021.2.15,541038,487870,8285,446
2021.2.16,541434,488621,8298,396
2021.2.17,541877,489254,8314,443
2021.2.18,542268,489932,8329,391
2021.2.19,542674,490468,8337,406
2021.2.20,543024,490892,8342,350
2021.2.21,543351,491367,8349,327
2021.2.22,543717,492059,8356,366
2021.2.23,544116,492887,8374,399
2021.2.24,544544,493798,8379,428
2021.2.25,544954,494755,8384,410
2021.2.26,545424,495498,8395,470
2021.2.27,545831,496107,8400,407
2021.2.28,546216,496924,8408,385
2021.3.1,546216,496924,8408,0
2021.3.2,546801,497797,8416,585
2021.3.3,547930,499627,8428,1129
2021.3.4,548549,500468,8435,619
2021.3.5,549184,501144,8441,635
2021.3.6,549724,501966,8451,540
2021.3.7,550330,503003,8462,606
2021.3.8,551175,504120,8476,845
2021.3.9,552087,505349,8489,912
2021.3.10,553105,506613,8496,1018
2021.3.11,554156,507920,8502,1051
2021.3.12,555222,509172,8515,1066
2021.3.13,555222,509172,8515,0
2021.3.14,557395,511695,8545,2173
2021.3.15,557395,511695,8545,0
2021.3.16,560887,514479,8597,3492
2021.3.17,562752,515989,8608,1865
2021.3.18,562752,515989,8608,0
2021.3.19,564939,517223,8624,2187
2021.3.20,568706,520418,8668,3767
2021.3.21,570878,522105,8690,2172
2021.3.22,573687,523859,8720,2809
2021.3.23,577241,525694,8738,3554
2021.3.24,580808,527609,8763,3567
2021.3.25,584395,529594,8797,3587
2021.3.26,588132,531651,8830,3737
2021.3.27,591806,533622,8869,3674
2021.3.28,595714,535641,8904,3908
2021.3.29,600895,537718,8949,5181
2021.3.30,605937,539880,8994,5042
2021.3.31,611295,542099,9046,5358
2021.4.1,617764,544938,9105,6469
2021.4.2,624594,547411,9155,6830
2021.4.3,630277,549775,9213,5683
2021.4.4,637364,552482,9266,7087
2021.4.5,644439,555414,9318,7075
2021.4.6,651652,558383,9384,7213
2021.4.7,659278,561639,9447,7626
2021.4.8,666132,565030,9521,6854
2021.4.9,673594,568541,9584,7462
2021.4.10,678937,572378,9661,5343
2021.4.11,684756,576590,9739,5819
2021.4.12,691957,581113,9822,7201
2021.4.13,697985,585966,9891,6028
2021.4.14,703170,591299,9987,5185
2021.4.15,707362,597214,10081,4192
2021.4.16,711779,602908,10182,4417
2021.4.17,715252,608815,10283,3473
2021.4.18,718950,614936,10385,3698
2021.4.19,723221,621300,10497,4271
2021.4.20,727780,628111,10588,4559
2021.4.21,732060,635183,10683,4280
