date,累计确诊,治愈,死亡,新增确诊
2020.4.7,564,52,23,20
2020.4.8,564,52,23,19
2020.4.9,601,71,26,18
2020.4.12,646,139,29,8
2020.4.13,659,160,31,13
2020.4.14,673,169,33,14
2020.4.16,682,169,33,9
2020.4.17,704,205,35,8
2020.4.19,713,235,36,9
2020.4.20,717,248,36,4
2020.4.22,723,309,37,6
2020.4.24,731,344,40,8
2020.4.25,738,344,40,8
2020.4.26,740,374,40,2
2020.4.27,743,385,40,3
2020.4.30,745,468,42,2
2020.5.2,747,472,44,2
2020.5.3,748,493,45,1
2020.5.4,750,499,45,2
2020.5.5,751,514,46,1
2020.5.7,752,526,47,1
2020.5.9,754,545,48,2
2020.5.10,755,550,48,1
2020.5.12,758,568,48,3
2020.5.13,760,576,49,2
2020.5.14,761,596,49,1
2020.5.15,761,617,51,0
2020.5.16,761,617,51,0
2020.5.18,761,617,51,0
2020.5.19,761,628,51,0
2020.5.20,761,628,51,0
2020.5.21,762,639,51,1
2020.5.22,762,639,51,0
2020.5.23,762,653,51,0
2020.5.24,762,653,51,0
2020.5.25,763,663,51,1
2020.5.26,763,663,51,0
2020.5.27,763,676,51,0
2020.5.28,763,676,51,0
2020.5.29,764,684,51,1
2020.5.30,764,684,51,0
2020.5.31,764,692,51,0
2020.6.1,764,694,51,0
2020.6.2,844,733,51,80
2020.6.3,851,735,51,7
2020.6.4,852,738,51,1
2020.6.5,852,741,51,0
2020.6.6,852,741,51,0
2020.6.7,852,741,51,0
2020.6.8,852,744,51,0
2020.6.9,852,751,51,0
2020.6.10,852,759,51,0
2020.6.11,852,759,51,0
2020.6.12,853,781,51,1
2020.6.13,853,781,51,0
2020.6.14,853,781,51,0
2020.6.15,853,789,51,0
2020.6.16,854,789,52,1
2020.6.17,854,791,52,0
2020.6.18,855,792,52,1
2020.6.19,855,792,52,0
2020.6.20,855,792,52,0
2020.6.21,855,792,52,0
2020.6.22,855,796,52,0
2020.6.23,855,796,52,0
2020.6.24,855,797,52,0
2020.6.25,855,797,52,0
2020.6.26,855,797,52,0
2020.6.27,855,799,52,0
2020.6.28,855,799,52,0
2020.6.29,855,799,52,0
2020.6.30,855,799,52,0
2020.7.1,855,799,52,0
2020.7.2,855,799,52,0
2020.7.3,855,800,52,0
2020.7.4,855,800,52,0
2020.7.5,855,800,52,0
2020.7.6,855,800,52,0
2020.7.7,855,800,52,0
2020.7.8,855,800,52,0
2020.7.9,855,802,52,0
2020.7.10,855,803,52,0
2020.7.11,855,803,52,0
2020.7.12,855,803,52,0
2020.7.13,855,803,52,0
2020.7.14,858,803,52,3
2020.7.15,861,803,52,3
2020.7.16,862,803,52,1
2020.7.17,880,803,52,18
2020.7.18,880,803,52,0
2020.7.19,880,803,52,0
2020.7.20,880,803,52,0
2020.7.21,884,803,52,4
2020.7.22,884,803,52,0
2020.7.23,889,803,52,5
2020.7.24,897,803,52,8
2020.7.25,897,803,52,0
2020.7.26,897,803,52,0
2020.7.27,907,803,52,10
2020.7.28,907,803,52,0
2020.7.29,907,803,52,0
2020.7.30,918,804,52,11
2020.7.31,925,807,52,7
2020.8.1,925,807,52,0
2020.8.2,925,807,52,0
2020.8.3,937,821,52,12
2020.8.4,939,825,52,2
2020.8.5,939,825,52,0
2020.8.6,944,828,52,5
2020.8.7,955,839,52,11
2020.8.8,955,839,52,0
2020.8.9,955,839,52,0
2020.8.10,963,839,52,8
2020.8.11,963,839,52,0
2020.8.12,963,839,52,0
2020.8.13,977,855,53,14
2020.8.14,981,858,53,4
2020.8.15,989,863,53,8
2020.8.16,989,863,53,0
2020.8.17,989,863,53,0
2020.8.18,1005,869,53,16
2020.8.19,1005,869,53,0
2020.8.20,1024,875,53,19
2020.8.21,1024,875,53,0
2020.8.22,1045,875,53,21
2020.8.23,1045,875,53,0
2020.8.24,1045,875,53,0
2020.8.25,1060,877,53,15
2020.8.26,1098,893,53,38
2020.8.27,1098,893,53,0
2020.8.28,1098,893,53,0
2020.8.29,1124,902,53,26
2020.8.30,1124,902,53,0
2020.8.31,1124,902,53,0
2020.9.1,1176,908,53,52
2020.9.2,1184,908,53,8
2020.9.3,1199,909,53,15
2020.9.4,1199,909,53,0
2020.9.5,1215,928,53,16
2020.9.6,1215,928,53,0
2020.9.7,1215,928,53,0
2020.9.8,1261,934,53,46
2020.9.9,1261,934,53,0
2020.9.10,1301,938,53,40
2020.9.11,1344,943,53,43
2020.9.12,1344,943,53,0
2020.9.13,1344,943,53,0
2020.9.14,1344,943,53,0
2020.9.15,1438,945,53,94
2020.9.16,1438,945,53,0
2020.9.17,1483,1054,53,45
2020.9.18,1483,1054,53,0
2020.9.19,1564,1164,53,81
2020.9.20,1564,1164,53,0
2020.9.21,1564,1164,53,0
2020.9.22,1681,1199,53,117
2020.9.23,1681,1199,53,0
2020.9.24,1753,1203,53,72
2020.9.25,1836,1263,53,83
2020.9.26,1836,1263,53,0
2020.9.27,1836,1263,53,0
2020.9.28,1966,1265,53,130
2020.9.29,1966,1265,53,0
2020.9.30,1966,1265,53,0
2020.10.1,2050,1432,53,84
2020.10.2,2110,1540,53,60
2020.10.3,2110,1540,53,0
2020.10.4,2110,1540,53,0
2020.10.5,2370,1615,53,260
2020.10.6,2370,1615,53,0
2020.10.7,2370,1615,53,0
2020.10.8,2568,1715,54,198
2020.10.9,2696,1814,55,128
2020.10.10,2696,1814,55,0
2020.10.11,2696,1814,55,0
2020.10.12,2696,1814,55,0
2020.10.13,2995,1928,57,299
2020.10.14,2995,1928,57,0
2020.10.15,3190,2011,59,195
2020.10.16,3377,2057,59,187
2020.10.17,3377,2057,59,0
2020.10.18,3377,2057,59,0
2020.10.19,3623,2273,62,246
2020.10.20,3623,2273,62,0
2020.10.21,3623,2273,62,0
2020.10.22,3811,2470,63,188
2020.10.23,4038,2729,69,227
2020.10.24,4038,2729,69,0
2020.10.25,4038,2729,69,0
2020.10.26,4038,2729,69,0
2020.10.27,4325,2957,72,287
2020.10.28,4410,3029,72,85
2020.10.29,4517,3144,72,107
2020.10.30,4567,3260,73,50
2020.10.31,4665,3377,75,98
2020.11.1,4756,3475,75,91
2020.11.2,4825,3475,75,69
2020.11.3,4888,3548,75,63
2020.11.4,4910,3627,75,22
2020.11.5,5045,3734,75,135
2020.11.6,5135,3858,75,90
2020.11.7,5135,3858,75,0
2020.11.8,5319,4043,75,184
2020.11.9,5383,4248,75,64
2020.11.10,5437,4332,75,54
2020.11.11,5477,4405,75,40
2020.11.12,5567,4488,75,90
2020.11.13,5616,4585,75,49
2020.11.14,5725,4675,75,109
2020.11.15,5725,4675,75,0
2020.11.16,5872,4747,76,147
2020.11.17,5914,4830,76,42
2020.11.18,5951,4965,76,37
2020.11.19,6018,5055,76,67
2020.11.20,6066,5127,76,48
2020.11.21,6142,5239,76,76
2020.11.22,6207,5290,76,65
2020.11.23,6256,5358,76,49
2020.11.24,6304,5405,76,48
2020.11.25,6351,5503,76,47
2020.11.26,6428,5542,76,77
2020.11.27,6534,5649,76,106
2020.11.28,6610,5710,76,76
2020.11.29,6610,5710,76,0
2020.11.30,6745,5873,76,102
2020.12.1,6745,5873,76,0
2020.12.2,6790,5940,76,45
2020.12.3,6842,5988,76,52
2020.12.4,6904,6066,77,62
2020.12.5,6955,6130,77,51
2020.12.6,7005,6171,78,50
2020.12.7,7050,6238,78,45
2020.12.8,7084,6293,78,34
2020.12.9,7127,6367,78,43
2020.12.10,7162,6452,78,35
2020.12.11,7190,6505,78,28
2020.12.12,7236,6598,78,46
2020.12.13,7288,6629,78,52
2020.12.14,7338,6629,79,50
2020.12.15,7382,6706,79,44
2020.12.16,7382,6706,79,0
2020.12.17,7446,6819,79,64
2020.12.18,7466,6875,79,20
2020.12.19,7519,6919,80,53
2020.12.20,7560,6963,80,41
2020.12.21,7577,6997,81,17
2020.12.22,7602,7028,81,25
2020.12.23,7669,7106,82,67
2020.12.24,7699,7171,83,30
2020.12.25,7699,7171,83,0
2020.12.26,7756,7203,83,57
2020.12.27,7821,7288,83,65
2020.12.28,7875,7318,83,54
2020.12.29,7875,7318,83,0
2020.12.30,7983,7384,84,108
2020.12.31,7983,7384,84,0
2021.1.1,8049,7432,84,66
2021.1.2,8117,7463,84,68
2021.1.3,8166,7463,84,49
2021.1.4,8192,7517,84,26
2021.1.5,8249,7548,84,57
2021.1.6,8308,7585,84,59
2021.1.7,8348,7615,84,40
2021.1.8,8348,7615,84,0
2021.1.9,8489,7724,84,141
2021.1.10,8586,7724,85,97
2021.1.11,8586,7724,85,0
2021.1.12,8682,7930,86,96
2021.1.13,8745,7966,87,63
2021.1.14,8818,8070,87,73
2021.1.15,8868,8091,88,50
2021.1.16,8946,8116,88,78
2021.1.17,9038,8116,91,92
2021.1.18,9083,8154,91,45
2021.1.19,9083,8154,91,0
2021.1.20,9194,8349,92,111
2021.1.21,9308,8399,92,114
2021.1.22,9416,8537,93,108
2021.1.23,9416,8537,93,0
2021.1.24,9499,8588,96,83
2021.1.25,9549,8652,96,50
2021.1.26,9596,8724,97,47
2021.1.27,9638,8774,97,42
2021.1.28,9716,8851,98,78
2021.1.29,9779,8942,100,63
2021.1.30,9837,8986,100,58
2021.1.31,9885,9045,101,48
2021.2.1,9972,9206,101,87
2021.2.2,10017,9252,102,45
2021.2.3,10017,9252,102,0
2021.2.4,10070,9313,103,53
2021.2.5,10137,9395,103,67
2021.2.6,10172,9444,104,35
2021.2.7,10206,9492,105,34
2021.2.8,10251,9533,106,45
2021.2.9,10275,9610,106,24
2021.2.10,10312,9674,106,37
2021.2.11,10352,9732,106,40
2021.2.12,10391,9781,106,39
2021.2.13,10427,9833,106,36
2021.2.14,10463,9868,107,36
2021.2.15,10503,9911,107,40
2021.2.16,10538,9965,107,35
2021.2.17,10555,10022,107,17
2021.2.18,10583,10066,107,28
2021.2.19,10610,10101,107,27
2021.2.20,10645,10146,107,35
2021.2.21,10672,10170,107,27
2021.2.22,10712,10245,109,40
2021.2.23,10712,10245,109,0
2021.2.24,10739,10285,110,27
2021.2.25,10775,10319,110,36
2021.2.26,10822,10394,110,47
2021.2.27,10822,10394,110,0
2021.2.28,10849,10429,110,27
2021.3.1,10866,10446,110,17
2021.3.2,10889,10475,110,23
2021.3.3,10908,10501,110,19
2021.3.4,10948,10560,112,40
2021.3.5,10998,10584,112,50
2021.3.6,10998,10584,112,0
2021.3.7,11019,10599,112,21
2021.3.8,11042,10626,112,23
2021.3.9,11069,10661,112,27
2021.3.10,11089,10685,112,20
2021.3.11,11130,10708,112,41
2021.3.12,11130,10708,112,0
2021.3.13,11228,10775,112,98
2021.3.14,11266,10796,113,38
2021.3.15,11266,10796,113,0
2021.3.16,11289,10795,113,23
2021.3.17,11319,10861,113,30
2021.3.18,11360,10883,113,41
2021.3.19,11393,10904,113,33
2021.3.20,11481,10952,113,88
2021.3.21,11481,10952,113,0
2021.3.22,11517,10973,113,36
2021.3.23,11545,11014,113,28
2021.3.24,11591,11050,113,46
2021.3.25,11638,11082,114,47
2021.3.26,11687,11111,114,49
2021.3.27,11732,11149,114,45
2021.3.28,11850,11204,115,118
2021.3.29,11888,11244,115,38
2021.3.30,11944,11276,115,56
2021.3.31,12010,11315,115,66
2021.4.1,12053,11365,115,43
2021.4.2,12115,11401,116,62
2021.4.3,12174,11428,117,59
2021.4.4,12174,11428,117,0
2021.4.5,12286,11523,117,112
2021.4.6,12328,11570,117,42
2021.4.7,12328,11570,117,0
2021.4.8,12409,11692,120,81
2021.4.9,12456,11732,120,47
2021.4.10,12456,11732,120,0
2021.4.11,12545,11825,120,89
2021.4.12,12581,11890,121,36
2021.4.13,12581,11890,121,0
2021.4.14,12641,11989,121,60
2021.4.15,12641,11989,121,0
2021.4.16,12641,11989,121,0
2021.4.17,12712,12105,123,71
2021.4.18,12771,12159,123,59
2021.4.19,12805,12203,123,34
2021.4.20,12874,12285,123,69
2021.4.21,12917,12334,123,43
