date,累计确诊,治愈,死亡,新增确诊
2020.4.8,274,44,6,22
2020.4.9,288,51,7,14
2020.4.10,305,58,7,7
2020.4.11,318,70,10,13
2020.4.12,323,85,10,5
2020.4.13,343,91,10,20
2020.4.14,362,99,11,19
2020.4.15,407,128,12,34
2020.4.16,442,152,13,35
2020.4.17,495,159,17,51
2020.4.18,542,166,19,49
2020.4.19,627,170,21,86
2020.4.20,665,188,22,38
2020.4.21,782,197,25,117
2020.4.22,873,197,28,91
2020.4.23,981,197,31,108
2020.4.24,1095,208,32,114
2020.4.25,1182,222,35,87
2020.4.26,1273,239,40,91
2020.4.27,1337,255,40,64
2020.4.28,1532,255,44,195
2020.4.29,1728,307,51,196
2020.4.30,1932,319,58,204
2020.5.1,2170,351,68,238
2020.5.2,2388,351,85,218
2020.5.3,2558,400,87,170
2020.5.4,2802,417,93,244
2020.5.5,2950,481,98,148
2020.5.6,3145,534,103,195
2020.5.7,3526,601,107,381
2020.5.8,3912,679,117,386
2020.5.9,4151,745,128,239
2020.5.10,4399,778,143,248
2020.5.11,4641,902,150,242
2020.5.12,4787,959,158,146
2020.5.13,4791,1070,164,184
2020.5.14,5162,1180,167,191
2020.5.15,5450,1320,171,288
2020.5.16,5621,1472,176,176
2020.5.17,5959,1594,182,338
2020.5.18,5959,1594,182,0
2020.5.19,6175,1644,191,216
2020.5.20,6401,1734,192,226
2020.5.21,6677,1840,200,276
2020.5.22,7016,1907,211,339
2020.5.23,7261,2007,221,245
2020.5.24,7526,2174,221,265
2020.5.25,7839,2263,226,313
2020.5.26,8068,2311,233,229
2020.5.27,8344,2385,249,276
2020.5.28,8733,2501,254,389
2020.5.29,8915,2592,259,182
2020.5.30,9302,2697,261,387
2020.5.31,9855,2856,273,553
2020.6.1,10162,3007,287,307
2020.6.2,10578,3122,299,416
2020.6.3,10819,3240,314,241
2020.6.4,11166,3329,315,347
2020.6.5,11516,3535,323,350
2020.6.6,11844,3696,333,328
2020.6.7,12233,3826,342,389
2020.6.8,12486,3959,354,253
2020.6.9,12801,4040,361,315
2020.6.10,13464,4206,365,663
2020.6.11,13873,4351,382,409
2020.6.12,14554,4494,387,681
2020.6.13,15181,4891,399,627
2020.6.14,15682,5101,407,501
2020.6.15,16085,5220,420,403
2020.6.16,16658,5349,424,573
2020.6.17,17148,5623,455,490
2020.6.18,17735,5967,469,587
2020.6.19,18480,6307,475,745
2020.6.20,19147,6581,487,667
2020.6.21,19808,6718,506,661
2020.6.22,20244,6879,518,436
2020.6.23,20919,7109,525,675
2020.6.24,21371,7338,533,452
2020.6.25,22020,7613,542,649
2020.6.26,22614,7822,549,594
2020.6.27,23298,8253,554,684
2020.6.28,24077,8625,558,779
2020.6.29,24567,9007,565,490
2020.6.30,25133,9402,573,566
2020.7.1,25694,9746,590,561
2020.7.2,26484,10152,603,790
2020.7.3,27110,10801,616,626
2020.7.4,27564,11069,628,454
2020.7.5,28167,11462,634,603
2020.7.6,28711,11665,645,544
2020.7.7,29286,11828,654,575
2020.7.8,29789,12108,669,503
2020.7.9,30249,12373,684,460
2020.7.10,30748,12546,689,499
2020.7.11,31323,12795,709,575
2020.7.12,31987,13103,724,664
2020.7.13,32558,13447,740,571
2020.7.14,33153,13671,744,595
2020.7.15,33616,13792,754,463
2020.7.16,34259,13999,760,643
2020.7.17,34854,14292,769,595
2020.7.18,35454,14633,772,600
2020.7.19,36107,14938,778,653
2020.7.20,36663,15105,789,556
2020.7.21,37225,15333,801,562
2020.7.22,37801,15677,805,576
2020.7.23,38344,15815,813,543
2020.7.24,38948,16061,833,604
2020.7.25,39539,16559,845,591
2020.7.26,39977,16948,856,438
2020.7.27,40532,17374,858,555
2020.7.28,41180,18203,860,648
2020.7.29,41804,18764,868,624
2020.7.30,42208,19004,873,404
2020.7.31,42689,19270,878,481
2020.8.1,43151,19565,879,462
2020.8.2,43537,20087,883,386
2020.8.3,43841,20308,888,304
2020.8.4,44129,20663,896,288
2020.8.5,44433,31851,910,304
2020.8.6,44890,32165,927,457
2020.8.7,45244,32430,930,354
2020.8.8,45687,32637,936,443
2020.8.9,46140,33044,942,453
2020.8.10,46577,33186,945,437
2020.8.11,46867,33346,950,290
2020.8.12,47290,33609,956,423
2020.8.13,47743,33943,956,453
2020.8.14,48116,34309,966,373
2020.8.15,48445,35998,973,329
2020.8.16,48770,36290,974,325
2020.8.17,49068,36497,975,298
2020.8.18,49485,36834,977,417
2020.8.19,49895,37051,981,410
2020.8.20,50488,37304,985,593
2020.8.21,50964,37569,992,476
2020.8.22,51304,37885,996,340
2020.8.23,51905,38767,997,601
2020.8.24,52227,38945,1002,322
2020.8.25,52548,39257,1004,321
2020.8.26,52800,39964,1007,252
2020.8.27,53021,40281,1010,221
2020.8.28,53317,40726,1011,296
2020.8.29,53477,41017,1011,160
2020.8.30,53727,41314,1011,250
2020.8.31,53865,41513,1013,138
2020.9.1,54008,41638,1013,143
2020.9.2,54247,42010,1023,239
2020.9.3,54463,42439,1027,216
2020.9.4,54588,42627,1048,125
2020.9.5,54743,42816,1051,155
2020.9.6,54905,42922,1054,162
2020.9.7,55005,43013,1057,100
2020.9.8,55160,43231,1061,155
2020.9.9,55456,43334,1067,296
2020.9.10,55632,43610,1070,176
2020.9.11,55829,43810,1075,197
2020.9.12,56017,43998,1076,188
2020.9.13,56177,44088,1078,160
2020.9.14,56256,44152,1082,79
2020.9.15,56388,44337,1083,132
2020.9.16,56478,44430,1088,90
2020.9.17,56604,47872,1091,126
2020.9.18,56735,48092,1093,131
2020.9.19,56956,48305,1094,221
2020.9.20,57145,48431,1095,189
2020.9.21,57242,48569,1098,97
2020.9.22,57437,48674,1100,195
2020.9.23,57613,48836,1100,176
2020.9.24,57724,48985,1102,111
2020.9.25,57849,49098,1102,125
2020.9.26,58062,49606,1103,213
2020.9.27,58198,49722,1106,136
2020.9.28,58324,49794,1108,126
2020.9.29,58460,49895,1111,136
2020.9.30,58647,49937,1111,187
2020.10.1,58848,50358,1112,201
2020.10.2,59001,50452,1112,153
2020.10.3,59127,50593,1112,126
2020.10.4,59287,50718,1113,160
2020.10.5,59345,50768,1113,58
2020.10.6,59465,50951,1113,120
2020.10.7,59583,51308,1113,118
2020.10.8,59738,51403,1113,155
2020.10.9,59841,51551,1113,103
2020.10.10,59992,51614,1113,151
2020.10.11,60103,51711,1115,111
2020.10.12,60266,51735,1115,163
2020.10.13,60430,51943,1115,164
2020.10.14,60655,52006,1116,225
2020.10.15,60834,52143,1116,179
2020.10.16,60982,52194,1116,148
2020.10.17,61194,52304,1119,212
2020.10.18,61307,56557,1123,113
2020.10.19,61440,56611,1125,133
2020.10.20,61558,56697,1125,118
2020.10.21,61630,56797,1125,72
2020.10.22,61667,56880,1125,37
2020.10.23,61805,56985,1127,138
2020.10.24,61882,57190,1129,77
2020.10.25,61930,57285,1129,48
2020.10.26,61992,57465,1130,62
2020.10.27,62111,57571,1132,119
2020.10.28,62224,57916,1135,113
2020.10.29,62371,58095,1139,147
2020.10.30,62521,58249,1141,150
2020.10.31,62691,58430,1144,170
2020.11.1,62853,58675,1144,162
2020.11.2,62964,58790,1146,111
2020.11.3,63036,59328,1147,72
2020.11.4,63173,59634,1151,137
2020.11.5,63328,59675,1155,155
2020.11.6,63508,59748,1155,180
2020.11.7,63731,59844,1155,223
2020.11.8,63790,59884,1155,59
2020.11.9,64090,59910,1154,300
2020.11.10,64184,60069,1158,94
2020.11.11,64336,60333,1160,152
2020.11.12,64516,60737,1162,180
2020.11.13,64728,60790,1162,212
2020.11.14,64884,60936,1163,156
2020.11.15,64996,61029,1163,112
2020.11.16,65148,61073,1163,152
2020.11.17,65305,61162,1163,157
2020.11.18,65457,61337,1163,152
2020.11.19,65693,61457,1163,236
2020.11.20,65839,61573,1165,146
2020.11.21,65982,61782,1165,143
2020.11.22,66228,61884,1166,246
2020.11.23,66383,62076,1167,155
2020.11.24,66439,62241,1168,56
2020.11.25,66607,62311,1169,168
2020.11.26,66805,62493,1169,198
2020.11.27,66974,62585,1169,169
2020.11.28,67220,62686,1171,246
2020.11.29,67330,62819,1171,110
2020.11.30,67557,63282,1173,82
2020.12.1,67557,63282,1173,0
2020.12.2,67838,63430,1176,281
2020.12.3,67960,63839,1177,122
2020.12.4,68303,64291,1179,343
2020.12.5,68627,64467,1179,324
2020.12.6,68937,64650,1180,310
2020.12.7,69255,64774,1180,318
2020.12.8,69645,64947,1181,390
2020.12.9,70195,65110,1182,550
2020.12.10,70669,65242,1184,474
2020.12.11,71344,65474,1190,675
2020.12.12,72140,65722,1190,796
2020.12.13,72757,65850,1194,617
2020.12.14,73175,66090,1197,418
2020.12.15,73374,66314,1197,199
2020.12.16,74132,66494,1200,758
2020.12.17,75062,66775,1200,930
2020.12.18,76207,67110,1201,1145
2020.12.19,77013,67484,1212,806
2020.12.20,77933,67784,1218,920
2020.12.21,78434,68303,1221,501
2020.12.22,78790,68493,1227,356
2020.12.23,79789,68879,1231,999
2020.12.24,80922,69274,1236,1133
2020.12.25,81963,69651,1242,1041
2020.12.26,82747,70248,1246,784
2020.12.27,84414,71034,1254,1667
2020.12.28,84811,71357,1264,397
2020.12.29,84811,71357,1264,0
2020.12.30,85560,71937,1267,749
2020.12.31,86576,73322,1278,1016
2021.1.1,87607,73713,1289,1031
2021.1.2,88587,74373,1294,980
2021.1.3,89163,74789,1302,576
2021.1.4,90080,75044,1311,917
2021.1.5,91351,75699,1318,1271
2021.1.6,92705,76396,1319,1354
2021.1.7,94369,77299,1324,1664
2021.1.8,95934,77982,1330,1565
2021.1.9,97478,78552,1342,1544
2021.1.10,99063,79417,1350,1585
2021.1.11,100087,80030,1358,1024
2021.1.12,101331,80491,1361,1244
2021.1.13,102601,81574,1373,1270
2021.1.14,103999,82555,1382,1398
2021.1.15,105478,83830,1405,1479
2021.1.16,107345,84535,1413,1867
2021.1.17,108943,85367,1420,1598
2021.1.18,110387,89317,1435,1444
2021.1.19,112004,89939,1449,1617
2021.1.20,113305,91200,1464,1301
2021.1.21,114691,92336,1478,1386
2021.1.22,116655,93646,1485,1964
2021.1.23,118138,94130,1490,1483
2021.1.24,120602,95901,1502,2464
2021.1.25,121566,97228,1504,964
2021.1.26,122996,98359,1507,1430
2021.1.27,124299,99276,1522,1303
2021.1.28,126160,100365,1543,1861
2021.1.29,127024,100853,1547,864
2021.1.30,128674,102780,1577,1650
2021.1.31,130557,103712,1578,1883
2021.2.1,131242,104989,1586,685
2021.2.2,131918,106275,1607,676
2021.2.3,133552,107551,1613,1634
2021.2.4,134690,108657,1618,1138
2021.2.5,136030,110449,1632,1340
2021.2.6,137654,111639,1641,1624
2021.2.7,139242,112557,1647,1588
2021.2.8,139748,113525,1667,506
2021.2.9,140391,114635,1673,643
2021.2.10,141447,115755,1694,1056
2021.2.11,142578,116947,1702,1131
2021.2.12,143516,118012,1710,938
2021.2.13,144521,118866,1734,1005
2021.2.14,145664,120399,1747,1143
2021.2.15,146184,120838,1752,520
2021.2.16,146928,123009,1761,744
2021.2.17,148296,124483,1777,1368
2021.2.18,149369,125722,1787,1073
2021.2.19,150246,126417,1803,877
2021.2.20,150908,127524,1813,662
2021.2.21,151553,128005,1831,645
2021.2.22,152074,128619,1839,521
2021.2.23,152616,129300,1862,542
2021.2.24,153187,129943,1874,571
2021.2.25,153842,130818,1885,655
2021.2.26,154476,131699,1891,634
2021.2.27,155076,132544,1902,600
2021.2.28,155417,133256,1905,341
2021.3.1,155657,133768,1907,240
2021.3.2,156017,133904,1915,360
2021.3.3,156496,134551,1923,479
2021.3.4,156960,135812,1939,464
2021.3.5,157671,136335,1951,711
2021.3.6,158042,137025,1954,371
2021.3.7,158237,137645,1964,195
2021.3.8,158506,137890,1969,269
2021.3.9,158906,138502,1982,400
2021.3.10,159252,139056,1988,346
2021.3.11,159646,139983,1993,394
2021.3.12,159933,142404,2001,287
2021.3.13,160332,144059,2009,399
2021.3.14,160537,144714,2013,205
2021.3.15,160657,145399,2013,120
2021.3.16,160895,145752,2016,238
2021.3.17,161074,146072,2018,179
2021.3.18,161261,146395,2027,187
2021.3.19,161409,146890,2027,148
2021.3.20,161539,147581,2027,130
2021.3.21,161651,147775,2030,112
2021.3.22,161737,147899,2030,86
2021.3.23,161868,148125,2030,131
2021.3.24,162076,148530,2031,208
2021.3.25,162178,148726,2031,102
2021.3.26,162275,149882,2036,97
2021.3.27,162388,149986,2039,113
2021.3.28,162489,150205,2041,101
2021.3.29,162593,150308,2048,104
2021.3.30,162641,150466,2049,48
2021.3.31,162762,151532,2056,121
2021.4.1,162891,151648,2057,129
2021.4.2,162997,151708,2058,106
2021.4.3,163063,151835,2058,66
2021.4.4,163113,151853,2058,50
2021.4.5,163195,151998,2058,82
2021.4.6,163330,152045,2058,135
2021.4.7,163388,153630,2058,58
2021.4.8,163498,153788,2058,110
2021.4.9,163581,154005,2058,83
2021.4.10,163652,154073,2059,71
2021.4.11,163736,154098,2060,84
2021.4.12,163799,154107,2060,63
2021.4.13,163837,154177,2061,38
2021.4.14,163911,154225,2061,74
2021.4.15,164000,154270,2061,89
2021.4.16,164080,154285,2061,80
2021.4.17,164147,154304,2061,67
2021.4.18,164207,154325,2061,60
2021.4.19,164233,154332,2061,26
2021.4.20,164303,154384,2061,70
2021.4.21,164423,154406,2061,120
