date,累计确诊,治愈,死亡,新增确诊
2020.4.11,12,1,0,3
2020.4.12,13,1,0,1
2020.4.13,16,1,0,2
2020.4.16,30,2,0,14
2020.4.17,31,2,0,1
2020.4.20,32,4,0,1
2020.4.21,43,5,0,0
2020.4.22,47,7,0,3
2020.4.23,48,9,0,1
2020.4.24,48,10,0,1
2020.4.25,51,12,0,2
2020.4.27,54,16,0,2
2020.4.28,57,16,0,3
2020.4.30,59,16,0,2
2020.5.2,69,16,0,10
2020.5.4,82,16,0,7
2020.5.5,99,22,0,17
2020.5.7,101,22,0,2
2020.5.8,109,31,0,7
2020.5.9,110,31,0,1
2020.5.10,121,31,0,11
2020.5.11,191,33,0,57
2020.5.12,217,33,0,83
2020.5.13,245,35,0,2
2020.5.15,267,36,0,18
2020.5.16,281,36,1,14
2020.5.17,295,36,2,14
2020.5.18,357,36,2,62
2020.5.19,402,37,2,45
2020.5.20,427,45,2,25
2020.5.21,453,49,3,26
2020.5.22,516,70,3,63
2020.5.23,584,70,3,68
2020.5.24,603,87,3,19
2020.5.25,682,112,4,79
2020.5.26,772,155,4,90
2020.5.27,886,183,4,114
2020.5.28,1042,187,5,156
2020.5.29,1212,206,6,170
2020.5.30,1401,219,6,189
2020.5.31,1567,220,8,166
2020.6.1,1811,221,8,244
2020.6.2,2099,266,8,288
2020.6.3,2300,278,9,201
2020.6.4,2634,290,10,334
2020.6.5,2912,333,11,278
2020.6.6,3235,365,13,323
2020.6.7,3448,467,13,213
2020.6.8,3762,488,14,314
2020.6.9,4086,584,15,324
2020.6.10,4364,674,15,278
2020.6.11,4614,861,15,250
2020.6.12,5062,877,16,448
2020.6.13,5335,913,18,273
2020.6.14,5760,974,19,425
2020.6.15,6211,1041,19,451
2020.6.16,6591,1158,19,380
2020.6.17,7177,1167,20,586
2020.6.18,7848,1186,22,671
2020.6.19,8274,1402,22,426
2020.6.20,8605,1578,22,331
2020.6.21,9026,1772,23,421
2020.6.22,9561,2148,23,535
2020.6.23,10099,2224,24,538
2020.6.24,10728,2338,24,629
2020.6.25,11162,2650,26,434
2020.6.26,11755,2698,27,593
2020.6.27,12309,2834,28,554
2020.6.28,12772,3013,28,463
2020.6.29,13248,3134,29,476
2020.6.30,13564,3194,29,316
2020.7.1,14046,4656,30,482
2020.7.2,14519,5320,31,473
2020.7.3,15259,6143,32,740
2020.7.4,15491,6415,34,232
2020.7.5,15784,6547,34,293
2020.7.6,15964,6811,35,180
2020.7.7,16168,7499,35,204
2020.7.8,16423,7752,35,255
2020.7.9,16531,7891,35,108
2020.7.10,16649,8011,35,118
2020.7.11,16719,8442,38,70
2020.7.12,16801,8589,38,82
2020.7.13,16945,10294,38,144
2020.7.14,17061,10328,38,116
2020.7.15,17177,11025,39,116
2020.7.16,17344,11249,39,167
2020.7.17,17445,11534,40,101
2020.7.18,17502,11637,40,57
2020.7.19,17658,11695,40,156
2020.7.20,17844,11868,40,186
2020.7.21,17994,12477,40,150
2020.7.22,18094,12684,42,100
2020.7.23,18241,12840,43,147
2020.7.24,18374,12947,44,133
2020.7.25,18483,13053,45,109
2020.7.26,18613,13128,45,130
2020.7.27,18752,13754,48,139
2020.7.28,19063,13875,49,311
2020.7.29,19273,14021,49,210
2020.7.30,19547,14248,52,274
2020.7.31,19771,14399,56,224
2020.8.1,20086,14492,56,315
2020.8.2,20332,14603,57,246
2020.8.3,20750,14961,57,418
2020.8.4,21009,15026,58,259
2020.8.5,21390,15156,60,381
2020.8.6,21750,15389,65,360
2020.8.7,22214,15814,70,464
2020.8.8,22592,16313,73,378
2020.8.9,22972,16353,75,380
2020.8.10,23310,16493,79,338
2020.8.11,23948,16664,83,638
2020.8.12,24432,16728,91,484
2020.8.13,24957,16837,95,525
2020.8.14,25551,17077,99,594
2020.8.15,26019,17201,102,468
2020.8.16,26660,17335,104,641
2020.8.17,27241,17495,107,581
2020.8.18,28257,17580,114,1016
2020.8.19,28938,17700,120,681
2020.8.20,29645,17964,126,707
2020.8.21,30483,18214,137,838
2020.8.22,31117,18350,146,634
2020.8.23,31935,18631,149,818
2020.8.24,32678,18806,157,743
2020.8.25,33533,19119,164,855
2020.8.26,34418,19504,175,885
2020.8.27,35529,20073,183,1111
2020.8.28,36456,20242,195,927
2020.8.29,37340,20555,207,884
2020.8.30,38561,20822,221,1221
2020.8.31,39460,21410,228,899
2020.9.1,40529,22178,239,1069
2020.9.2,41649,23290,251,1120
2020.9.3,42877,24207,257,1228
2020.9.4,44236,25561,271,1359
2020.9.5,45277,27127,280,1041
2020.9.6,46257,28941,289,980
2020.9.7,47236,30677,300,979
2020.9.8,48138,32964,306,902
2020.9.9,49219,33882,312,1081
2020.9.10,50465,35700,317,1246
2020.9.11,51919,36672,322,1454
2020.9.12,53120,37524,336,1201
2020.9.13,54159,38697,345,1039
2020.9.14,55329,39576,360,1170
2020.9.15,56788,40638,371,1459
2020.9.16,58327,41706,379,1539
2020.9.17,59573,42949,383,1246
2020.9.18,61593,43820,390,2020
2020.9.19,62797,45267,401,1204
2020.9.20,64122,46233,411,1325
2020.9.21,65276,47238,427,1154
2020.9.22,66632,48061,429,1356
2020.9.23,67804,49954,436,1172
2020.9.24,69301,50411,453,1497
2020.9.25,70614,51866,459,1313
2020.9.26,71821,53013,467,1207
2020.9.27,73394,53898,477,1573
2020.9.28,74745,54640,481,1351
2020.9.29,76258,55371,491,1513
2020.9.30,77817,56428,498,1559
2020.10.1,79728,57389,509,1911
2020.10.2,82450,60696,520,2722
2020.10.3,84570,62740,528,2120
2020.10.4,86823,64069,535,2253
2020.10.5,89263,65202,554,2440
2020.10.6,90814,67542,563,1551
2020.10.7,94253,68668,578,3439
2020.10.8,98617,71343,590,4364
2020.10.9,100676,73023,600,2059
2020.10.10,105684,74252,614,5008
2020.10.11,107755,75804,636,2071
2020.10.12,111802,77277,645,4047
2020.10.13,115358,78780,663,3556
2020.10.14,117996,80954,675,2638
2020.10.15,121745,84518,694,3749
2020.10.16,126137,88040,715,4392
2020.10.17,129304,89840,727,3167
2020.10.18,132246,92166,739,2942
2020.10.19,136036,94501,757,3790
2020.10.20,139129,96609,765,3093
2020.10.21,144872,99605,791,5743
2020.10.22,148509,102820,812,3637
2020.10.23,153008,105488,829,4499
2020.10.24,155233,108334,842,2225
2020.10.25,158089,111670,847,2856
2020.10.26,159830,115675,862,1741
2020.10.27,160400,118843,876,570
2020.10.28,162354,121824,887,1954
2020.10.29,164718,124862,904,2364
2020.10.30,168235,128958,920,3517
2020.10.31,170743,131222,937,2508
2020.11.1,173567,134842,960,2824
2020.11.2,176500,137992,984,2933
2020.11.3,179614,141134,1004,3114
2020.11.4,182923,144978,1034,3309
2020.11.5,185974,148408,1052,3051
2020.11.6,188883,152908,1070,2909
2020.11.7,191636,155114,1087,2753
2020.11.8,194453,157926,1108,2817
2020.11.9,197024,159724,1126,2571
2020.11.10,199760,160577,1148,2736
2020.11.11,202329,162243,1174,2569
2020.11.12,204242,164592,1189,1913
2020.11.13,206353,168129,1202,2111
2020.11.14,208299,170632,1215,1946
2020.11.15,209776,173430,1221,1477
2020.11.16,210973,176364,1230,1197
2020.11.17,211475,179242,1247,502
2020.11.18,212917,182780,1259,1442
2020.11.19,215020,185638,1276,2103
2020.11.20,216965,191002,1298,1945
2020.11.21,218639,193325,1305,1674
2020.11.22,220308,199024,1321,1669
2020.11.23,222288,202067,1337,1980
2020.11.24,224078,204858,1361,1790
2020.11.25,226026,207998,1389,1948
2020.11.26,227640,209435,1412,1614
2020.11.27,229343,209435,1435,1703
2020.11.28,230723,211186,1454,1380
2020.11.29,231978,212590,1479,1255
2020.11.30,233452,214521,1508,1474
2020.12.1,233452,216594,1529,0
2020.12.2,236246,218161,1538,2794
2020.12.3,237589,220272,1551,1343
2020.12.4,238861,221847,1567,1272
2020.12.5,239885,224053,1577,1024
2020.12.6,240981,225805,1594,1096
2020.12.7,241995,227433,1614,1014
2020.12.8,243377,229054,1637,1382
2020.12.9,244433,230537,1651,1056
2020.12.10,245650,231601,1663,1217
2020.12.11,246694,232872,1674,1044
2020.12.12,247593,234231,1689,899
2020.12.13,248423,235731,1698,830
2020.12.14,249244,236573,1716,821
2020.12.15,250180,238569,1730,936
2020.12.16,250916,238569,1743,736
2020.12.17,251692,240363,1749,776
2020.12.18,252474,241392,1765,782
2020.12.19,253184,242567,1777,710
2020.12.20,253772,243664,1788,588
2020.12.21,254514,244743,1795,742
2020.12.22,255236,245709,1798,722
2020.12.23,255979,246661,1803,743
2020.12.24,256592,247400,1808,613
2020.12.25,257200,248292,1816,608
2020.12.26,257700,249132,1819,500
2020.12.27,258840,250581,1832,1140
2020.12.28,258840,250581,1832,0
2020.12.29,259548,251312,1840,708
2020.12.30,260059,251912,1847,511
2020.12.31,260593,252359,1856,534
2021.1.1,261019,253107,1864,426
2021.1.2,261438,253857,1870,419
2021.1.3,261859,254494,1878,421
2021.1.4,262262,255088,1885,403
2021.1.5,262784,255666,1893,522
2021.1.6,263193,256161,1899,409
2021.1.7,263605,256644,1903,412
2021.1.8,264159,257229,1909,554
2021.1.9,264521,257928,1912,362
2021.1.10,264780,258441,1917,259
2021.1.11,265268,258968,1927,488
2021.1.12,265698,259358,1932,430
2021.1.13,266143,259772,1937,445
2021.1.14,266546,260177,1943,403
2021.1.15,266816,260567,1948,270
2021.1.16,267056,261044,1954,240
2021.1.17,267322,261444,1959,266
2021.1.18,267644,261818,1965,322
2021.1.19,267992,262259,1969,348
2021.1.20,268310,262642,1975,318
2021.1.21,268646,262868,1979,336
2021.1.22,268948,263348,1986,302
2021.1.23,269180,263734,1994,232
2021.1.24,269450,264137,2001,270
2021.1.25,269789,264538,2011,339
2021.1.26,270092,264823,2017,303
2021.1.27,270375,265069,2020,283
2021.1.28,270375,265069,2020,0
2021.1.29,270745,265698,2025,370
2021.1.30,270854,266048,2027,109
2021.1.31,270959,266336,2029,105
2021.2.1,271118,266600,2029,159
2021.2.2,271289,266859,2030,171
2021.2.3,271431,267065,2031,142
2021.2.4,271602,267292,2033,171
2021.2.5,271707,267564,2035,105
2021.2.6,271806,267812,2035,99
2021.2.7,271806,267812,2035,0
2021.2.8,272055,268266,2045,249
2021.2.9,272215,268431,2047,160
2021.2.10,272349,268549,2047,134
2021.2.11,272430,268660,2052,81
2021.2.12,272557,268796,2054,127
2021.2.13,272614,268929,2054,57
2021.2.14,272614,268929,2054,0
2021.2.15,272840,269204,2055,226
2021.2.16,272945,269303,2055,105
2021.2.17,273070,269394,2055,125
2021.2.18,273166,269505,2058,96
2021.2.19,273263,269619,2061,97
2021.2.20,273351,269755,2061,88
2021.2.21,273431,269876,2061,80
2021.2.22,273556,269966,2061,125
2021.2.23,273666,270068,2065,110
2021.2.24,273760,270139,2066,94
2021.2.25,273760,270139,2684,0
2021.2.26,273872,270223,2685,112
2021.2.27,274065,270325,2773,193
2021.2.28,274143,270407,2774,78
2021.3.1,274216,270471,2777,73
2021.3.2,274294,270543,2777,78
2021.3.3,274294,270543,2777,0
2021.3.4,274381,270605,2778,87
2021.3.5,274488,270683,2778,107
2021.3.6,274655,270828,3010,167
2021.3.7,274721,270886,3010,66
2021.3.8,274810,270927,3011,89
2021.3.9,274869,270987,3012,59
2021.3.10,274973,271050,3012,104
2021.3.11,275070,271116,3012,97
2021.3.12,275070,271116,3012,0
2021.3.13,275178,271249,3014,108
2021.3.14,275231,271326,3014,53
2021.3.15,275310,271401,3014,79
2021.3.16,275424,271495,3014,114
2021.3.17,275518,271550,3014,94
2021.3.18,275625,271610,3015,107
2021.3.19,275750,271733,3016,125
2021.3.20,275829,271815,3016,79
2021.3.21,275906,271921,3016,77
2021.3.22,276056,272020,3019,150
2021.3.23,276244,272097,3019,188
2021.3.24,276389,272187,3020,145
2021.3.25,276509,272272,3020,120
2021.3.26,276665,272342,3024,156
2021.3.27,276750,272435,3027,85
2021.3.28,276839,272530,3027,89
2021.3.29,276980,272612,3027,141
2021.3.30,277147,272727,3030,167
2021.3.31,277309,272786,3030,162
2021.4.1,277461,272851,3031,152
2021.4.2,277640,272962,3031,179
2021.4.3,277768,273123,3032,128
2021.4.4,277944,273240,3032,176
2021.4.5,278210,273342,3036,266
2021.4.6,278470,273455,3036,260
2021.4.7,278768,273529,3038,298
2021.4.8,279100,273608,3038,332
2021.4.9,279388,273735,3038,288
2021.4.10,279725,273886,3039,337
2021.4.11,280028,274027,3040,303
2021.4.12,280524,274165,3053,496
2021.4.13,280984,274318,3058,460
2021.4.14,281564,274447,3061,580
2021.4.15,282054,274604,3066,490
2021.4.16,282890,274812,3070,836
2021.4.17,283658,275038,3075,768
2021.4.18,284673,275300,3083,1015
2021.4.19,285900,275555,3091,1227
2021.4.20,287567,275806,3102,1667
2021.4.21,289787,276093,3112,2220
