date,累计确诊,治愈,死亡,新增确诊
2020.4.8,342,28,11,64
2020.4.9,410,40,11,68
2020.4.10,438,41,11,38
2020.4.11,491,50,11,43
2020.4.12,529,75,12,38
2020.4.13,548,86,13,19
2020.4.14,570,90,14,22
2020.4.15,584,90,14,14
2020.4.16,609,105,15,25
2020.4.17,627,110,18,18
2020.4.18,639,113,19,12
2020.4.19,648,117,20,9
2020.4.20,655,124,20,7
2020.4.21,657,127,20,9
2020.4.22,662,193,22,5
2020.4.23,671,256,24,9
2020.4.24,681,289,24,10
2020.4.25,684,325,27,3
2020.4.26,696,350,29,12
2020.4.27,701,385,29,5
2020.4.28,709,403,31,8
2020.4.29,713,435,32,4
2020.4.30,719,452,32,6
2020.5.1,728,478,33,9
2020.5.2,736,507,35,8
2020.5.3,750,518,36,14
2020.5.4,755,534,37,5
2020.5.5,763,543,38,8
2020.5.6,770,561,38,7
2020.5.7,781,586,42,11
2020.5.8,795,600,44,14
2020.5.9,815,617,45,20
2020.5.10,821,624,46,6
2020.5.12,854,648,47,22
2020.5.13,860,658,49,6
2020.5.14,876,677,50,16
2020.5.15,885,684,51,9
2020.5.16,889,684,51,4
2020.5.17,904,698,54,15
2020.5.18,904,698,54,0
2020.5.19,909,714,55,5
2020.5.20,914,734,55,5
2020.5.21,920,738,58,6
2020.5.22,924,753,60,4
2020.5.23,937,764,60,13
2020.5.24,943,775,61,6
2020.5.25,945,783,61,2
2020.5.26,951,786,62,6
2020.5.27,952,796,63,1
2020.5.28,955,796,64,3
2020.5.29,955,803,64,0
2020.5.30,955,813,64,0
2020.5.31,956,818,64,1
2020.6.1,958,839,64,2
2020.6.2,958,844,65,0
2020.6.3,960,848,65,2
2020.6.4,961,857,65,1
2020.6.5,963,860,65,2
2020.6.6,966,863,65,3
2020.6.7,970,867,65,4
2020.6.8,973,867,65,3
2020.6.9,973,869,65,0
2020.6.10,974,871,65,1
2020.6.11,974,876,65,0
2020.6.12,974,878,65,0
2020.6.13,978,881,65,4
2020.6.14,980,881,66,2
2020.6.15,980,885,66,0
2020.6.16,980,885,66,0
2020.6.17,1016,885,66,36
2020.6.18,1020,893,67,4
2020.6.19,1020,901,67,0
2020.6.20,1020,901,67,0
2020.6.21,1035,911,67,15
2020.6.22,1036,911,67,1
2020.6.23,1046,913,67,10
2020.6.24,1051,913,67,5
2020.6.25,1056,917,67,5
2020.6.26,1059,919,67,3
2020.6.27,1062,924,67,3
2020.6.28,1068,937,67,6
2020.6.29,1074,939,67,6
2020.6.30,1075,939,67,1
2020.7.1,1075,943,67,0
2020.7.2,1075,947,67,0
2020.7.3,1081,959,68,6
2020.7.4,1082,963,68,1
2020.7.5,1088,965,68,6
2020.7.6,1093,968,68,5
2020.7.7,1093,968,68,0
2020.7.8,1094,974,68,1
2020.7.9,1097,976,68,3
2020.7.10,1097,976,68,0
2020.7.11,1099,978,68,2
2020.7.12,1099,992,68,0
2020.7.13,1099,992,68,0
2020.7.14,1099,992,68,0
2020.7.15,1099,992,68,0
2020.7.16,1100,993,69,1
2020.7.17,1102,993,69,2
2020.7.18,1102,1013,69,0
2020.7.19,1104,1014,69,2
2020.7.20,1104,1014,69,0
2020.7.21,1105,1014,69,1
2020.7.22,1113,1018,69,8
2020.7.23,1122,1018,69,9
2020.7.24,1124,1022,69,2
2020.7.25,1124,1024,69,0
2020.7.26,1124,1025,69,0
2020.7.27,1136,1027,69,12
2020.7.28,1132,1027,69,0
2020.7.29,1132,1027,69,0
2020.7.30,1132,1027,69,0
2020.7.31,1134,1028,69,2
2020.8.1,1134,1028,69,0
2020.8.2,1136,1028,69,2
2020.8.3,1147,1032,69,11
2020.8.4,1152,1032,69,5
2020.8.5,1152,1037,69,0
2020.8.6,1152,1057,69,0
2020.8.7,1153,1057,69,1
2020.8.8,1153,1057,69,0
2020.8.9,1157,1057,69,4
2020.8.10,1158,1057,69,1
2020.8.11,1158,1062,69,0
2020.8.12,1158,1065,69,0
2020.8.13,1161,1075,69,3
2020.8.14,1161,1075,69,0
2020.8.15,1161,1075,69,0
2020.8.16,1165,1077,69,4
2020.8.17,1167,1078,69,2
2020.8.18,1167,1078,69,0
2020.8.19,1167,1079,69,0
2020.8.20,1167,1079,69,0
2020.8.21,1169,1082,69,2
2020.8.22,1172,1083,69,3
2020.8.23,1172,1083,69,0
2020.8.24,1172,1083,69,0
2020.8.25,1172,1084,69,0
2020.8.26,1173,1084,69,1
2020.8.27,1173,1084,69,0
2020.8.28,1173,1084,69,0
2020.8.29,1175,1085,69,2
2020.8.30,1175,1085,69,0
2020.8.31,1175,1085,69,0
2020.9.1,1176,1088,69,1
2020.9.2,1176,1088,69,0
2020.9.3,1176,1088,69,0
2020.9.4,1177,1091,69,1
2020.9.5,1177,1091,69,0
2020.9.6,1177,1091,69,0
2020.9.7,1177,1091,69,0
2020.9.8,1177,1091,69,0
2020.9.9,1178,1099,69,1
2020.9.10,1178,1099,69,0
2020.9.11,1178,1099,69,0
2020.9.12,1178,1100,69,0
2020.9.13,1178,1100,69,0
2020.9.14,1180,1104,69,2
2020.9.15,1180,1104,69,0
2020.9.16,1182,1104,69,2
2020.9.17,1182,1104,69,0
2020.9.18,1183,1104,69,1
2020.9.19,1183,1104,69,0
2020.9.20,1183,1104,69,0
2020.9.21,1188,1104,69,5
2020.9.22,1189,1104,69,1
2020.9.23,1193,1104,69,4
2020.9.24,1193,1107,69,0
2020.9.25,1194,1107,69,1
2020.9.26,1194,1107,69,0
2020.9.27,1194,1107,69,0
2020.9.28,1196,1107,69,2
2020.9.29,1196,1110,69,0
2020.9.30,1196,1110,69,0
2020.10.1,1197,1114,69,1
2020.10.2,1197,1114,69,0
2020.10.3,1198,1115,69,1
2020.10.4,1200,1115,69,2
2020.10.5,1200,1115,69,0
2020.10.6,1200,1115,69,0
2020.10.7,1200,1115,69,0
2020.10.8,1200,1122,69,0
2020.10.9,1201,1122,69,1
2020.10.10,1201,1123,69,0
2020.10.11,1201,1123,69,0
2020.10.12,1201,1123,69,0
2020.10.13,1202,1124,69,1
2020.10.14,1203,1124,69,1
2020.10.15,1205,1124,69,2
2020.10.16,1207,1124,69,2
2020.10.17,1209,1126,69,2
2020.10.18,1209,1126,69,0
2020.10.19,1210,1126,69,1
2020.10.20,1211,1128,69,1
2020.10.21,1212,1128,69,1
2020.10.22,1214,1128,69,2
2020.10.23,1215,1128,69,1
2020.10.24,1215,1128,69,0
2020.10.25,1215,1128,69,0
2020.10.26,1215,1128,69,0
2020.10.27,1215,1129,69,0
2020.10.28,1218,1132,69,3
2020.10.29,1218,1132,69,0
2020.10.30,1219,1135,69,1
2020.10.31,1220,1137,69,1
2020.11.1,1220,1137,69,0
2020.11.2,1221,1141,69,1
2020.11.3,1222,1141,69,1
2020.11.4,1222,1141,69,0
2020.11.5,1225,1142,69,3
2020.11.6,1226,1142,69,1
2020.11.7,1230,1143,69,4
2020.11.8,1242,1143,69,12
2020.11.9,1243,1144,69,1
2020.11.10,1246,1144,69,3
2020.11.11,1256,1144,69,10
2020.11.12,1263,1144,69,7
2020.11.13,1282,1144,69,19
2020.11.14,1289,1145,69,7
2020.11.15,1301,1147,70,12
2020.11.16,1307,1148,70,6
2020.11.17,1316,1150,70,9
2020.11.18,1327,1150,70,11
2020.11.19,1331,1151,70,4
2020.11.20,1335,1153,70,4
2020.11.21,1340,1156,70,5
2020.11.22,1351,1158,70,11
2020.11.23,1368,1166,70,17
2020.11.24,1381,1166,70,13
2020.11.25,1406,1169,70,25
2020.11.26,1419,1170,70,13
2020.11.27,1443,1182,70,24
2020.11.28,1472,1192,70,29
2020.11.29,1484,1205,70,12
2020.11.30,1548,1210,72,32
2020.12.1,1548,1210,72,0
2020.12.2,1586,1219,75,38
2020.12.3,1640,1227,76,54
2020.12.4,1640,1227,76,0
2020.12.5,1726,1237,77,86
2020.12.6,1789,1237,77,63
2020.12.7,1856,1237,77,67
2020.12.8,1894,1239,78,38
2020.12.9,1987,1239,79,93
2020.12.10,2078,1241,79,91
2020.12.11,2126,1249,80,48
2020.12.12,2160,1269,80,34
2020.12.13,2199,1276,80,39
2020.12.14,2258,1292,80,59
2020.12.15,2322,1294,82,64
2020.12.16,2361,1329,82,39
2020.12.17,2361,1329,82,0
2020.12.18,2506,1373,84,145
2020.12.19,2560,1377,85,54
2020.12.20,2612,1406,86,52
2020.12.21,2659,1418,87,47
2020.12.22,2724,1432,87,65
2020.12.23,2803,1508,89,79
2020.12.24,2876,1578,89,73
2020.12.25,2933,1579,90,57
2020.12.26,3005,1587,91,72
2020.12.27,3110,1673,96,105
2020.12.28,3159,1736,99,49
2020.12.29,3159,1736,99,0
2020.12.30,3208,1767,102,49
2020.12.31,3268,1802,104,60
2021.1.1,3323,1825,104,55
2021.1.2,3403,1828,106,80
2021.1.3,3437,1906,110,34
2021.1.4,3465,1986,110,28
2021.1.5,3500,2061,110,35
2021.1.6,3557,2152,112,57
2021.1.7,3634,2182,113,77
2021.1.8,3706,2253,119,72
2021.1.9,3747,2311,125,41
2021.1.10,3819,2323,126,72
2021.1.11,3877,2386,126,58
2021.1.12,3924,2404,128,47
2021.1.13,3969,2507,135,45
2021.1.14,3998,2631,136,29
2021.1.15,4058,2750,137,60
2021.1.16,4105,2862,138,47
2021.1.17,4132,2951,138,27
2021.1.18,4156,3044,140,24
2021.1.19,4204,3136,145,48
2021.1.20,4225,3265,146,21
2021.1.21,4249,3324,147,24
2021.1.22,4267,3357,147,18
2021.1.23,4308,3403,150,41
2021.1.24,4321,3436,151,13
2021.1.25,4353,3464,151,32
2021.1.26,4374,3494,151,21
2021.1.27,4407,3544,153,33
2021.1.28,4433,3583,153,26
2021.1.29,4474,3622,157,41
2021.1.30,4489,3696,159,15
2021.1.31,4516,3726,159,27
2021.2.1,4517,3755,159,1
2021.2.2,4537,3800,161,20
2021.2.3,4548,3845,162,11
2021.2.4,4565,3845,163,17
2021.2.5,4575,3916,164,10
2021.2.6,4589,3920,165,14
2021.2.7,4598,3950,165,9
2021.2.8,4612,3970,165,14
2021.2.9,4621,3983,166,9
2021.2.10,4643,4002,167,22
2021.2.11,4656,4007,167,13
2021.2.12,4665,4100,167,9
2021.2.13,4678,4135,169,13
2021.2.14,4690,4147,169,12
2021.2.15,4695,4152,169,5
2021.2.16,4702,4155,169,7
2021.2.17,4706,4164,169,4
2021.2.18,4715,4193,170,9
2021.2.19,4718,4215,170,3
2021.2.20,4725,4220,170,7
2021.2.21,4733,4235,170,8
2021.2.22,4733,4235,170,0
2021.2.23,4740,4250,172,7
2021.2.24,4740,4250,172,0
2021.2.25,4740,4250,172,0
2021.2.26,4740,4250,172,0
2021.2.27,4740,4250,172,0
2021.2.28,4740,4250,172,0
2021.3.1,4740,4250,172,0
2021.3.2,4740,4250,172,0
2021.3.3,4740,4250,172,0
2021.3.4,4740,4250,172,0
2021.3.5,4740,4250,172,0
2021.3.6,4740,4250,172,0
2021.3.7,4740,4250,172,0
2021.3.8,4822,4405,177,82
2021.3.9,4828,4407,177,6
2021.3.10,4835,4415,177,7
2021.3.11,4848,4477,179,13
2021.3.12,4853,4486,180,5
2021.3.13,4853,4486,180,0
2021.3.14,4857,4503,181,4
2021.3.15,4860,4504,182,3
2021.3.16,4865,4507,182,5
2021.3.17,4870,4516,183,5
2021.3.18,4904,4525,185,34
2021.3.19,4906,4529,185,2
2021.3.20,4911,4537,185,5
2021.3.21,4918,4538,185,7
2021.3.22,4918,4538,185,0
2021.3.23,4928,4541,185,10
2021.3.24,4939,4553,185,11
2021.3.25,4939,4553,185,0
2021.3.26,4964,4569,185,25
2021.3.27,4972,4578,185,8
2021.3.28,4987,4586,185,15
2021.3.29,4987,4586,185,0
2021.3.30,4987,4586,185,0
2021.3.31,5001,4590,186,14
2021.4.1,5021,4641,187,20
2021.4.2,5021,4641,187,0
2021.4.3,5021,4641,187,0
2021.4.4,5028,4669,188,7
2021.4.5,5041,4698,188,13
2021.4.6,5041,4698,188,0
2021.4.7,5048,4715,188,7
2021.4.8,5052,4725,188,4
2021.4.9,5058,4737,188,6
2021.4.10,5062,4746,188,4
2021.4.11,5072,4747,188,10
2021.4.12,5074,4747,189,2
2021.4.13,5081,4760,189,7
2021.4.14,5081,4760,189,0
2021.4.15,5081,4760,189,0
2021.4.16,5113,4767,190,32
2021.4.17,5116,4771,190,3
2021.4.18,5116,4771,190,0
2021.4.19,5131,4779,190,15
2021.4.20,5131,4779,190,0
2021.4.21,5140,4795,191,9
