date,累计确诊,治愈,死亡,新增确诊
2020.4.8,124,15,5,5
2020.4.9,129,18,6,5
2020.4.10,133,18,6,4
2020.4.11,134,22,6,1
2020.4.12,147,22,6,13
2020.4.13,159,22,7,12
2020.4.14,161,23,8,2
2020.4.15,174,30,8,13
2020.4.16,199,30,8,25
2020.4.17,202,35,8,3
2020.4.18,206,41,8,4
2020.4.19,208,46,8,2
2020.4.21,213,62,9,5
2020.4.23,220,67,9,7
2020.4.24,223,78,9,3
2020.4.25,228,85,9,5
2020.4.27,230,95,9,2
2020.4.28,239,102,9,9
2020.4.29,249,111,9,10
2020.4.30,266,113,10,17
2020.5.1,333,115,10,67
2020.5.2,370,119,10,37
2020.5.3,396,126,10,26
2020.5.4,415,130,10,19
2020.5.5,431,135,10,35
2020.5.6,440,142,10,9
2020.5.7,462,148,10,22
2020.5.12,737,173,10,13
2020.5.13,740,182,11,3
2020.5.15,759,193,11,14
2020.5.16,778,200,11,19
2020.5.17,786,202,11,8
2020.5.18,786,202,11,0
2020.5.19,788,219,11,2
2020.5.20,829,230,11,41
2020.5.21,833,242,11,4
2020.5.22,836,256,11,3
2020.5.23,838,264,11,2
2020.5.24,850,298,11,12
2020.5.25,862,307,11,12
2020.5.26,865,344,11,3
2020.5.27,877,382,11,12
2020.5.28,884,392,11,7
2020.5.29,900,402,11,16
2020.5.30,917,413,11,17
2020.5.31,964,466,11,47
2020.6.1,986,477,11,22
2020.6.2,995,488,11,9
2020.6.3,1013,498,11,18
2020.6.4,1070,511,11,57
2020.6.5,1086,511,11,16
2020.6.6,1087,516,11,1
2020.6.7,1090,532,11,3
2020.6.8,1135,575,11,45
2020.6.9,1145,603,11,10
2020.6.10,1187,604,11,42
2020.6.11,1202,619,11,15
2020.6.12,1230,624,11,28
2020.6.13,1254,633,11,24
2020.6.14,1261,647,11,7
2020.6.15,1289,650,11,28
2020.6.16,1296,673,12,7
2020.6.17,1303,699,13,7
2020.6.18,1308,711,13,5
2020.6.19,1330,717,13,22
2020.6.20,1336,741,13,6
2020.6.21,1362,791,13,26
2020.6.22,1379,871,13,17
2020.6.23,1392,903,13,13
2020.6.24,1422,926,13,30
2020.6.25,1528,944,13,106
2020.6.26,1569,976,13,41
2020.6.27,1711,1013,13,142
2020.6.28,1942,1045,15,231
2020.6.29,2127,1065,15,185
2020.6.30,2191,1080,16,64
2020.7.1,2221,1089,17,30
2020.7.2,2260,1102,19,39
2020.7.3,2303,1108,19,43
2020.7.4,2349,1113,19,46
2020.7.5,2385,1134,20,36
2020.7.6,2427,1166,20,42
2020.7.7,2456,1180,20,29
2020.7.8,2502,1193,20,46
2020.7.9,2554,1212,20,52
2020.7.10,2638,1229,20,84
2020.7.11,2736,1256,20,98
2020.7.12,2820,1261,21,84
2020.7.13,2948,1275,22,128
2020.7.14,2980,1293,25,32
2020.7.15,3074,1308,25,94
2020.7.16,3198,1338,25,124
2020.7.17,3342,1379,27,144
2020.7.18,3457,1481,28,115
2020.7.19,3629,1643,29,172
2020.7.20,3721,1918,31,92
2020.7.21,3748,2171,33,27
2020.7.22,3817,2307,35,69
2020.7.23,4000,2391,36,183
2020.7.24,4113,2487,36,113
2020.7.25,4224,2596,38,111
2020.7.26,4328,2679,40,104
2020.7.27,4444,2794,41,116
2020.7.28,4548,2905,43,104
2020.7.29,4674,3039,45,126
2020.7.30,4866,3169,46,192
2020.7.31,5207,3250,47,341
2020.8.1,5338,3548,49,131
2020.8.2,5485,3786,52,147
2020.8.3,5644,3966,52,159
2020.8.4,5724,4249,55,80
2020.8.5,5852,4645,59,128
2020.8.6,6060,4839,61,208
2020.8.7,6375,4974,66,315
2020.8.8,6508,5123,69,133
2020.8.9,6705,5181,72,197
2020.8.10,6907,5222,75,202
2020.8.11,7234,5276,82,327
2020.8.12,7519,5326,86,285
2020.8.13,8018,5384,93,499
2020.8.14,8389,5516,97,371
2020.8.15,9022,5657,108,633
2020.8.16,9381,5841,127,359
2020.8.17,9791,6034,138,410
2020.8.18,10135,6210,145,344
2020.8.19,10606,6402,161,471
2020.8.20,11133,6582,165,527
2020.8.21,11817,6783,170,684
2020.8.22,12536,7007,182,719
2020.8.23,12974,7197,192,438
2020.8.24,13233,7417,205,259
2020.8.25,13602,7649,219,369
2020.8.26,14228,7883,231,626
2020.8.27,14872,8134,247,644
2020.8.28,15290,8348,265,418
2020.8.29,15873,8595,280,583
2020.8.30,16474,8854,294,601
2020.8.31,17105,9146,308,631
2020.9.1,17662,9421,326,557
2020.9.2,18338,9721,348,676
2020.9.3,19138,9981,358,800
2020.9.4,19959,10251,373,821
2020.9.5,20654,10523,398,695
2020.9.6,21871,10810,412,1217
2020.9.7,22486,11133,435,615
2020.9.8,23353,11524,449,867
2020.9.9,24214,11920,463,861
2020.9.10,25026,12309,474,812
2020.9.11,25631,12729,485,605
2020.9.12,26512,13181,496,881
2020.9.13,27324,13679,514,812
2020.9.14,27817,14288,525,493
2020.9.15,28367,14814,539,550
2020.9.16,29298,15261,552,931
2020.9.17,30419,15740,566,1121
2020.9.18,31113,16313,584,694
2020.9.19,32127,16921,611,1014
2020.9.20,33015,17535,636,888
2020.9.21,33520,18117,659,505
2020.9.22,34260,18629,676,740
2020.9.23,34828,19257,705,568
2020.9.24,35571,19867,727,743
2020.9.25,36404,20502,743,833
2020.9.26,37226,21117,761,822
2020.9.27,37922,21757,782,696
2020.9.28,38684,22419,803,762
2020.9.29,39432,23063,818,748
2020.9.30,40101,23748,841,669
2020.10.1,40758,24449,857,657
2020.10.2,41799,25167,869,1041
2020.10.3,42684,25803,890,885
2020.10.4,43452,26512,913,768
2020.10.5,44182,27203,929,730
2020.10.6,44715,27887,947,533
2020.10.7,45647,28546,966,932
2020.10.8,46435,29270,989,788
2020.10.9,47316,29976,1012,881
2020.10.10,48275,30643,1045,959
2020.10.11,48978,31351,1065,703
2020.10.12,49675,32090,1077,697
2020.10.13,50344,32751,1096,669
2020.10.14,51197,33325,1108,853
2020.10.15,51845,33921,1131,648
2020.10.16,52596,34427,1150,751
2020.10.17,53482,34927,1165,886
2020.10.18,54015,35524,1179,533
2020.10.19,54724,36068,1188,709
2020.10.20,55452,36663,1207,728
2020.10.21,56073,37167,1231,621
2020.10.22,56819,37673,1250,746
2020.10.23,57526,38187,1262,707
2020.10.24,58259,38797,1278,733
2020.10.25,59043,39214,1293,784
2020.10.26,59594,39735,1309,551
2020.10.27,60109,40247,1333,515
2020.10.28,60557,40748,1347,448
2020.10.29,61290,41288,1359,733
2020.10.30,62050,41800,1373,760
2020.10.31,62596,42337,1387,546
2020.11.1,63185,42900,1404,589
2020.11.2,63731,43403,1418,546
2020.11.3,64156,44006,1429,425
2020.11.4,64628,44523,1441,472
2020.11.5,65258,45123,1454,630
2020.11.6,65778,45794,1462,520
2020.11.7,66481,46466,1472,703
2020.11.8,66941,47154,1479,460
2020.11.9,67589,47822,1490,648
2020.11.10,67948,48437,1502,359
2020.11.11,68497,49039,1516,549
2020.11.12,69106,49545,1532,609
2020.11.13,69653,50045,1543,547
2020.11.14,70392,50514,1556,739
2020.11.15,71065,50965,1569,673
2020.11.16,71574,51375,1587,509
2020.11.17,72099,51776,1602,525
2020.11.18,72857,52182,1613,758
2020.11.19,73639,52608,1624,782
2020.11.20,74495,53060,1636,856
2020.11.21,75058,53502,1647,563
2020.11.22,75857,53988,1652,799
2020.11.23,76476,54491,1657,619
2020.11.24,77072,55046,1665,596
2020.11.25,77891,55531,1677,819
2020.11.26,78878,56025,1691,987
2020.11.27,79517,56510,1704,639
2020.11.28,80436,56991,1720,919
2020.11.29,81131,57496,1731,695
2020.11.30,82424,58453,1756,775
2020.12.1,82424,58453,1756,0
2020.12.2,83479,58949,1771,1055
2020.12.3,84482,59465,1783,1003
2020.12.4,85477,60086,1796,995
2020.12.5,86499,60644,1813,1022
2020.12.6,87213,61283,1833,714
2020.12.7,87920,61948,1853,707
2020.12.8,88723,62603,1872,803
2020.12.9,89421,63243,1887,698
2020.12.10,90146,63891,1901,725
2020.12.11,90958,64527,1914,812
2020.12.12,92113,65176,1927,1155
2020.12.13,92913,65852,1937,800
2020.12.14,93582,66543,1953,669
2020.12.15,94223,67242,1971,641
2020.12.16,95353,67953,1991,1130
2020.12.17,96209,68658,2014,856
2020.12.18,97028,69351,2032,819
2020.12.19,98296,70101,2050,1268
2020.12.20,99157,70943,2072,861
2020.12.21,99789,71807,2088,632
2020.12.22,100612,72721,2103,823
2020.12.23,101544,73646,2120,932
2020.12.24,102371,74573,2138,827
2020.12.25,103329,75509,2154,958
2020.12.26,103888,75509,2154,559
2020.12.27,104422,78262,2188,534
2020.12.28,105374,79171,2202,952
2020.12.29,105374,79171,2202,0
2020.12.30,106136,80097,2220,762
2020.12.31,106958,81034,2242,822
2021.1.1,107932,81977,2262,974
2021.1.2,108349,81977,2262,417
2021.1.3,108718,83880,2279,369
2021.1.4,109073,84837,2292,355
2021.1.5,109837,85800,2305,764
2021.1.6,110796,86786,2321,959
2021.1.7,111694,87747,2337,898
2021.1.8,112856,88724,2352,1162
2021.1.9,113994,89646,2372,1138
2021.1.10,115026,90547,2387,1032
2021.1.11,115733,91443,2405,707
2021.1.12,116535,92324,2420,802
2021.1.13,117590,93258,2437,1055
2021.1.14,118592,94140,2451,1002
2021.1.15,119640,94983,2466,1048
2021.1.16,120789,95815,2479,1149
2021.1.17,121648,96687,2495,859
2021.1.18,122160,97588,2505,512
2021.1.19,122588,98465,2518,428
2021.1.20,123359,99303,2535,771
2021.1.21,124447,100085,2556,1088
2021.1.22,125518,100848,2570,1071
2021.1.23,126370,101599,2585,852
2021.1.24,127081,102344,2607,711
2021.1.25,127652,103083,2617,571
2021.1.26,128366,103811,2632,714
2021.1.27,129394,104570,2651,1028
2021.1.28,130163,105353,2668,769
2021.1.29,130917,106109,2681,754
2021.1.30,131886,106883,2693,969
2021.1.31,132548,107634,2704,662
2021.2.1,133227,108426,2718,679
2021.2.2,133781,109227,2733,554
2021.2.3,134482,110041,2750,701
2021.2.4,135229,110832,2765,747
2021.2.5,136023,111667,2779,794
2021.2.6,136890,112488,2791,867
2021.2.7,137603,113366,2807,713
2021.2.8,138118,114258,2826,515
2021.2.9,138945,115157,2846,827
2021.2.10,139819,116060,2862,874
2021.2.11,140797,116951,2876,978
2021.2.12,141775,117855,2891,978
2021.2.13,142598,118750,2904,823
2021.2.14,143443,119669,2920,845
2021.2.15,144042,120611,2936,599
2021.2.16,145095,121542,2953,1053
2021.2.17,146216,122493,2971,1121
2021.2.18,147253,123293,2991,1037
2021.2.19,148622,124105,3008,1369
2021.2.20,149684,125028,3026,1062
2021.2.21,150731,125967,3045,1047
2021.2.22,151718,126919,3065,987
2021.2.23,152658,127819,3080,940
2021.2.24,153790,128731,3101,1132
2021.2.25,154904,129631,3119,1114
2021.2.26,156189,130531,3135,1285
2021.2.27,157603,131461,3152,1414
2021.2.28,158537,132445,3167,934
2021.3.1,159474,133435,3181,937
2021.3.2,160448,134392,3198,974
2021.3.3,161530,135373,3218,1082
2021.3.4,162871,136366,3239,1341
2021.3.5,164310,137368,3256,1439
2021.3.6,165811,138383,3278,1501
2021.3.7,166969,139483,3294,1158
2021.3.8,168043,140561,3318,1074
2021.3.9,169860,141682,3343,1817
2021.3.10,171985,142893,3360,2125
2021.3.11,174013,144144,3387,2028
2021.3.12,175827,145470,3411,1814
2021.3.13,177593,146771,3436,1766
2021.3.14,179072,148121,3456,1479
2021.3.15,180014,149429,3476,942
2021.3.16,181414,150870,3517,1400
2021.3.17,183348,152280,3554,1934
2021.3.18,185888,153781,3588,2540
2021.3.19,188493,155244,3620,2605
2021.3.20,190499,156754,3662,2006
2021.3.21,192599,158244,3695,2100
2021.3.22,194122,159774,3730,1523
2021.3.23,196112,161319,3769,1990
2021.3.24,198135,162879,3818,2023
2021.3.25,200823,164401,3869,2688
2021.3.26,202700,166002,3910,1877
2021.3.27,204704,167603,3958,2004
2021.3.28,206597,169197,4003,1893
2021.3.29,208655,170802,4063,2058
2021.3.30,210425,172386,4113,1770
2021.3.31,212691,173994,4161,2266
2021.4.1,214667,175614,4206,1976
2021.4.2,216278,177202,4250,1611
2021.4.3,217886,178804,4294,1608
2021.4.4,219393,180369,4344,1507
2021.4.5,221207,181949,4399,1814
2021.4.6,222663,183552,4463,1456
2021.4.7,224736,185131,4522,2073
2021.4.8,227116,186730,4584,2380
2021.4.9,229595,188340,4644,2479
2021.4.10,232142,189971,4698,2547
2021.4.11,233745,191614,4749,1603
2021.4.12,235292,193286,4827,1547
2021.4.13,237542,194987,4889,2250
2021.4.14,240141,196718,4978,2599
2021.4.15,242161,198473,5040,2020
2021.4.16,244528,200259,5110,2367
2021.4.17,246806,202109,5177,2278
2021.4.18,248364,203982,5251,1558
2021.4.19,250165,205883,5313,1801
2021.4.20,252443,207803,5384,2278
2021.4.21,255046,209754,5470,2603
