date,累计确诊,治愈,死亡,新增确诊
2020.4.8,2528,16,63,428
2020.4.9,2752,16,66,224
2020.4.10,2974,17,74,222
2020.4.11,3234,23,79,260
2020.4.12,3400,29,87,166
2020.4.14,3574,72,95,102
2020.4.15,3751,75,103,177
2020.4.16,4016,98,109,265
2020.4.17,4210,122,116,194
2020.4.18,4273,140,120,63
2020.4.19,4467,165,126,194
2020.4.20,4658,204,136,191
2020.4.21,4821,231,141,163
2020.4.22,4992,255,144,171
2020.4.23,5166,271,146,174
2020.4.24,5338,319,154,172
2020.4.25,5538,338,159,200
2020.4.26,5779,338,165,241
2020.4.27,6021,455,167,242
2020.4.28,6200,484,176,179
2020.4.29,6378,527,178,178
2020.4.30,6532,576,188,154
2020.5.1,6720,622,192,188
2020.5.2,7090,641,197,370
2020.5.4,7387,726,203,190
2020.5.5,7523,726,210,136
2020.5.6,7731,859,218,208
2020.5.7,7868,886,225,137
2020.5.9,8282,4501,237,212
2020.5.10,8448,4687,244,166
2020.5.12,8783,6021,252,167
2020.5.13,8944,6067,256,161
2020.5.14,9118,6080,260,174
2020.5.15,9268,6080,266,150
2020.5.16,9449,6080,269,181
2020.5.17,9606,6081,275,157
2020.5.18,9606,6081,275,0
2020.5.19,9726,6081,279,120
2020.5.20,9867,6194,281,141
2020.5.21,9977,6194,287,110
2020.5.22,10116,6245,291,139
2020.5.23,10267,6275,295,151
2020.5.24,10577,6279,299,310
2020.5.25,10926,6279,306,349
2020.5.26,11183,6279,310,257
2020.5.27,11447,6379,313,264
2020.5.28,11728,7379,315,281
2020.5.29,12131,7379,320,403
2020.5.30,12531,7540,326,400
2020.5.31,13018,9414,330,487
2020.6.1,13463,9514,336,445
2020.6.2,13837,9514,344,374
2020.6.3,14095,9514,352,258
2020.6.4,14609,9519,357,514
2020.6.5,15044,9619,363,435
2020.6.6,15463,9719,370,419
2020.6.7,16004,10118,386,541
2020.6.8,16425,10218,393,421
2020.6.9,16854,10401,398,429
2020.6.10,17233,10561,403,379
2020.6.11,17889,10977,413,656
2020.6.12,18586,10977,418,697
2020.6.13,19211,13759,421,625
2020.6.14,20059,13759,429,848
2020.6.15,20686,13766,437,627
2020.6.16,21422,13766,448,736
2020.6.17,21962,13774,457,540
2020.6.18,22597,13774,470,635
2020.6.19,23351,13782,475,754
2020.6.20,24274,14359,485,923
2020.6.21,25222,14359,493,948
2020.6.22,26030,14359,501,808
2020.6.23,26752,14664,521,722
2020.6.24,27314,14694,536,562
2020.6.25,28030,14794,547,716
2020.6.26,29037,14800,564,1007
2020.6.27,29905,15270,575,868
2020.6.28,30658,15370,592,753
2020.6.29,31686,15470,604,1028
2020.6.30,32785,15595,620,1099
2020.7.1,33550,15745,631,765
2020.7.2,34463,15945,645,913
2020.7.3,35237,16445,667,774
2020.7.4,35995,16945,698,758
2020.7.5,36983,17761,720,988
2020.7.6,38149,17986,747,1166
2020.7.7,39334,18036,770,1185
2020.7.8,40291,18726,799,957
2020.7.9,41251,19469,819,960
2020.7.10,42216,20437,839,965
2020.7.11,43257,21426,863,1041
2020.7.12,44332,22170,893,1075
2020.7.13,45633,23039,909,1301
2020.7.14,47173,23919,932,1540
2020.7.15,48096,24667,960,923
2020.7.16,49243,25417,982,1147
2020.7.17,50373,25842,1000,1130
2020.7.18,51408,26520,1038,1035
2020.7.19,52261,27494,1071,853
2020.7.20,53468,28482,1096,1207
2020.7.21,54426,29164,1127,958
2020.7.22,55153,30075,1159,727
2020.7.23,55906,31122,1180,753
2020.7.24,56817,31828,1209,911
2020.7.25,57993,32704,1250,1176
2020.7.26,58864,33428,1275,871
2020.7.27,60296,34131,1294,1432
2020.7.28,61442,35086,1322,1146
2020.7.29,62223,36181,1349,781
2020.7.30,63269,37316,1374,1046
2020.7.31,64191,38218,1397,922
2020.8.1,65256,39166,1421,1065
2020.8.2,66383,40081,1449,1127
2020.8.3,67453,41038,1471,1070
2020.8.4,68456,42093,1497,1003
2020.8.5,69424,43330,1522,968
2020.8.6,70231,44792,1553,807
2020.8.7,71418,45658,1574,1187
2020.8.8,72560,46675,1591,1142
2020.8.9,73651,47484,1609,1091
2020.8.10,74492,48748,1639,841
2020.8.11,75394,49510,1664,902
2020.8.12,76464,50665,1680,1070
2020.8.13,77377,51597,1703,913
2020.8.14,78446,52210,1722,1069
2020.8.15,79402,52886,1734,956
2020.8.16,80665,53857,1746,1263
2020.8.17,81940,55001,1767,1275
2020.8.18,82543,55845,1788,603
2020.8.19,82790,57191,1809,247
2020.8.20,83754,58274,1827,964
2020.8.21,83855,59174,1844,101
2020.8.22,84392,59722,1859,537
2020.8.23,85480,60528,1878,1088
2020.8.24,86900,61420,1892,1420
2020.8.25,87485,62185,1906,585
2020.8.26,88381,62759,1919,896
2020.8.27,89082,63595,1932,701
2020.8.28,89982,63996,1948,900
2020.8.29,90624,64602,1966,642
2020.8.30,91337,65119,1983,713
2020.8.31,92065,65747,1995,728
2020.9.1,92982,66173,2002,917
2020.9.2,93552,66974,2018,570
2020.9.3,94084,67487,2030,532
2020.9.4,94914,68198,2046,830
2020.9.5,95596,68742,2063,682
2020.9.6,96305,69223,2075,709
2020.9.7,97043,69661,2086,738
2020.9.8,97578,70247,2099,535
2020.9.9,98407,70751,2107,829
2020.9.10,99042,71419,2116,635
2020.9.11,99715,72203,2127,673
2020.9.12,100330,72858,2140,615
2020.9.13,101041,73476,2155,711
2020.9.14,101745,74107,2166,704
2020.9.15,102204,74782,2173,459
2020.9.16,102832,75592,2187,628
2020.9.17,103466,76787,2198,634
2020.9.18,104138,77881,2213,672
2020.9.19,104879,79093,2229,741
2020.9.20,105601,80190,2247,722
2020.9.21,106203,81365,2257,602
2020.9.22,106810,82320,2272,607
2020.9.23,107284,83318,2285,474
2020.9.24,107990,84437,2291,706
2020.9.25,108726,85494,2297,736
2020.9.26,109431,86158,2311,705
2020.9.27,110108,86796,2323,677
2020.9.28,110555,87215,2340,447
2020.9.29,111277,87695,2348,722
2020.9.30,111853,88202,2364,576
2020.10.1,112595,89061,2372,742
2020.10.2,113342,89903,2387,747
2020.10.3,113962,90772,2406,620
2020.10.4,114653,91195,2414,691
2020.10.5,115286,91809,2423,633
2020.10.6,115919,92423,2430,633
2020.10.7,116602,92950,2440,683
2020.10.8,117300,93610,2448,698
2020.10.9,118054,94391,2463,754
2020.10.10,118841,94962,2474,787
2020.10.11,119666,95552,2482,825
2020.10.12,120313,96164,2491,647
2020.10.13,120802,96675,2502,489
2020.10.14,121296,97297,2511,494
2020.10.15,122128,97919,2519,832
2020.10.16,122883,98671,2529,755
2020.10.17,123498,99286,2546,615
2020.10.18,124107,100348,2557,609
2020.10.19,124745,101041,2564,638
2020.10.20,125181,101545,2574,436
2020.10.21,125739,102028,2585,558
2020.10.22,126435,102725,2597,696
2020.10.23,127227,103398,2612,792
2020.10.24,127866,103985,2622,639
2020.10.25,128515,104562,2628,649
2020.10.26,129200,105231,2633,685
2020.10.27,129751,105710,2638,551
2020.10.28,130422,106440,2650,671
2020.10.29,131247,107391,2663,825
2020.10.30,132045,108342,2678,798
2020.10.31,132867,109369,2688,822
2020.11.1,133598,110552,2700,731
2020.11.2,134336,111634,2706,738
2020.11.3,134915,112565,2720,579
2020.11.4,135592,113379,2731,677
2020.11.5,136024,114207,2744,432
2020.11.6,136567,115078,2756,543
2020.11.7,137760,115990,2770,1193
2020.11.8,138506,116823,2781,746
2020.11.9,139527,117770,2798,1021
2020.11.10,140331,118711,2808,804
2020.11.11,141302,119707,2817,971
2020.11.12,142465,120823,2823,1163
2020.11.13,143352,122070,2830,887
2020.11.14,144477,123229,2856,1125
2020.11.15,145309,124271,2867,832
2020.11.16,146653,125370,2873,1344
2020.11.17,147667,126746,2881,1014
2020.11.18,148721,128242,2893,1054
2020.11.19,149833,129755,2907,1112
2020.11.20,151089,131315,2922,1256
2020.11.21,152289,132748,2932,1200
2020.11.22,153577,134360,2946,1288
2020.11.23,154783,135962,2957,1206
2020.11.24,155658,137004,2973,875
2020.11.25,156930,138007,2986,1272
2020.11.26,158532,139356,3002,1602
2020.11.27,160287,140976,3018,1755
2020.11.28,161744,142046,3030,1457
2020.11.29,163453,142872,3039,1709
2020.11.30,165806,144462,3079,1276
2020.12.1,165806,144462,3079,0
2020.12.2,167311,145518,3098,1505
2020.12.3,169339,146576,3114,2028
2020.12.4,171219,148396,3141,1880
2020.12.5,173607,150051,3154,2388
2020.12.6,175907,151247,3173,2300
2020.12.7,177719,152890,3193,1812
2020.12.8,179230,154330,3212,1511
2020.12.9,181166,155870,3241,1936
2020.12.10,182977,156870,3264,1811
2020.12.11,185424,157888,3287,2447
2020.12.12,187779,159070,3309,2355
2020.12.13,190585,160641,3331,2806
2020.12.14,193007,162105,3356,2422
2020.12.15,194619,163334,3382,1612
2020.12.16,196987,164855,3411,2368
2020.12.17,199947,166600,3439,2960
2020.12.18,203295,168238,3481,3348
2020.12.19,206310,170170,3504,3015
2020.12.20,209584,171745,3527,3274
2020.12.21,212339,173508,3566,2755
2020.12.22,214038,174951,3597,1699
2020.12.23,217202,176428,3632,3164
2020.12.24,220261,178140,3664,3059
2020.12.25,223674,180045,3715,3413
2020.12.26,226660,181749,3756,2986
2020.12.27,231357,185966,3840,4697
2020.12.28,233705,187552,3892,2348
2020.12.29,233705,187552,3892,0
2020.12.30,238279,189764,3933,4574
2020.12.31,242744,192601,3975,4465
2021.1.1,246790,195138,4022,4046
2021.1.2,249733,197928,4064,2943
2021.1.3,251764,199694,4103,2031
2021.1.4,253736,201816,4140,1972
2021.1.5,256230,203688,4197,2494
2021.1.6,259770,206087,4238,3540
2021.1.7,264956,208620,4283,5186
2021.1.8,269091,212656,4321,4135
2021.1.9,273037,215361,4363,3946
2021.1.10,276772,217544,4406,3735
2021.1.11,279196,219144,4455,2424
2021.1.12,281353,220833,4500,2157
2021.1.13,285093,223635,4561,3740
2021.1.14,288408,227141,4594,3315
2021.1.15,291285,230702,4651,2877
2021.1.16,293592,234295,4689,2307
2021.1.17,296269,236954,4738,2677
2021.1.18,298019,238999,4787,1750
2021.1.19,299361,241128,4828,1342
2021.1.20,301534,243157,4864,2173
2021.1.21,303777,246452,4912,2243
2021.1.22,305752,250215,4944,1975
2021.1.23,307793,253503,4980,2041
2021.1.24,309851,256597,5034,2058
2021.1.25,311244,259095,5063,1393
2021.1.26,312158,261291,5098,914
2021.1.27,313834,263495,5137,1676
2021.1.28,315400,266534,5176,1566
2021.1.29,316808,269637,5196,1408
2021.1.30,318253,272180,5221,1445
2021.1.31,319453,274806,5244,1200
2021.2.1,320379,276417,5270,926
2021.2.2,321103,278442,5296,724
2021.2.3,322201,280827,5339,1098
2021.2.4,323382,283298,5366,1181
2021.2.5,324489,285490,5391,1107
2021.2.6,325487,287846,5426,998
2021.2.7,326464,290124,5455,977
2021.2.8,327091,292302,5480,627
2021.2.9,327654,294410,5506,563
2021.2.10,328476,297650,5531,822
2021.2.11,329367,300610,5550,891
2021.2.12,330075,303610,5572,708
2021.2.13,330985,306634,5595,910
2021.2.14,331692,309296,5621,707
2021.2.15,332179,311783,5636,487
2021.2.16,332679,313783,5642,500
2021.2.17,333251,314797,5655,572
2021.2.18,333755,316048,5672,504
2021.2.19,334463,317432,5694,708
2021.2.20,335339,318795,5711,876
2021.2.21,336037,319821,5727,698
2021.2.22,336521,320668,5742,484
2021.2.23,337087,321439,5756,566
2021.2.24,337805,322238,5772,718
2021.2.25,338701,323283,5789,896
2021.2.26,339383,324156,5810,682
2021.2.27,339781,324836,5820,398
2021.2.28,340445,325491,5831,664
2021.3.1,340915,326213,5845,470
2021.3.2,341420,327317,5858,505
2021.3.3,342019,328100,5871,599
2021.3.4,342741,328945,5884,722
2021.3.5,343281,329709,5895,540
2021.3.6,343743,330474,5907,462
2021.3.7,344477,331233,5910,734
2021.3.8,344834,331762,5923,357
2021.3.9,345236,332219,5934,402
2021.3.10,345759,333005,5944,523
2021.3.11,346301,333675,5957,542
2021.3.12,346775,334256,5972,474
2021.3.13,347226,334795,5981,451
2021.3.14,347641,335402,5987,415
2021.3.15,347919,335850,5994,278
2021.3.16,348155,336277,6005,236
2021.3.17,348580,337010,6009,425
2021.3.18,349020,337630,6018,440
2021.3.19,349505,338181,6025,485
2021.3.20,350220,338745,6035,715
2021.3.21,350665,339239,6042,445
2021.3.22,350991,339565,6044,326
2021.3.23,351213,339961,6052,222
2021.3.24,351667,340493,6060,454
2021.3.25,352082,340974,6065,415
2021.3.26,352579,341476,6073,497
2021.3.27,353017,341900,6087,438
2021.3.28,353497,342379,6090,480
2021.3.29,353839,342774,6100,342
2021.3.30,354085,343057,6103,246
2021.3.31,354604,343501,6109,519
2021.4.1,355051,343904,6114,447
2021.4.2,355499,344327,6119,448
2021.4.3,355850,344701,6126,351
2021.4.4,356073,345120,6131,223
2021.4.5,356377,345493,6135,304
2021.4.6,356556,345719,6138,179
2021.4.7,356913,346153,6146,357
2021.4.8,357277,346611,6148,364
2021.4.9,357704,347060,6152,427
2021.4.10,358098,347483,6156,394
2021.4.11,358377,347898,6159,279
2021.4.12,358611,348231,6163,234
2021.4.13,358792,348554,6167,181
2021.4.14,359121,348953,6173,329
2021.4.15,359516,349318,6177,395
2021.4.16,359830,349718,6183,314
2021.4.17,360249,350134,6185,419
2021.4.18,360597,350347,6187,348
2021.4.19,360841,350610,6188,244
2021.4.20,361044,350835,6189,203
