date,累计确诊,治愈,死亡,新增确诊
2020.4.7,821,467,5,55
2020.4.8,823,477,5,12
2020.4.9,887,519,5,64
2020.4.10,998,551,6,85
2020.4.11,1040,555,6,115
2020.4.12,1136,558,6,49
2020.4.13,1361,591,6,225
2020.4.14,1528,645,7,167
2020.4.15,1673,663,7,2
2020.4.16,1700,703,7,29
2020.4.17,1744,726,7,4
2020.4.18,1773,755,7,33
2020.4.19,1881,759,7,8
2020.4.20,1907,769,7,26
2020.4.21,1973,784,7,66
2020.4.22,2027,1026,7,54
2020.4.23,2217,1082,8,190
2020.4.24,2518,1113,8,301
2020.4.26,2647,1189,8,59
2020.4.27,2723,1218,8,76
2020.4.28,2811,1310,8,88
2020.4.29,2921,1455,8,110
2020.4.30,3040,1500,8,119
2020.5.1,3273,1567,8,103
2020.5.2,3284,1568,8,11
2020.5.4,3679,1762,8,150
2020.5.5,3720,1762,8,187
2020.5.6,3934,1860,8,214
2020.5.7,4199,2000,8,265
2020.5.9,4856,2065,8,82
2020.5.10,5157,2152,8,167
2020.5.11,5236,2152,9,295
2020.5.12,5531,2182,9,295
2020.5.13,5816,2205,10,285
2020.5.14,6198,2353,10,382
2020.5.15,6583,2640,11,385
2020.5.16,6747,2753,12,164
2020.5.17,6956,2910,12,209
2020.5.18,7156,2929,12,200
2020.5.19,7374,2952,12,218
2020.5.20,7843,3334,12,469
2020.5.21,8039,3715,12,196
2020.5.22,8369,4004,12,330
2020.5.23,8774,4462,12,405
2020.5.24,9093,4581,13,319
2020.5.25,9164,4753,14,71
2020.5.26,9223,4916,14,59
2020.5.27,9633,5142,15,410
2020.5.28,9977,5295,15,344
2020.5.29,10352,5491,15,375
2020.5.30,10740,5811,15,388
2020.5.31,11288,6673,19,548
2020.6.1,11804,7070,19,516
2020.6.2,12229,7397,19,425
2020.6.3,12574,7410,20,345
2020.6.4,13229,7728,21,655
2020.6.5,13733,8471,22,504
2020.6.6,14224,9020,23,491
2020.6.7,14763,9468,25,539
2020.6.8,15417,10326,26,654
2020.6.9,15731,10606,29,314
2020.6.10,16200,11109,30,469
2020.6.11,16667,11487,34,467
2020.6.12,17269,11903,36,602
2020.6.13,17713,12191,37,444
2020.6.14,18227,12818,41,514
2020.6.15,18544,13197,46,317
2020.6.16,19013,13267,47,469
2020.6.17,19553,13866,48,540
2020.6.18,19961,14185,53,408
2020.6.19,20430,14696,57,469
2020.6.20,20916,15287,59,486
2020.6.21,21331,15790,61,415
2020.6.22,21764,16419,64,433
2020.6.23,22407,16862,66,643
2020.6.24,23062,17450,68,655
2020.6.25,23570,17977,70,508
2020.6.26,24081,18501,71,511
2020.6.27,24805,19137,78,724
2020.6.28,25267,19781,78,462
2020.6.29,25705,20517,83,438
2020.6.30,26239,20928,86,534
2020.7.1,26758,21331,91,519
2020.7.2,27414,21948,93,656
2020.7.3,27837,22583,95,423
2020.7.4,28410,23318,95,573
2020.7.5,28857,23959,96,447
2020.7.6,29367,24649,98,510
2020.7.7,29821,25178,98,454
2020.7.8,30321,25570,98,500
2020.7.9,30931,26073,101,610
2020.7.10,31528,26520,103,597
2020.7.11,32039,27213,104,511
2020.7.12,32470,27828,104,431
2020.7.13,32941,28425,109,471
2020.7.14,33476,29099,109,535
2020.7.15,34078,29753,116,602
2020.7.16,34560,30320,120,482
2020.7.17,35084,30809,121,524
2020.7.18,35473,31188,124,389
2020.7.19,36004,31765,124,531
2020.7.20,36422,32372,127,418
2020.7.21,36936,32965,128,514
2020.7.22,37316,33455,130,380
2020.7.23,37637,33894,132,321
2020.7.24,37996,34412,136,359
2020.7.25,38458,34826,137,462
2020.7.26,38747,35205,140,289
2020.7.27,39131,35689,141,384
2020.7.28,39482,36110,141,351
2020.7.29,39921,36531,142,439
2020.7.30,40311,36920,145,390
2020.7.31,40755,37357,147,444
2020.8.1,40982,37840,147,227
2020.8.2,41190,38211,147,208
2020.8.3,41536,38666,148,346
2020.8.4,41835,39007,150,299
2020.8.5,42132,39335,153,297
2020.8.6,42514,39576,156,382
2020.8.7,42889,39945,158,375
2020.8.8,43307,40276,159,418
2020.8.9,43629,40549,162,322
2020.8.10,44011,40967,163,382
2020.8.11,44397,41209,165,386
2020.8.12,44804,41504,165,407
2020.8.13,45264,41836,167,460
2020.8.14,45726,42180,167,462
2020.8.15,46052,42469,169,326
2020.8.16,46430,42806,170,378
2020.8.17,46835,43128,172,405
2020.8.18,47185,43529,174,350
2020.8.19,47581,43921,176,396
2020.8.20,47950,44278,179,369
2020.8.21,48303,44628,179,353
2020.8.22,48661,45166,183,358
2020.8.23,49038,45589,184,377
2020.8.24,49330,45981,184,292
2020.8.25,49719,46311,185,389
2020.8.26,50076,46673,186,357
2020.8.27,50393,47049,186,317
2020.8.28,50756,47370,189,363
2020.8.29,51113,47760,189,357
2020.8.30,51391,48275,189,278
2020.8.31,51574,48654,190,183
2020.9.1,51972,49047,190,398
2020.9.2,52440,49395,190,468
2020.9.3,52807,49645,190,367
2020.9.4,53433,50013,192,626
2020.9.5,54095,50323,196,662
2020.9.6,54771,50645,199,676
2020.9.7,55415,50946,200,644
2020.9.8,56076,51240,202,661
2020.9.9,56778,51574,202,702
2020.9.10,57450,51819,206,672
2020.9.11,58207,52284,208,757
2020.9.12,58839,52776,210,632
2020.9.13,59586,53192,211,747
2020.9.14,60307,53681,212,721
2020.9.15,60965,54204,213,658
2020.9.16,61643,54831,215,678
2020.9.17,62484,55444,216,841
2020.9.18,63189,56087,218,705
2020.9.19,63879,56700,221,690
2020.9.20,64499,57299,221,620
2020.9.21,65039,57950,223,540
2020.9.22,65752,58626,227,713
2020.9.23,66402,59367,231,650
2020.9.24,67014,60117,231,612
2020.9.25,67701,60853,234,687
2020.9.26,68190,61475,236,489
2020.9.27,68775,62252,242,585
2020.9.28,69361,62887,243,586
2020.9.29,69848,63549,246,487
2020.9.30,70422,64267,248,574
2020.10.1,70864,64838,253,442
2020.10.2,71374,65550,255,510
2020.10.3,71803,66184,257,429
2020.10.4,72310,66813,259,507
2020.10.5,72662,67475,261,352
2020.10.6,73116,67933,262,454
2020.10.7,73476,68606,262,360
2020.10.8,73932,69411,262,456
2020.10.9,74422,69854,266,490
2020.10.10,74860,70406,272,438
2020.10.11,75287,70808,273,427
2020.10.12,75614,71249,278,327
2020.10.13,75948,71687,284,334
2020.10.14,76272,72164,287,324
2020.10.15,76621,72561,288,349
2020.10.16,76954,73013,289,333
2020.10.17,77325,73421,293,371
2020.10.18,77571,73841,298,246
2020.10.19,77902,74320,301,331
2020.10.20,78224,74683,304,322
2020.10.21,78533,75089,307,309
2020.10.22,78907,75424,308,374
2020.10.23,79211,75840,310,304
2020.10.24,79574,76143,312,363
2020.10.25,79975,76474,312,401
2020.10.26,80255,76776,315,280
2020.10.27,80533,77132,316,278
2020.10.28,80765,77421,316,232
2020.10.29,81022,77697,317,257
2020.10.30,81262,78102,319,240
2020.10.31,81466,78365,320,204
2020.11.1,81645,78719,321,179
2020.11.2,81923,78997,322,278
2020.11.3,82133,79318,323,210
2020.11.4,82363,79680,326,230
2020.11.5,82624,79929,328,261
2020.11.6,82786,80174,328,162
2020.11.7,83023,80526,329,237
2020.11.8,83264,80763,329,241
2020.11.9,83456,81000,329,192
2020.11.10,83632,81225,330,176
2020.11.11,83811,81415,332,179
2020.11.12,84042,81658,332,231
2020.11.13,84192,81846,332,150
2020.11.14,84349,82038,332,157
2020.11.15,84523,82300,333,174
2020.11.16,84703,82469,335,180
2020.11.17,84882,82680,337,179
2020.11.18,85008,82900,337,126
2020.11.19,85182,83087,337,174
2020.11.20,85317,83244,337,135
2020.11.21,85467,83416,338,150
2020.11.22,85591,83617,338,124
2020.11.23,85705,83829,339,114
2020.11.24,85886,84017,339,181
2020.11.25,86016,84166,340,130
2020.11.26,86185,84335,341,169
2020.11.27,86347,84510,341,162
2020.11.28,86515,84653,341,168
2020.11.29,86645,84785,341,130
2020.11.30,86956,85141,341,142
2020.12.1,86956,85141,341,0
2020.12.2,87137,85357,341,181
2020.12.3,87270,85463,341,133
2020.12.4,87432,85598,341,162
2020.12.5,87600,85710,341,168
2020.12.6,87732,85876,341,132
2020.12.7,87930,86030,341,198
2020.12.8,88111,86215,341,181
2020.12.9,88294,86348,345,183
2020.12.10,88495,86518,347,201
2020.12.11,88632,86684,347,137
2020.12.12,88820,86867,347,188
2020.12.13,88965,87025,348,145
2020.12.14,89143,87182,348,178
2020.12.15,89268,87332,348,125
2020.12.16,89444,87490,349,176
2020.12.17,89600,87690,349,156
2020.12.18,89743,87846,349,143
2020.12.19,89883,88003,349,140
2020.12.20,90062,88178,349,179
2020.12.21,90282,88331,349,220
2020.12.22,90450,88542,350,168
2020.12.23,90634,88666,350,184
2020.12.24,90817,88826,350,183
2020.12.25,91070,88963,350,253
2020.12.26,91304,89152,351,234
2020.12.27,91733,89456,351,429
2020.12.28,91935,89643,351,202
2020.12.29,91935,89643,351,0
2020.12.30,92169,89804,351,234
2020.12.31,92425,90026,352,256
2021.1.1,92675,90217,352,250
2021.1.2,92913,90369,352,238
2021.1.3,93184,90558,352,271
2021.1.4,93478,90686,352,294
2021.1.5,93766,90995,352,288
2021.1.6,93995,91213,352,229
2021.1.7,94284,91431,353,289
2021.1.8,94633,91630,353,349
2021.1.9,95030,91875,354,397
2021.1.10,95317,92113,355,287
2021.1.11,95558,92362,356,241
2021.1.12,95879,92645,356,321
2021.1.13,96195,92920,356,316
2021.1.14,96470,93160,356,275
2021.1.15,96812,93329,356,342
2021.1.16,97020,93726,357,208
2021.1.17,97268,94039,358,248
2021.1.18,97607,94297,360,339
2021.1.19,97940,94646,360,333
2021.1.20,98260,94937,362,320
2021.1.21,98573,95240,366,313
2021.1.22,98878,95594,366,305
2021.1.23,99210,95902,366,332
2021.1.24,99456,96112,367,246
2021.1.25,99817,96532,367,361
2021.1.26,100230,96761,369,413
2021.1.27,100689,97006,370,459
2021.1.28,101116,97337,371,427
2021.1.29,101503,97664,372,387
2021.1.30,101971,97948,372,468
2021.1.31,102626,98160,372,655
2021.2.1,103057,98599,375,431
2021.2.2,103582,99000,376,525
2021.2.3,104239,99285,376,657
2021.2.4,104792,99527,376,553
2021.2.5,105496,99939,377,704
2021.2.6,106198,100363,377,702
2021.2.7,106713,100772,379,515
2021.2.8,107329,101168,380,616
2021.2.9,108048,101629,383,719
2021.2.10,108807,102289,387,759
2021.2.11,109604,102725,391,797
2021.2.12,110416,103251,393,812
2021.2.13,111312,103878,395,896
2021.2.14,112102,104487,398,790
2021.2.15,112742,105166,403,640
2021.2.16,113590,105784,406,848
2021.2.17,114361,106412,410,771
2021.2.18,115057,107016,410,696
2021.2.19,115705,107649,414,648
2021.2.20,116482,108353,418,777
2021.2.21,117234,109085,420,752
2021.2.22,117809,110007,423,575
2021.2.23,118530,110827,429,721
2021.2.24,119205,111691,433,675
2021.2.25,119858,112323,437,653
2021.2.26,120495,113132,439,637
2021.2.27,121127,113799,444,632
2021.2.28,121778,114472,444,651
2021.3.1,122394,115089,449,616
2021.3.2,123039,115895,452,645
2021.3.3,123531,116487,455,492
2021.3.4,124269,117026,458,738
2021.3.5,124857,117656,462,588
2021.3.6,125514,118301,468,657
2021.3.7,126126,119047,469,612
2021.3.8,126602,119771,472,476
2021.3.9,127255,120489,473,653
2021.3.10,127800,121106,474,545
2021.3.11,128428,121776,476,628
2021.3.12,129081,122416,478,653
2021.3.13,129825,123170,480,744
2021.3.14,130404,123671,481,579
2021.3.15,131001,124367,484,597
2021.3.16,131683,124823,485,682
2021.3.17,132369,125503,487,686
2021.3.18,133137,126080,489,768
2021.3.19,133779,126703,491,642
2021.3.20,134510,127329,493,731
2021.3.21,135326,127806,498,816
2021.3.22,135982,128434,500,656
2021.3.23,136741,129242,502,759
2021.3.24,137550,129845,503,809
2021.3.25,138283,130397,507,733
2021.3.26,139124,131115,508,841
2021.3.27,139953,131594,513,829
2021.3.28,140818,132455,513,865
2021.3.29,141845,133098,513,1027
2021.3.30,142669,133753,515,824
2021.3.31,143574,134442,517,905
2021.4.1,144445,135315,521,871
2021.4.2,145380,136064,523,935
2021.4.3,146454,136827,527,1074
2021.4.4,147770,137555,531,1316
2021.4.5,148817,138407,536,1047
2021.4.6,149791,139205,541,974
2021.4.7,150811,140125,545,1020
2021.4.8,151931,141119,547,1120
2021.4.9,153074,141911,548,1143
2021.4.10,154280,142741,551,1206
2021.4.11,155402,143889,554,1122
2021.4.12,156462,144917,557,1060
2021.4.13,157729,145953,562,1267
2021.4.14,158789,147162,566,1060
2021.4.15,159964,148093,569,1175
2021.4.16,160934,149159,574,970
2021.4.17,162089,150179,581,1155
2021.4.18,163113,151286,588,1024
2021.4.19,164110,152361,594,997
2021.4.20,165118,153671,600,1008
