date,累计确诊,治愈,死亡,新增确诊
2020.4.8,414,134,23,30
2020.4.9,443,146,24,29
2020.4.10,448,149,26,5
2020.4.11,484,155,27,36
2020.4.12,497,161,27,13
2020.4.13,515,161,27,18
2020.4.14,528,177,30,13
2020.4.15,542,226,32,14
2020.4.16,546,257,32,4
2020.4.17,557,294,35,11
2020.4.18,565,321,36,8
2020.4.19,576,338,36,11
2020.4.20,581,357,38,5
2020.4.21,600,362,38,19
2020.4.22,609,389,39,9
2020.4.23,616,410,41,7
2020.4.24,629,425,41,13
2020.4.26,632,453,42,3
2020.4.27,635,469,42,2
2020.4.28,638,476,42,3
2020.4.29,641,498,43,22
2020.4.30,645,506,43,4
2020.5.1,649,517,44,4
2020.5.2,652,535,44,3
2020.5.3,662,540,45,10
2020.5.4,672,545,46,10
2020.5.5,688,548,48,16
2020.5.6,729,555,48,41
2020.5.7,736,562,48,7
2020.5.10,751,577,49,3
2020.5.11,760,584,50,9
2020.5.12,766,588,51,6
2020.5.15,780,595,51,7
2020.5.16,782,595,51,2
2020.5.17,796,644,51,14
2020.5.18,796,644,51,0
2020.5.19,796,652,51,0
2020.5.20,809,661,52,13
2020.5.21,812,669,52,3
2020.5.22,812,669,52,0
2020.5.23,814,672,52,2
2020.5.24,814,672,52,0
2020.5.25,832,672,52,18
2020.5.26,832,672,52,0
2020.5.27,845,672,53,13
2020.5.28,845,672,53,0
2020.5.29,847,719,53,2
2020.5.30,847,720,53,0
2020.5.31,847,720,53,0
2020.6.1,847,720,53,0
2020.6.2,881,720,53,34
2020.6.3,884,753,53,3
2020.6.4,884,753,53,0
2020.6.5,885,760,53,1
2020.6.6,888,760,53,3
2020.6.7,889,765,53,1
2020.6.8,890,765,53,1
2020.6.9,890,765,53,0
2020.6.10,891,765,53,1
2020.6.11,891,790,53,0
2020.6.12,892,791,53,1
2020.6.13,892,799,53,0
2020.6.14,894,799,53,2
2020.6.15,894,804,53,0
2020.6.16,894,807,53,0
2020.6.17,895,809,53,1
2020.6.18,899,810,53,4
2020.6.19,900,810,53,1
2020.6.20,901,810,53,1
2020.6.21,901,814,53,0
2020.6.22,903,814,53,2
2020.6.23,907,823,53,4
2020.6.24,919,825,53,12
2020.6.25,934,826,53,15
2020.6.26,941,830,53,7
2020.6.27,941,830,53,0
2020.6.28,941,830,53,0
2020.6.29,959,830,53,18
2020.6.30,962,838,53,3
2020.7.1,962,838,53,0
2020.7.2,967,846,53,5
2020.7.3,980,852,53,13
2020.7.4,980,852,53,0
2020.7.5,987,854,53,7
2020.7.6,1000,858,53,13
2020.7.7,1003,860,53,3
2020.7.8,1003,861,53,0
2020.7.9,1005,862,53,2
2020.7.10,1005,862,53,0
2020.7.11,1020,864,53,15
2020.7.12,1033,869,53,13
2020.7.13,1036,869,53,3
2020.7.14,1037,873,53,1
2020.7.15,1037,873,53,0
2020.7.16,1038,882,53,1
2020.7.17,1045,887,53,7
2020.7.18,1047,887,53,2
2020.7.19,1052,901,53,5
2020.7.20,1052,901,53,0
2020.7.21,1065,901,53,13
2020.7.22,1066,917,53,1
2020.7.23,1070,919,53,4
2020.7.24,1075,920,53,5
2020.7.25,1075,920,53,0
2020.7.26,1086,920,53,11
2020.7.27,1100,926,53,14
2020.7.28,1100,926,53,0
2020.7.29,1105,931,53,5
2020.7.30,1106,935,53,1
2020.7.31,1106,935,53,0
2020.8.1,1106,935,53,0
2020.8.2,1143,945,53,37
2020.8.3,1150,947,53,7
2020.8.4,1153,947,53,3
2020.8.5,1153,947,54,0
2020.8.6,1158,961,54,5
2020.8.7,1158,961,54,0
2020.8.8,1158,961,54,0
2020.8.9,1175,974,54,17
2020.8.10,1204,984,54,29
2020.8.11,1204,984,54,0
2020.8.12,1213,995,54,9
2020.8.13,1213,995,54,0
2020.8.14,1228,997,54,15
2020.8.15,1238,1005,54,10
2020.8.16,1249,1013,54,11
2020.8.17,1267,1013,55,18
2020.8.18,1280,1018,55,13
2020.8.19,1280,1018,55,0
2020.8.20,1292,1026,55,12
2020.8.21,1297,1034,55,5
2020.8.22,1297,1034,55,0
2020.8.23,1297,1034,55,0
2020.8.24,1328,1050,55,31
2020.8.25,1338,1050,55,10
2020.8.26,1352,1058,55,14
2020.8.27,1352,1058,55,0
2020.8.28,1352,1058,55,0
2020.8.29,1352,1058,55,0
2020.8.30,1357,1058,55,5
2020.8.31,1368,1058,55,11
2020.9.1,1370,1075,55,2
2020.9.2,1370,1075,55,0
2020.9.3,1370,1075,55,0
2020.9.4,1375,1075,55,5
2020.9.5,1408,1098,55,33
2020.9.6,1408,1098,55,0
2020.9.7,1452,1103,55,44
2020.9.8,1463,1112,56,11
2020.9.9,1466,1112,56,3
2020.9.10,1476,1118,56,10
2020.9.11,1486,1123,56,10
2020.9.12,1499,1127,56,13
2020.9.13,1514,1127,56,15
2020.9.14,1707,1135,56,193
2020.9.15,1717,1137,56,10
2020.9.16,1733,1141,56,16
2020.9.17,1748,1162,56,15
2020.9.18,1767,1166,56,19
2020.9.19,1797,1173,56,30
2020.9.20,1816,1176,56,19
2020.9.21,1846,1187,56,30
2020.9.22,1896,1189,56,50
2020.9.23,1907,1252,56,11
2020.9.24,1929,1252,56,22
2020.9.25,1950,1260,56,21
2020.9.26,1962,1263,56,12
2020.9.27,1973,1264,56,11
2020.9.28,2008,1276,56,35
2020.9.29,2028,1279,57,20
2020.9.30,2032,1309,58,4
2020.10.1,2056,1335,58,24
2020.10.2,2088,1363,58,32
2020.10.3,2123,1385,59,35
2020.10.4,2154,1397,59,31
2020.10.5,2167,1419,59,13
2020.10.6,2184,1420,59,17
2020.10.7,2197,1441,59,13
2020.10.8,2222,1478,59,25
2020.10.9,2241,1506,60,19
2020.10.10,2254,1516,60,13
2020.10.11,2271,1542,61,17
2020.10.12,2280,1554,63,9
2020.10.13,2294,1571,63,14
2020.10.14,2305,1581,63,11
2020.10.15,2305,1581,63,0
2020.10.16,2335,1645,65,30
2020.10.17,2343,1718,65,8
2020.10.18,2343,1718,65,0
2020.10.19,2381,1774,65,38
2020.10.20,2387,1802,65,6
2020.10.21,2406,1824,65,19
2020.10.22,2406,1824,65,0
2020.10.23,2414,1869,65,8
2020.10.24,2433,1996,65,19
2020.10.25,2444,1997,65,11
2020.10.26,2451,2019,65,7
2020.10.27,2459,2164,67,8
2020.10.28,2466,2181,67,7
2020.10.29,2471,2211,67,5
2020.10.30,2471,2211,67,0
2020.10.31,2477,2218,67,6
2020.11.1,2500,2250,67,23
2020.11.2,2500,2250,67,0
2020.11.3,2517,2281,67,17
2020.11.4,2530,2298,67,13
2020.11.5,2539,2319,67,9
2020.11.6,2550,2347,67,11
2020.11.7,2562,2366,67,12
2020.11.8,2565,2370,67,3
2020.11.9,2569,2381,67,4
2020.11.10,2581,2382,67,12
2020.11.11,2582,2410,67,1
2020.11.12,2586,2411,67,4
2020.11.13,2586,2411,67,0
2020.11.14,2609,2413,68,23
2020.11.15,2635,2426,68,26
2020.11.16,2641,2445,68,6
2020.11.17,2652,2454,68,11
2020.11.18,2652,2454,68,0
2020.11.19,2670,2472,68,18
2020.11.20,2686,2476,68,16
2020.11.21,2686,2476,68,0
2020.11.22,2703,2521,68,17
2020.11.23,2735,2532,68,32
2020.11.24,2754,2552,68,19
2020.11.25,2757,2557,68,3
2020.11.26,2777,2567,68,20
2020.11.27,2777,2567,68,0
2020.11.28,2816,2579,68,39
2020.11.29,2817,2588,68,1
2020.11.30,2886,2593,68,39
2020.12.1,2886,2593,68,0
2020.12.2,2931,2644,68,45
2020.12.3,3010,2667,68,79
2020.12.4,3062,2679,68,52
2020.12.5,3091,2687,68,29
2020.12.6,3156,2697,68,65
2020.12.7,3212,2711,68,56
2020.12.8,3315,2721,68,103
2020.12.9,3469,2742,69,154
2020.12.10,3469,2742,69,0
2020.12.11,3579,2792,69,110
2020.12.12,3750,2828,71,171
2020.12.13,3894,2858,71,144
2020.12.14,4030,2910,71,136
2020.12.15,4209,2940,71,179
2020.12.16,4300,2940,73,91
2020.12.17,4449,3088,73,149
2020.12.18,4611,3311,73,162
2020.12.19,4832,3403,74,221
2020.12.20,4954,3504,74,122
2020.12.21,5160,3659,76,206
2020.12.22,5301,3758,76,141
2020.12.23,5461,3877,77,160
2020.12.24,5649,4018,77,188
2020.12.25,5941,4129,77,292
2020.12.26,6134,4329,77,193
2020.12.27,6344,4775,78,210
2020.12.28,6344,4775,78,0
2020.12.29,6412,4777,82,68
2020.12.30,6537,4803,82,125
2020.12.31,6631,4978,84,94
2021.1.1,6707,5100,85,76
2021.1.2,6828,5152,85,121
2021.1.3,6940,5253,86,112
2021.1.4,7051,5259,86,111
2021.1.5,7126,5300,86,75
2021.1.6,7342,5443,86,216
2021.1.7,7563,5474,89,221
2021.1.8,7713,5533,89,150
2021.1.9,7866,5710,89,153
2021.1.10,7866,5710,89,0
2021.1.11,8082,5845,89,216
2021.1.12,8279,5872,89,197
2021.1.13,8463,6028,92,184
2021.1.14,8546,6119,93,83
2021.1.15,8809,6877,97,263
2021.1.16,8882,7027,97,73
2021.1.17,9000,7102,101,118
2021.1.18,9188,7391,102,188
2021.1.19,9352,7448,105,164
2021.1.20,9414,7573,106,62
2021.1.21,9553,7637,106,139
2021.1.22,9719,7748,106,166
2021.1.23,9857,7883,107,138
2021.1.24,9967,7988,109,110
2021.1.25,10038,8088,112,71
2021.1.26,10103,8388,117,65
2021.1.27,10157,8472,118,54
2021.1.28,10217,8759,120,60
2021.1.29,10377,8825,120,160
2021.1.30,10423,8867,120,46
2021.1.31,10580,9052,120,157
2021.2.1,10682,9253,120,102
2021.2.2,10768,9397,121,86
2021.2.3,10904,9585,126,136
2021.2.4,10958,9685,127,54
2021.2.5,11053,9770,132,95
2021.2.6,11143,9941,132,90
2021.2.7,11227,10040,134,84
2021.2.8,11285,10129,134,58
2021.2.9,11309,10161,134,24
2021.2.10,11367,10232,134,58
2021.2.11,11426,10279,134,59
2021.2.12,11426,10279,134,0
2021.2.13,11538,10758,137,112
2021.2.14,11588,10870,138,50
2021.2.15,11588,10870,138,0
2021.2.16,11630,10979,138,42
2021.2.17,11630,10979,138,0
2021.2.18,11672,11012,138,42
2021.2.19,11703,11094,139,31
2021.2.20,11763,11130,139,60
2021.2.21,11783,11140,139,20
2021.2.22,11797,11140,139,14
2021.2.23,11847,11211,139,50
2021.2.24,11868,11293,141,21
2021.2.25,11887,11320,142,19
2021.2.26,11914,11340,142,27
2021.2.27,11939,11404,142,25
2021.2.28,11982,11493,142,43
2021.3.1,11982,11493,142,0
2021.3.2,12030,11588,143,48
2021.3.3,12047,11635,143,17
2021.3.4,12071,11657,143,24
2021.3.5,12103,11677,143,32
2021.3.6,12123,11722,143,20
2021.3.7,12153,11754,143,30
2021.3.8,12181,11816,143,28
2021.3.9,12181,11816,143,0
2021.3.10,12187,11860,143,6
2021.3.11,12230,11886,143,43
2021.3.12,12275,11905,143,45
2021.3.13,12305,11951,144,30
2021.3.14,12350,11961,144,45
2021.3.15,12372,11965,144,22
2021.3.16,12378,11974,144,6
2021.3.17,12378,11974,144,0
2021.3.18,12399,11978,144,21
2021.3.19,12450,11998,145,51
2021.3.20,12450,11998,145,0
2021.3.21,12516,12029,145,66
2021.3.22,12535,12038,145,19
2021.3.23,12559,12177,145,24
2021.3.24,12572,12240,145,13
2021.3.25,12596,12269,145,24
2021.3.26,12619,12294,145,23
2021.3.27,12650,12314,145,31
2021.3.28,12673,12330,145,23
2021.3.29,12692,12350,145,19
2021.3.30,12702,12375,145,10
2021.3.31,12717,12385,146,15
2021.4.1,12717,12385,146,0
2021.4.2,12774,12420,149,57
2021.4.3,12791,12430,150,17
2021.4.4,12803,12445,150,12
2021.4.5,12817,12467,150,14
2021.4.6,12825,12477,150,8
2021.4.7,12845,12516,150,20
2021.4.8,12873,12540,150,28
2021.4.9,12904,12556,152,31
2021.4.10,12924,12571,152,20
2021.4.11,12956,12593,152,32
2021.4.12,12956,12593,152,0
2021.4.13,12989,12627,153,33
2021.4.14,12989,12627,153,0
2021.4.15,13050,12689,154,61
2021.4.16,13064,12730,154,14
2021.4.17,13083,12742,154,19
2021.4.18,13114,12750,154,31
2021.4.19,13129,12759,154,15
2021.4.20,13148,12773,154,19
