date,累计确诊,治愈,死亡,新增确诊
2020.4.8,14,7,1,1
2020.4.24,16,11,1,2
2020.4.29,16,13,1,0
2020.5.7,16,14,1,0
2020.5.16,16,14,1,0
2020.5.18,16,14,1,0
2020.5.19,16,14,1,0
2020.5.20,16,14,1,0
2020.5.21,16,14,1,0
2020.5.22,16,14,1,0
2020.5.23,16,14,1,0
2020.5.24,17,14,1,1
2020.5.25,17,14,1,0
2020.5.26,18,14,1,1
2020.5.27,18,14,1,0
2020.5.28,18,14,1,0
2020.5.29,18,14,1,0
2020.5.30,18,14,1,0
2020.5.31,19,14,1,1
2020.6.1,19,14,1,0
2020.6.2,20,15,1,1
2020.6.3,20,15,1,0
2020.6.4,21,15,1,1
2020.6.5,21,15,1,0
2020.6.6,21,15,1,0
2020.6.7,21,15,1,0
2020.6.8,21,15,1,0
2020.6.9,21,15,1,0
2020.6.10,21,15,1,0
2020.6.11,22,15,1,1
2020.6.12,22,15,1,0
2020.6.13,22,15,1,0
2020.6.14,22,15,1,0
2020.6.15,22,16,1,0
2020.6.16,23,19,1,1
2020.6.17,23,19,1,0
2020.6.18,23,19,1,0
2020.6.19,23,19,1,0
2020.6.20,23,19,1,0
2020.6.21,23,19,1,0
2020.6.22,23,19,1,0
2020.6.23,23,19,1,0
2020.6.24,23,19,1,0
2020.6.25,23,19,1,0
2020.6.26,23,19,1,0
2020.6.27,23,19,1,0
2020.6.28,23,19,1,0
2020.6.29,23,19,1,0
2020.6.30,23,19,1,0
2020.7.1,23,19,1,0
2020.7.2,23,19,1,0
2020.7.3,23,19,1,0
2020.7.4,23,19,1,0
2020.7.5,23,19,1,0
2020.7.6,23,19,1,0
2020.7.7,23,19,1,0
2020.7.8,23,19,1,0
2020.7.9,23,19,1,0
2020.7.10,25,24,1,2
2020.7.11,25,24,1,0
2020.7.12,25,24,1,0
2020.7.13,25,24,1,0
2020.7.14,25,24,1,0
2020.7.15,26,24,1,1
2020.7.16,26,24,1,0
2020.7.17,26,24,1,0
2020.7.18,28,24,1,2
2020.7.19,28,24,1,0
2020.7.20,28,24,1,0
2020.7.21,28,24,1,0
2020.7.22,28,24,1,0
2020.7.23,28,24,1,0
2020.7.24,28,24,1,0
2020.7.25,29,24,1,1
2020.7.26,29,24,1,0
2020.7.27,29,24,1,0
2020.7.28,29,24,1,0
2020.7.29,29,24,1,0
2020.7.30,29,24,1,0
2020.7.31,29,24,1,0
2020.8.1,29,24,1,0
2020.8.2,29,24,1,0
2020.8.3,29,24,1,0
2020.8.4,29,24,1,0
2020.8.5,29,24,1,0
2020.8.6,31,28,1,2
2020.8.7,31,30,1,0
2020.8.8,31,30,1,0
2020.8.9,31,30,1,0
2020.8.10,31,30,1,0
2020.8.11,32,30,1,1
2020.8.12,32,30,1,0
2020.8.13,32,30,1,0
2020.8.14,32,30,1,0
2020.8.15,33,31,1,1
2020.8.16,34,31,1,1
2020.8.17,34,31,1,0
2020.8.18,36,31,1,2
2020.8.19,36,31,1,0
2020.8.20,36,31,1,0
2020.8.21,36,31,1,0
2020.8.22,37,32,1,1
2020.8.23,39,33,1,2
2020.8.24,43,34,1,4
2020.8.25,47,34,1,4
2020.8.26,49,34,1,2
2020.8.27,53,34,1,4
2020.8.28,55,35,1,2
2020.8.29,62,35,1,7
2020.8.30,62,35,1,0
2020.8.31,68,35,1,6
2020.9.1,69,35,1,1
2020.9.2,71,35,1,2
2020.9.3,75,39,1,4
2020.9.4,78,39,1,3
2020.9.5,78,39,1,0
2020.9.6,92,45,1,14
2020.9.7,102,45,1,10
2020.9.8,102,45,1,0
2020.9.9,116,51,1,14
2020.9.10,116,51,1,0
2020.9.11,135,55,1,19
2020.9.12,135,55,1,0
2020.9.13,145,56,1,10
2020.9.14,157,57,1,12
2020.9.15,161,58,1,4
2020.9.16,169,61,1,8
2020.9.17,192,68,1,23
2020.9.18,210,74,1,18
2020.9.19,228,83,1,18
2020.9.20,247,88,1,19
2020.9.21,268,96,1,21
2020.9.22,282,102,1,14
2020.9.23,291,103,1,9
2020.9.24,301,104,1,10
2020.9.25,315,115,1,14
2020.9.26,329,124,1,14
2020.9.27,337,134,1,8
2020.9.28,366,148,1,29
2020.9.29,364,148,1,0
2020.9.30,370,157,1,6
2020.10.1,392,171,1,22
2020.10.2,399,185,1,7
2020.10.3,411,197,1,12
2020.10.4,429,213,1,18
2020.10.5,452,231,1,23
2020.10.6,462,242,1,10
2020.10.7,476,262,1,14
2020.10.8,505,270,1,29
2020.10.9,549,291,1,44
2020.10.10,549,291,1,0
2020.10.11,571,308,1,22
2020.10.12,583,315,1,12
2020.10.13,585,332,1,2
2020.10.14,645,367,1,60
2020.10.15,645,367,1,0
2020.10.16,673,371,1,28
2020.10.17,698,391,1,25
2020.10.18,715,417,1,17
2020.10.19,744,433,1,29
2020.10.20,751,458,1,7
2020.10.21,759,466,1,8
2020.10.22,785,479,1,26
2020.10.23,804,509,1,19
2020.10.24,818,534,1,14
2020.10.25,837,555,1,19
2020.10.26,858,584,1,21
2020.10.27,873,590,1,15
2020.10.28,884,606,1,11
2020.10.29,907,623,1,23
2020.10.30,944,643,1,37
2020.10.31,958,660,1,14
2020.11.1,970,665,1,12
2020.11.2,987,684,1,17
2020.11.3,995,698,1,8
2020.11.4,1000,722,1,5
2020.11.5,1021,746,2,21
2020.11.6,1030,768,2,9
2020.11.7,1053,783,2,23
2020.11.8,1077,808,2,24
2020.11.9,1097,816,2,20
2020.11.10,1102,822,2,5
2020.11.11,1131,837,2,29
2020.11.12,1182,865,2,51
2020.11.13,1215,899,2,33
2020.11.14,1261,913,2,46
2020.11.15,1307,923,2,46
2020.11.16,1340,928,2,33
2020.11.17,1374,945,2,34
2020.11.18,1415,946,2,41
2020.11.19,1482,953,2,67
2020.11.20,1561,968,3,79
2020.11.21,1620,977,3,59
2020.11.22,1682,988,3,62
2020.11.23,1749,1004,3,67
2020.11.24,1773,1031,3,24
2020.11.25,1827,1043,3,54
2020.11.26,1929,1057,3,102
2020.11.27,2046,1078,3,117
2020.11.28,2157,1114,3,111
2020.11.29,2258,1123,4,101
2020.11.30,2379,1151,4,106
2020.12.1,2379,1151,4,0
2020.12.2,2503,1191,7,124
2020.12.3,2658,1218,7,155
2020.12.4,2740,1245,7,82
2020.12.5,2890,1292,7,150
2020.12.6,3011,1328,7,121
2020.12.7,3136,1337,7,125
2020.12.8,3174,1352,8,38
2020.12.9,3246,1386,8,72
2020.12.10,3325,1488,8,79
2020.12.11,3404,1568,8,79
2020.12.12,3501,1638,10,97
2020.12.13,3576,1708,10,75
2020.12.14,3624,1736,11,48
2020.12.15,3661,1777,11,37
2020.12.16,3699,1889,11,38
2020.12.17,3767,1945,11,68
2020.12.18,3823,2105,11,56
2020.12.19,3881,2210,11,58
2020.12.20,3920,2249,11,39
2020.12.21,3947,2276,11,27
2020.12.22,3974,2284,11,27
2020.12.23,4006,2360,11,32
2020.12.24,4051,2385,12,45
2020.12.25,4099,2430,12,48
2020.12.26,4138,2463,13,39
2020.12.27,4144,2529,14,6
2020.12.28,4151,2568,14,7
2020.12.29,4151,2568,14,0
2020.12.30,4179,2657,14,28
2020.12.31,4230,2759,14,51
2021.1.1,4260,2925,14,30
2021.1.2,4289,2950,16,29
2021.1.3,4294,2950,16,5
2021.1.4,4317,3170,16,23
2021.1.5,4323,3280,16,6
2021.1.6,4342,3320,16,19
2021.1.7,4378,3463,17,36
2021.1.8,4405,3479,18,27
2021.1.9,4422,3520,18,17
2021.1.10,4445,3668,19,23
2021.1.11,4458,3882,19,13
2021.1.12,4464,3985,19,6
2021.1.13,4469,4023,19,5
2021.1.14,4488,4096,19,19
2021.1.15,4498,4208,19,10
2021.1.16,4505,4253,19,7
2021.1.17,4514,4286,19,9
2021.1.18,4520,4289,19,6
2021.1.19,4523,4358,19,3
2021.1.20,4527,4376,20,4
2021.1.21,4535,4393,20,8
2021.1.22,4537,4408,20,2
2021.1.23,4543,4416,20,6
2021.1.24,4543,4419,20,0
2021.1.25,4548,4434,20,5
2021.1.26,4548,4438,20,0
2021.1.27,4558,4442,20,10
2021.1.28,4567,4466,20,9
2021.1.29,4574,4479,20,7
2021.1.30,4579,4485,20,5
2021.1.31,4582,4486,21,3
2021.2.1,4585,4496,21,3
2021.2.2,4585,4502,21,0
2021.2.3,4591,4508,21,6
2021.2.4,4595,4510,21,4
2021.2.5,4597,4515,21,2
2021.2.6,4600,4527,21,3
2021.2.7,4605,4530,21,5
2021.2.8,4613,4535,21,8
2021.2.9,4613,4539,21,0
2021.2.10,4620,4545,22,7
2021.2.11,4628,4547,22,8
2021.2.12,4633,4557,22,5
2021.2.13,4643,4559,22,10
2021.2.14,4643,4559,22,0
2021.2.15,4650,4568,22,7
2021.2.16,4652,4571,22,2
2021.2.17,4655,4571,22,3
2021.2.18,4658,4576,22,3
2021.2.19,4666,4590,22,8
2021.2.20,4675,4597,22,9
2021.2.21,4681,4603,22,6
2021.2.22,4681,4603,22,0
2021.2.23,4694,4610,22,13
2021.2.24,4696,4611,22,2
2021.2.25,4705,4620,22,9
2021.2.26,4708,4624,22,3
2021.2.27,4717,4631,22,9
2021.2.28,4727,4637,22,10
2021.3.1,4730,4641,22,3
2021.3.2,4731,4645,22,1
2021.3.3,4736,4651,22,5
2021.3.4,4740,4658,22,4
2021.3.5,4751,4659,22,11
2021.3.6,4769,4663,22,18
2021.3.7,4790,4671,22,21
2021.3.8,4807,4673,22,17
2021.3.9,4813,4677,22,6
2021.3.10,4830,4682,22,17
2021.3.11,4862,4686,22,32
2021.3.12,4915,4688,22,53
2021.3.13,4960,4698,22,45
2021.3.14,5051,4705,22,91
2021.3.15,5110,4715,22,59
2021.3.16,5138,4719,22,28
2021.3.17,5238,4730,22,100
2021.3.18,5380,4747,22,142
2021.3.19,5520,4761,23,140
2021.3.20,5676,4774,23,156
2021.3.21,5839,4816,23,163
2021.3.22,5997,4824,24,158
2021.3.23,6041,4857,24,44
2021.3.24,6174,4891,24,133
2021.3.25,6424,4952,27,250
2021.3.26,6648,4979,27,224
2021.3.27,7057,5008,28,409
2021.3.28,7335,5071,30,278
2021.3.29,7558,5096,30,223
2021.3.30,7740,5159,33,182
2021.3.31,7898,5214,33,158
2021.4.1,8404,5267,35,506
2021.4.2,8834,5330,38,430
2021.4.3,9171,5368,42,337
2021.4.4,9635,5401,44,464
2021.4.5,9890,5488,48,255
2021.4.6,10066,5525,52,176
2021.4.7,10185,5579,56,119
2021.4.8,10392,5762,58,207
2021.4.9,10632,5942,60,240
2021.4.10,10909,6121,62,277
2021.4.11,11180,6405,63,271
2021.4.12,11355,6521,66,175
2021.4.13,11385,6845,68,30
2021.4.14,11430,7189,74,45
2021.4.15,11581,7666,78,151
2021.4.16,11674,7981,80,93
2021.4.17,11769,8247,85,95
2021.4.18,11837,9011,88,68
2021.4.19,11882,9277,89,45
2021.4.20,11903,9457,90,21
