date,累计确诊,治愈,死亡,新增确诊
2020.2.22,76,0,2,67
2020.2.23,124,1,2,48
2020.2.24,229,1,6,105
2020.2.25,322,1,11,93
2020.2.26,400,1,12,78
2020.2.27,650,40,17,250
2020.2.28,888,45,21,238
2020.2.29,1128,46,29,240
2020.3.1,1689,50,35,561
2020.3.2,2036,83,52,347
2020.3.3,2502,149,80,466
2020.3.4,3089,276,107,587
2020.3.5,3858,276,148,769
2020.3.6,4636,523,197,778
2020.3.7,5883,523,234,1247
2020.3.8,7375,622,366,1492
2020.3.9,9220,724,463,1796
2020.3.10,10149,1004,631,977
2020.3.11,12462,1045,827,2313
2020.3.12,15385,1258,1016,2651
2020.3.13,17660,1439,1266,2547
2020.3.14,21157,1966,1441,3497
2020.3.15,24747,2335,1809,3590
2020.3.16,27980,2749,2158,3233
2020.3.17,31506,2941,2503,3526
2020.3.18,35713,4025,2978,4207
2020.3.19,41035,4440,3405,5322
2020.3.20,47021,5129,4032,6986
2020.3.21,53578,6072,4825,6557
2020.3.22,59138,7024,5476,5560
2020.3.23,63927,7432,6077,4789
2020.3.24,69176,8326,6820,5249
2020.3.25,74386,9362,7503,5210
2020.3.26,80539,10361,8165,6153
2020.3.27,86498,10950,9134,5959
2020.3.28,92472,12384,10023,5974
2020.3.29,97689,13030,10779,5217
2020.3.30,101739,14620,11591,4050
2020.3.31,105792,15729,12428,4053
2020.4.1,110574,16847,13155,4782
2020.4.2,115242,18278,13915,4668
2020.4.3,119827,19758,14681,4585
2020.4.4,124632,20996,15362,4805
2020.4.5,128948,21815,15887,4316
2020.4.6,132547,22837,16523,3599
2020.4.7,135586,24392,17127,3039
2020.4.8,139422,26491,17669,3836
2020.4.9,143626,28470,18279,4204
2020.4.10,147577,30455,18849,3951
2020.4.11,152271,32534,19468,4694
2020.4.12,156363,34211,19899,4092
2020.4.13,159516,35435,20465,3153
2020.4.14,162488,37130,21067,2972
2020.4.15,165155,38092,21645,2667
2020.4.16,168941,40164,22170,3786
2020.4.17,172434,42727,22745,3493
2020.4.18,175925,44927,23227,3491
2020.4.19,178972,47055,23660,3047
2020.4.20,181228,48877,24114,2256
2020.4.21,183957,51600,24648,2729
2020.4.22,187327,54543,25085,3370
2020.4.23,189973,57576,25549,2646
2020.4.24,192994,60498,25969,3021
2020.4.25,195351,63120,26384,2357
2020.4.26,197675,64928,26644,2324
2020.4.27,199414,66624,26977,1739
2020.4.28,201515,68941,27359,2091
2020.4.29,203591,71252,27682,2086
2020.4.30,205463,75945,27967,1872
2020.5.1,207428,75945,28236,1965
2020.5.2,209328,79914,28710,1900
2020.5.3,210717,81654,28884,1389
2020.5.4,211938,82879,29079,1221
2020.5.5,213013,85231,29315,1075
2020.5.6,214457,93245,29684,1444
2020.5.7,215858,96276,29958,1401
2020.5.8,217185,99023,30201,1327
2020.5.9,218268,103031,30395,1083
2020.5.10,219070,105186,30560,802
2020.5.11,219814,106587,30739,744
2020.5.12,221216,109039,30911,1402
2020.5.13,222104,112541,31106,888
2020.5.14,223096,115288,31368,992
2020.5.15,223885,120205,31610,789
2020.5.16,224760,122810,31763,875
2020.5.17,225435,125176,31908,675
2020.5.18,225435,125176,31908,675
2020.5.19,225886,127326,32007,451
2020.5.20,226699,129401,32169,813
2020.5.21,227364,132282,32330,665
2020.5.22,228006,134560,32486,642
2020.5.23,228658,136720,32616,652
2020.5.24,229327,138840,32735,669
2020.5.25,229858,140479,32785,531
2020.5.26,230158,141981,32877,300
2020.5.27,230555,144658,32955,397
2020.5.28,231139,147101,33072,584
2020.5.29,231732,150604,33142,593
2020.5.30,232248,152844,33229,516
2020.5.31,232664,155633,33340,416
2020.6.1,233019,157507,33415,355
2020.6.2,233197,158355,33475,178
2020.6.3,233515,160092,33530,318
2020.6.4,233836,160938,33601,321
2020.6.5,234013,161895,33689,177
2020.6.6,234531,163781,33774,518
2020.6.7,234801,165078,33846,270
2020.6.8,234998,165837,33899,197
2020.6.9,235278,166584,33964,280
2020.6.10,235561,168646,34043,283
2020.6.11,235763,169939,34114,202
2020.6.12,236142,171338,34167,379
2020.6.13,236305,173085,34223,163
2020.6.14,236651,174865,34301,346
2020.6.15,236989,176370,34345,338
2020.6.16,237290,177010,34371,301
2020.6.17,237500,178526,34405,210
2020.6.18,237828,179455,34448,328
2020.6.19,238159,180544,34514,331
2020.6.20,238011,181907,34561,0
2020.6.21,238275,182453,34610,264
2020.6.22,238499,182893,34634,224
2020.6.23,238720,183426,34657,221
2020.6.24,238833,184585,34675,113
2020.6.25,239410,186111,34644,577
2020.6.26,239706,186725,34678,296
2020.6.27,239961,187615,34708,255
2020.6.28,240136,188584,34716,175
2020.6.29,240310,188891,34738,174
2020.6.30,240436,189196,34744,126
2020.7.1,240578,190248,34767,142
2020.7.2,240760,190717,34788,182
2020.7.3,240961,191083,34818,201
2020.7.4,241184,191467,34833,223
2020.7.5,241419,191944,34854,235
2020.7.6,241611,192108,34861,192
2020.7.7,241819,192241,34869,208
2020.7.8,241956,192815,34899,137
2020.7.9,242149,193640,34914,193
2020.7.10,242363,193978,34926,214
2020.7.11,242639,194273,34938,276
2020.7.12,242827,194579,34945,188
2020.7.13,243061,194928,34954,234
2020.7.14,243230,195106,34967,169
2020.7.15,243344,195441,34984,114
2020.7.16,243506,196016,34997,162
2020.7.17,243736,196246,35017,230
2020.7.18,243967,196483,35028,231
2020.7.19,244216,196806,35042,249
2020.7.20,244434,196949,35045,218
2020.7.21,244624,197162,35058,190
2020.7.22,244752,197431,35073,128
2020.7.23,245032,197628,35082,280
2020.7.24,245338,197842,35092,306
2020.7.25,245590,198192,35097,252
2020.7.26,245864,198320,35102,274
2020.7.27,246118,198446,35107,254
2020.7.28,246286,198593,35112,168
2020.7.29,246488,198756,35123,202
2020.7.30,246776,199031,35129,288
2020.7.31,247158,199796,35132,382
2020.8.1,247537,199974,35141,379
2020.8.2,247832,200229,35146,295
2020.8.3,248070,200460,35154,238
2020.8.4,248229,200589,35166,159
2020.8.5,248419,200766,35171,190
2020.8.6,248803,200976,35181,384
2020.8.7,249204,201323,35187,401
2020.8.8,249756,201642,35190,552
2020.8.9,250103,201947,35203,347
2020.8.10,250566,202098,35205,463
2020.8.11,250825,202248,35209,259
2020.8.12,251237,202461,35215,412
2020.8.13,251713,202697,35225,476
2020.8.14,252235,202923,35231,522
2020.8.15,252809,203326,35234,574
2020.8.16,253438,203640,35392,629
2020.8.17,253915,203786,35396,477
2020.8.18,254235,203968,35400,320
2020.8.19,254636,204142,35405,401
2020.8.20,255278,204506,35412,642
2020.8.21,256118,204686,35418,840
2020.8.22,257065,204960,35427,947
2020.8.23,258136,205203,35430,1071
2020.8.24,259345,205470,35437,1209
2020.8.25,260298,205662,35441,953
2020.8.26,261174,206015,35445,876
2020.8.27,262540,206329,35458,1366
2020.8.28,263949,206554,35463,1409
2020.8.29,265409,206902,35472,1460
2020.8.30,266853,208224,35473,1444
2020.8.31,268218,208536,35477,1365
2020.9.1,269214,207653,35483,996
2020.9.2,270189,207944,35491,975
2020.9.3,271515,208201,35497,1326
2020.9.4,272912,208490,35507,1397
2020.9.5,274644,209027,35518,1732
2020.9.6,276338,209610,35534,1694
2020.9.7,277634,210015,35541,1296
2020.9.8,278784,210238,35553,1150
2020.9.9,280153,210801,35563,1369
2020.9.10,281583,211272,35577,1430
2020.9.11,283180,211885,35587,1597
2020.9.12,284796,212432,35597,1616
2020.9.13,286297,213191,35603,1501
2020.9.14,287753,213634,35610,1456
2020.9.15,288761,213950,35624,1008
2020.9.16,289990,214645,35633,1229
2020.9.17,291442,215265,35645,1452
2020.9.18,293025,215954,35658,1583
2020.9.19,294932,216807,35668,1907
2020.9.20,296569,217716,35692,1637
2020.9.21,298156,218351,35707,1587
2020.9.22,299506,218703,35724,1350
2020.9.23,300897,219670,35738,1391
2020.9.24,302537,220665,35758,1640
2020.9.25,304323,221762,35781,1786
2020.9.26,306235,222716,35801,1912
2020.9.27,308104,223693,35818,1869
2020.9.28,309870,224417,35835,1766
2020.9.29,311364,225190,35851,1494
2020.9.30,313011,226506,35875,1647
2020.10.1,314861,227704,35894,1850
2020.10.2,317409,228844,35918,2548
2020.10.3,319908,229970,35941,2499
2020.10.4,322751,231217,35968,2843
2020.10.5,325329,231914,35986,2578
2020.10.6,327586,232681,36002,2257
2020.10.7,330263,234099,36030,2677
2020.10.8,333940,235303,36061,3677
2020.10.9,338398,236363,36083,4458
2020.10.10,343770,237549,36111,5372
2020.10.11,349494,238525,36140,5724
2020.10.12,354950,239709,36166,5456
2020.10.13,359569,240600,36205,4619
2020.10.14,365467,242028,36246,5898
2020.10.15,372799,244065,36289,7332
2020.10.16,381602,245964,36372,8803
2020.10.17,391611,247872,36427,10009
2020.10.18,402536,249127,36474,10925
2020.10.19,414241,251461,36543,11705
2020.10.20,423578,252959,36616,9337
2020.10.21,434449,255005,36705,10871
2020.10.22,449648,257374,36832,15199
2020.10.23,465726,259456,36968,16078
2020.10.24,484869,261808,37059,19143
2020.10.25,504509,264117,37210,19640
2020.10.26,525782,266203,37338,21273
2020.10.27,542789,268626,37479,17007
2020.10.28,564778,271988,37700,21989
2020.10.29,589766,275404,37905,24988
2020.10.30,616595,279282,38122,26829
2020.10.31,647674,283567,38321,31079
2020.11.1,679430,289426,38618,31756
2020.11.2,709335,292380,38826,29905
2020.11.3,731588,296017,39059,22253
2020.11.4,759829,302275,39412,28241
2020.11.5,790377,307378,39764,30548
2020.11.6,824879,312339,40192,34502
2020.11.7,862681,322925,40638,37802
2020.11.8,902490,328891,41063,39809
2020.11.9,935104,335074,41394,32614
2020.11.10,960373,345289,41750,25269
2020.11.11,995463,363023,42330,35090
2020.11.12,1028424,372113,42953,32961
2020.11.13,1066401,387758,43589,37977
2020.11.14,1107303,399238,44139,40902
2020.11.15,1144552,411434,44683,37249
2020.11.16,1178529,420810,45229,33977
2020.11.17,1205881,442364,45733,27352
2020.11.18,1238072,457798,46464,32191
2020.11.19,1272352,481967,47217,34280
2020.11.20,1308528,498987,47870,36176
2020.11.21,1345767,520022,48569,37239
2020.11.22,1380531,539524,49261,34764
2020.11.23,1408868,553098,49823,28337
2020.11.24,1431795,584493,50453,22927
2020.11.25,1455022,605330,51306,23227
2020.11.26,1480874,637149,52028,25852
2020.11.27,1538217,696647,53677,57343
2020.11.28,1564532,720861,54363,26315
2020.11.29,1585178,734503,54904,20646
2020.11.30,1601554,757507,55576,16376
2020.12.1,1601554,757507,55576,0
2020.12.2,1620901,784595,56361,19347
2020.12.3,1641610,823335,57045,20709
2020.12.4,1664829,846809,58038,23219
2020.12.5,1688939,872385,58852,24110
2020.12.6,1709991,896308,59514,21052
2020.12.7,1728878,913494,60078,18887
2020.12.8,1742557,933132,60606,13679
2020.12.9,1757394,958629,61240,14837
2020.12.10,1770149,997895,61739,12755
2020.12.11,1787147,1027994,62626,16998
2020.12.12,1805873,1052163,63387,18726
2020.12.13,1825775,1076891,64036,19902
2020.12.14,1843712,1093161,64520,17937
2020.12.15,1855737,1115617,65011,12025
2020.12.16,1870576,1137416,65857,14839
2020.12.17,1888144,1175901,66537,17568
2020.12.18,1906377,1203814,67220,18233
2020.12.19,1921778,1226086,67894,15401
2020.12.20,1938083,1249470,68447,16305
2020.12.21,1953185,1261626,68799,15102
2020.12.22,1964054,1281258,69214,10869
2020.12.23,1977370,1301573,69842,13316
2020.12.24,1991278,1322067,70395,13908
2020.12.25,2009317,1344785,70900,18039
2020.12.26,2028354,1377109,71359,19037
2020.12.27,2047696,1394011,71925,19342
2020.12.28,2056277,1408686,72370,8581
2020.12.29,2056277,1408686,72370,0
2020.12.30,2067487,1425730,73029,11210
2020.12.31,2083689,1445690,73604,16202
2021.1.1,2107166,1463111,74159,23477
2021.1.2,2129376,1479988,74621,22210
2021.1.3,2141201,1489154,74985,11825
2021.1.4,2155446,1503900,75332,14245
2021.1.5,2166244,1520106,75680,10798
2021.1.6,2181619,1536129,76329,15375
2021.1.7,2201945,1556356,76877,20326
2021.1.8,2220361,1572015,77291,18416
2021.1.9,2237890,1589590,77911,17529
2021.1.10,2257866,1606630,78394,19976
2021.1.11,2276491,1617804,78755,18625
2021.1.12,2289021,1633839,79203,12530
2021.1.13,2303263,1653404,79819,14242
2021.1.14,2319036,1673936,80326,15773
2021.1.15,2336279,1694051,80848,17243
2021.1.16,2352423,1713030,81325,16144
2021.1.17,2368733,1729216,81800,16310
2021.1.18,2381277,1745726,82177,12544
2021.1.19,2390101,1760489,82554,8824
2021.1.20,2400598,1781917,83157,10497
2021.1.21,2414166,1806932,83681,13568
2021.1.22,2428221,1827451,84202,14055
2021.1.23,2441854,1855127,84674,13633
2021.1.24,2455185,1871189,85162,13331
2021.1.25,2466813,1882074,85461,11628
2021.1.26,2475372,1897861,85881,8559
2021.1.27,2485956,1917117,86422,10584
2021.1.28,2501147,1936289,86889,15191
2021.1.29,2515507,1953509,87381,14360
2021.1.30,2529070,1973388,87858,13563
2021.1.31,2541783,1990152,88279,12713
2021.2.1,2553032,2010548,88516,11249
2021.2.2,2560957,2024523,88845,7925
2021.2.3,2570608,2043499,89344,9651
2021.2.4,2583790,2059248,89820,13182
2021.2.5,2597446,2076928,90241,13656
2021.2.6,2611659,2091923,90618,14213
2021.2.7,2625098,2107061,91003,13439
2021.2.8,2636738,2118441,91273,11640
2021.2.9,2644707,2133523,91580,7969
2021.2.10,2655319,2149350,92002,10612
2021.2.11,2668266,2165817,92338,12947
2021.2.12,2683403,2185655,92729,15137
2021.2.13,2697296,2202077,93045,13893
2021.2.14,2710819,2216050,93356,13523
2021.2.15,2721879,2225519,93577,11060
2021.2.16,2729223,2237290,93835,7344
2021.2.17,2739591,2251734,94171,10368
2021.2.18,2751657,2268253,94540,12066
2021.2.19,2765412,2286024,94887,13755
2021.2.20,2780882,2303199,95235,15470
2021.2.21,2795796,2315687,95486,14914
2021.2.22,2809246,2324633,95718,13450
2021.2.23,2818863,2334968,95992,9617
2021.2.24,2832162,2347866,96348,13299
2021.2.25,2848564,2362465,96666,16402
2021.2.26,2868435,2375318,96974,19871
2021.2.27,2888923,2387032,97227,20488
2021.2.28,2907825,2398352,97507,18902
2021.3.1,2925265,2405199,97699,17440
2021.3.2,2938371,2416093,97945,13106
2021.3.3,2955434,2426150,98288,17063
2021.3.4,2976274,2440218,98635,20840
2021.3.5,2999119,2453706,98974,22845
2021.3.6,3023129,2467388,99271,24010
2021.3.7,3046762,2481372,99578,23633
2021.3.8,3067486,2494839,99785,20724
2021.3.9,3081368,2508732,100103,13882
2021.3.10,3101093,2521731,100479,19725
2021.3.11,3123368,2535483,100811,22275
2021.3.12,3149017,2550483,101184,25649
2021.3.13,3175807,2564926,101564,26790
2021.3.14,3201838,2579896,101881,26031
2021.3.15,3223142,2589731,102145,21304
2021.3.16,3238394,2605538,102499,15252
2021.3.17,3258770,2619654,103001,20376
2021.3.18,3281810,2639370,103432,23040
2021.3.19,3306711,2655346,103855,24901
2021.3.20,3332418,2671638,104241,25707
2021.3.21,3356331,2686236,104642,23913
2021.3.22,3376376,2699762,104942,20045
2021.3.23,3400877,2732482,105328,24501
2021.3.24,3419616,2753083,105879,18739
2021.3.25,3440862,2773215,106339,21246
2021.3.26,3464543,2794888,106799,23681
2021.3.27,3488619,2814652,107256,24076
2021.3.28,3512453,2832939,107636,23834
2021.3.29,3532057,2850889,107933,19604
2021.3.30,3544957,2870614,108350,12900
2021.3.31,3561012,2889301,108879,16055
2021.4.1,3584899,2913045,109346,23887
2021.4.2,3607083,2933757,109847,22184
2021.4.3,3629000,2953377,110328,21917
2021.4.4,3650247,2974688,110704,21247
2021.4.5,3668264,2988199,111030,18017
2021.4.6,3678944,2997522,111326,10680
2021.4.7,3686707,3019255,111747,7763
2021.4.8,3700393,3040182,112374,13686
2021.4.9,3717602,3060411,112861,17209
2021.4.10,3736526,3086586,113579,18924
2021.4.11,3754077,3107069,113923,17551
2021.4.12,3769814,3122555,114254,15737
2021.4.13,3779594,3140565,114612,9780
2021.4.14,3793033,3158725,115088,13439
2021.4.15,3809193,3178976,115557,16160
2021.4.16,3826156,3200196,115937,16963
2021.4.17,3842079,3218975,116366,15923
2021.4.18,3857443,3235459,116676,15364
2021.4.19,3870131,3248593,116927,12688
2021.4.20,3878994,3268262,117243,8863
2021.4.21,3891063,3290715,117633,12069
