date,累计确诊,治愈,死亡,新增确诊
2020.4.8,577,16,2,29
2020.4.9,589,16,3,12
2020.4.11,630,16,3,18
2020.4.12,651,16,5,21
2020.4.13,657,16,5,2
2020.4.14,666,16,5,9
2020.4.15,675,57,5,9
2020.4.16,682,57,5,7
2020.4.17,712,88,5,30
2020.4.18,727,88,5,15
2020.4.19,739,88,5,12
2020.4.20,748,88,5,9
2020.4.21,761,133,11,13
2020.4.22,778,133,11,17
2020.4.23,784,133,12,6
2020.4.24,804,267,12,20
2020.4.25,812,267,12,8
2020.4.26,818,267,13,6
2020.4.27,836,267,13,18
2020.4.28,849,348,15,13
2020.4.29,858,348,15,9
2020.4.30,870,348,16,12
2020.5.1,871,348,16,1
2020.5.2,879,348,16,8
2020.5.3,896,348,16,17
2020.5.4,896,348,17,17
2020.5.5,900,464,17,4
2020.5.6,909,464,18,9
2020.5.7,928,464,18,19
2020.5.8,930,464,18,2
2020.5.10,946,464,18,7
2020.5.11,950,627,18,4
2020.5.12,951,627,19,4
2020.5.13,962,627,19,11
2020.5.14,970,627,19,8
2020.5.15,997,662,19,27
2020.5.16,1008,662,19,11
2020.5.17,1009,662,19,1
2020.5.18,1009,662,19,0
2020.5.19,1012,694,21,3
2020.5.20,1016,694,21,4
2020.5.21,1025,694,22,9
2020.5.22,1030,712,22,5
2020.5.23,1046,712,22,16
2020.5.24,1047,712,22,1
2020.5.25,1049,712,22,2
2020.5.26,1053,741,22,4
2020.5.27,1057,741,23,4
2020.5.28,1061,741,24,4
2020.5.29,1064,745,24,3
2020.5.30,1065,745,24,1
2020.5.31,1066,745,24,1
2020.6.1,1066,745,24,0
2020.6.2,1071,760,24,5
2020.6.3,1079,760,24,8
2020.6.4,1082,760,25,3
2020.6.5,1085,781,25,3
2020.6.6,1086,781,25,1
2020.6.7,1088,781,25,2
2020.6.8,1088,781,26,0
2020.6.9,1089,794,26,1
2020.6.10,1092,794,26,3
2020.6.11,1094,818,26,2
2020.6.12,1096,818,27,2
2020.6.13,1097,845,28,1
2020.6.14,1097,845,28,0
2020.6.15,1097,845,28,0
2020.6.16,1098,875,28,1
2020.6.17,1104,875,30,6
2020.6.18,1108,903,30,4
2020.6.19,1110,903,30,2
2020.6.20,1111,903,30,1
2020.6.21,1111,903,30,0
2020.6.22,1111,903,30,0
2020.6.23,1111,903,30,0
2020.6.24,1111,903,30,0
2020.6.25,1111,903,30,0
2020.6.26,1112,932,30,1
2020.6.27,1115,932,30,3
2020.6.28,1116,932,30,1
2020.6.29,1117,932,30,1
2020.6.30,1118,974,30,1
2020.7.1,1121,974,30,3
2020.7.2,1122,988,30,1
2020.7.3,1122,997,30,0
2020.7.4,1123,1000,30,1
2020.7.5,1124,1000,30,1
2020.7.6,1127,1000,30,3
2020.7.7,1134,1008,30,7
2020.7.8,1141,1008,30,7
2020.7.9,1154,1019,30,13
2020.7.10,1165,1019,30,11
2020.7.11,1173,1019,30,8
2020.7.12,1173,1019,30,0
2020.7.13,1174,1019,31,1
2020.7.14,1174,1022,31,0
2020.7.15,1178,1022,31,4
2020.7.16,1179,1022,31,1
2020.7.17,1185,1022,31,6
2020.7.18,1189,1022,31,4
2020.7.19,1192,1022,31,3
2020.7.20,1192,1022,31,0
2020.7.21,1193,1045,31,1
2020.7.22,1197,1045,31,4
2020.7.23,1203,1045,31,6
2020.7.24,1205,1045,31,2
2020.7.25,1206,1045,31,1
2020.7.26,1219,1045,31,13
2020.7.27,1219,1045,31,0
2020.7.28,1220,1052,31,1
2020.7.29,1224,1052,31,4
2020.7.30,1228,1052,31,4
2020.7.31,1231,1052,32,3
2020.8.1,1238,1052,32,7
2020.8.2,1243,1052,32,5
2020.8.3,1246,1052,32,3
2020.8.4,1249,1070,32,3
2020.8.5,1257,1070,32,8
2020.8.6,1275,1070,32,18
2020.8.7,1281,1070,32,6
2020.8.8,1288,1070,32,7
2020.8.9,1290,1070,32,2
2020.8.10,1290,1070,32,0
2020.8.11,1293,1078,32,3
2020.8.12,1303,1078,32,10
2020.8.13,1307,1078,32,4
2020.8.14,1308,1078,32,1
2020.8.15,1315,1078,32,7
2020.8.16,1322,1078,32,7
2020.8.17,1323,1078,32,1
2020.8.18,1323,1093,33,0
2020.8.19,1326,1093,33,3
2020.8.20,1327,1093,33,1
2020.8.21,1330,1093,33,3
2020.8.22,1333,1093,33,3
2020.8.23,1337,1093,33,4
2020.8.24,1337,1093,33,0
2020.8.25,1342,1135,33,5
2020.8.26,1360,1135,33,18
2020.8.27,1366,1163,34,6
2020.8.28,1375,1163,34,9
2020.8.29,1381,1163,34,6
2020.8.30,1393,1163,34,12
2020.8.31,1396,1163,34,3
2020.9.1,1404,1173,34,8
2020.9.2,1406,1173,34,2
2020.9.3,1410,1187,34,4
2020.9.4,1416,1187,35,6
2020.9.5,1425,1187,35,9
2020.9.6,1428,1187,35,3
2020.9.7,1429,1187,35,1
2020.9.8,1432,1187,35,3
2020.9.9,1443,1234,35,11
2020.9.10,1448,1248,35,5
2020.9.11,1459,1248,35,11
2020.9.12,1464,1248,35,5
2020.9.13,1474,1248,35,10
2020.9.14,1477,1248,35,3
2020.9.15,1482,1248,35,5
2020.9.16,1486,1248,35,4
2020.9.17,1494,1248,36,8
2020.9.18,1498,1248,36,4
2020.9.19,1515,1248,36,17
2020.9.20,1525,1248,36,10
2020.9.21,1526,1248,36,1
2020.9.22,1560,1248,36,34
2020.9.23,1572,1248,36,12
2020.9.24,1594,1248,36,22
2020.9.25,1625,1282,36,31
2020.9.26,1654,1304,36,29
2020.9.27,1676,1304,36,22
2020.9.28,1697,1304,36,21
2020.9.29,1729,1307,37,32
2020.9.30,1824,1307,37,95
2020.10.1,1868,1307,37,44
2020.10.2,1945,1307,38,77
2020.10.3,2019,1307,38,74
2020.10.4,2086,1307,38,67
2020.10.5,2126,1307,39,40
2020.10.6,2194,1322,40,68
2020.10.7,2261,1322,40,67
2020.10.8,2370,1322,40,109
2020.10.9,2507,1322,40,137
2020.10.10,2596,1322,40,89
2020.10.11,2670,1322,40,74
2020.10.12,2765,1325,40,95
2020.10.13,2840,1325,41,75
2020.10.14,2942,1325,41,102
2020.10.15,3056,1329,41,114
2020.10.16,3204,1329,42,148
2020.10.17,3392,1329,43,188
2020.10.18,3450,1329,44,58
2020.10.19,3494,1341,44,44
2020.10.20,3609,1341,47,115
2020.10.21,3797,1341,47,188
2020.10.22,3958,1357,49,161
2020.10.23,4208,1357,50,250
2020.10.24,4467,1357,54,259
2020.10.25,4678,1357,56,211
2020.10.26,4757,1357,60,79
2020.10.27,4893,1382,63,136
2020.10.28,5144,1382,63,251
2020.10.29,5395,1406,64,251
2020.10.30,5679,1406,69,284
2020.10.31,5894,1406,71,215
2020.11.1,6136,1406,74,242
2020.11.2,6268,1406,77,132
2020.11.3,6439,1444,79,171
2020.11.4,6752,1444,85,313
2020.11.5,7119,1444,88,367
2020.11.6,7476,1444,95,357
2020.11.7,7880,1444,96,404
2020.11.8,8095,1466,99,215
2020.11.9,8187,1466,101,92
2020.11.10,8395,1471,103,208
2020.11.11,8848,1471,105,453
2020.11.12,9381,1515,107,533
2020.11.13,9836,1515,116,455
2020.11.14,10231,1515,121,395
2020.11.15,10547,1515,123,316
2020.11.16,10636,1515,126,89
2020.11.17,10914,1557,132,278
2020.11.18,11356,1557,137,442
2020.11.19,11722,1557,141,366
2020.11.20,12102,1557,146,380
2020.11.21,12744,1557,153,642
2020.11.22,13120,1635,153,376
2020.11.23,13236,1635,162,116
2020.11.24,13693,1651,175,457
2020.11.25,14273,1686,184,580
2020.11.26,15171,1719,188,898
2020.11.27,15808,1719,190,637
2020.11.28,16561,1719,193,753
2020.11.29,16975,1719,197,414
2020.11.30,17075,1795,206,100
2020.12.1,17687,1806,210,612
2020.12.2,18377,1823,224,690
2020.12.3,19307,1848,235,930
2020.12.4,19993,1849,242,686
2020.12.5,20787,1866,253,794
2020.12.6,21313,1866,262,526
2020.12.7,21520,1866,272,207
2020.12.8,22104,1866,288,584
2020.12.9,22816,1866,293,712
2020.12.10,23706,1866,304,890
2020.12.11,24386,1866,319,680
2020.12.12,25046,1866,324,660
2020.12.13,25675,16778,349,629
2020.12.14,25885,16869,352,210
2020.12.15,26472,17477,357,587
2020.12.16,27495,18153,382,1023
2020.12.17,28535,19072,394,1040
2020.12.18,29427,19072,409,892
2020.12.19,30297,20534,427,870
2020.12.20,30940,21051,439,643
2020.12.21,31335,21248,443,395
2020.12.22,32339,21816,459,1004
2020.12.23,33484,22523,479,1145
2020.12.24,34754,23402,486,1270
2020.12.25,35420,24067,502,666
2020.12.26,35819,24722,515,399
2020.12.27,36330,25326,559,511
2020.12.28,36838,25533,578,508
2020.12.29,37676,26115,603,838
2020.12.30,39043,27113,626,1367
2020.12.31,40904,27113,635,1861
2021.1.1,41615,29018,644,711
2021.1.2,41929,29870,668,314
2021.1.3,42497,30501,680,568
2021.1.4,43118,30892,692,621
2021.1.5,43942,30892,722,824
2021.1.6,45171,30892,754,1229
2021.1.7,46545,34268,790,1374
2021.1.8,47782,34268,801,1237
2021.1.9,48952,35304,818,1170
2021.1.10,49568,35771,849,616
2021.1.11,49899,36260,864,331
2021.1.12,50777,36260,882,878
2021.1.13,52032,36260,909,1255
2021.1.14,52982,38417,920,950
2021.1.15,54066,40971,935,1084
2021.1.16,55097,41261,961,1031
2021.1.17,55664,41817,978,567
2021.1.18,55908,42426,983,244
2021.1.19,56720,42426,1012,812
2021.1.20,57808,42517,1032,1088
2021.1.21,58710,42517,1057,902
2021.1.22,59586,46981,1076,876
2021.1.23,60496,48134,1097,910
2021.1.24,61008,48134,1111,512
2021.1.25,61231,49035,1114,223
2021.1.26,61924,49035,1126,693
2021.1.27,63027,51123,1138,1103
2021.1.28,63992,52062,1148,965
2021.1.29,64923,53131,1166,931
2021.1.30,65708,54136,1180,785
2021.1.31,66241,54686,1195,533
2021.2.1,66652,54925,1202,411
2021.2.2,67427,55708,1219,775
2021.2.3,68658,55708,1250,1231
2021.2.4,69400,55708,1281,742
2021.2.5,70276,57653,1309,876
2021.2.6,71320,59399,1327,1044
2021.2.7,71800,59897,1339,480
2021.2.8,72088,60117,1347,288
2021.2.9,72869,60798,1363,781
2021.2.10,73859,61889,1395,990
2021.2.11,74701,62844,1416,842
2021.2.12,75509,62844,1431,808
2021.2.13,76282,64528,1443,773
2021.2.14,76706,65046,1451,424
2021.2.15,76984,65450,1468,278
2021.2.16,77697,65450,1486,713
2021.2.17,78643,66208,1508,946
2021.2.18,79351,68119,1521,708
2021.2.19,80040,68967,1533,689
2021.2.20,81109,69993,1538,1069
2021.2.21,81519,69993,1542,410
2021.2.22,81793,70741,1546,274
2021.2.23,82462,71506,1570,669
2021.2.24,83445,72462,1587,983
2021.2.25,84258,73285,1593,813
2021.2.26,84983,74078,1601,725
2021.2.27,85810,74839,1614,827
2021.2.28,86186,75255,1618,376
2021.3.1,86458,75255,1621,272
2021.3.2,87103,76211,1638,645
2021.3.3,88022,77135,1654,919
2021.3.4,88668,77830,1666,646
2021.3.5,89414,78507,1680,746
2021.3.6,90009,78507,1687,595
2021.3.7,90331,78507,1695,322
2021.3.8,90525,80247,1699,194
2021.3.9,90997,80892,1705,472
2021.3.10,91636,81858,1726,639
2021.3.11,92274,82665,1737,638
2021.3.12,92906,83382,1746,632
2021.3.13,93484,84196,1757,578
2021.3.14,93781,84568,1767,297
2021.3.15,93959,84837,1769,178
2021.3.16,94602,85465,1777,643
2021.3.17,95420,85465,1789,818
2021.3.18,95902,85465,1801,482
2021.3.19,96524,87734,1811,622
2021.3.20,97149,88322,1821,625
2021.3.21,97409,88322,1826,260
2021.3.22,97586,88322,1828,177
2021.3.23,98094,88322,1840,508
2021.3.24,98870,89910,1851,776
2021.3.25,99476,90537,1864,606
2021.3.26,100114,90537,1867,638
2021.3.27,100716,90537,1872,602
2021.3.28,101040,92014,1878,324
2021.3.29,101207,92190,1883,167
2021.3.30,101733,92825,1893,526
2021.3.31,102363,93631,1899,630
2021.4.1,103001,93631,1913,638
2021.4.2,103588,94101,1922,587
2021.4.3,103867,94101,1923,279
2021.4.4,104105,94101,1931,238
2021.4.5,104224,95561,1934,119
2021.4.6,104533,95758,1937,309
2021.4.7,105176,96254,1946,643
2021.4.8,105916,97019,1963,740
2021.4.9,106574,97612,1981,658
2021.4.10,107240,98247,1986,666
2021.4.11,107608,99162,1986,368
2021.4.12,107818,99324,1990,210
2021.4.13,108355,99840,2002,537
2021.4.14,109088,99840,2019,733
2021.4.15,109731,101088,2030,643
2021.4.16,110343,101088,2042,612
2021.4.17,110997,101944,2048,654
2021.4.18,111334,101944,2053,337
2021.4.19,111536,102174,2056,202
2021.4.20,112224,102290,2071,688
2021.4.21,112983,102596,2079,759
