date,累计确诊,治愈,死亡,新增确诊
2020.2.27,1,0,0,1
2020.2.28,4,0,0,3
2020.2.29,7,0,0,3
2020.3.1,17,0,0,10
2020.3.2,19,0,0,2
2020.3.3,32,0,0,13
2020.3.4,34,0,0,2
2020.3.5,72,0,0,38
2020.3.6,90,0,0,18
2020.3.7,136,0,0,46
2020.3.8,157,0,0,21
2020.3.9,176,0,0,19
2020.3.10,227,0,0,51
2020.3.11,400,1,0,173
2020.3.12,703,1,0,303
2020.3.14,1108,1,1,112
2020.3.15,1256,1,3,148
2020.3.16,1331,1,3,75
2020.3.17,1423,1,3,116
2020.3.18,1562,1,6,110
2020.3.19,1758,1,7,196
2020.3.20,1939,1,7,181
2020.3.21,2150,1,7,211
2020.3.22,2262,6,7,112
2020.3.23,2573,6,10,311
2020.3.24,2796,6,12,223
2020.3.25,3041,6,14,245
2020.3.26,3315,6,14,274
2020.3.27,3721,6,19,406
2020.3.28,3981,7,22,260
2020.3.29,4245,7,26,264
2020.3.30,4451,12,32,206
2020.3.31,4635,13,39,190
2020.4.1,4863,13,44,222
2020.4.2,5142,36,50,265
2020.4.3,5370,32,59,223
2020.4.4,5550,32,62,180
2020.4.5,5687,32,71,137
2020.4.6,5762,32,76,76
2020.4.7,5953,32,89,88
2020.4.8,6086,32,101,110
2020.4.9,6162,32,108,144
2020.4.10,6314,32,113,110
2020.4.11,6408,32,117,141
2020.4.12,6485,32,126,77
2020.4.13,6565,32,134,40
2020.4.14,6686,32,142,63
2020.4.15,6740,32,150,117
2020.4.16,6848,32,152,51
2020.4.17,6992,32,162,55
2020.4.18,7069,32,164,33
2020.4.19,7103,32,165,25
2020.4.20,7127,32,181,49
2020.4.21,7241,32,182,50
2020.4.22,7361,32,191,23
2020.4.23,7401,32,194,40
2020.4.24,7444,32,199,43
2020.4.25,7499,32,201,6
2020.4.26,7511,32,201,18
2020.4.27,7554,32,205,43
2020.4.28,7619,32,206,65
2020.4.30,7738,32,210,58
2020.5.1,7770,32,210,32
2020.5.2,7801,32,210,31
2020.5.3,7847,32,211,38
2020.5.5,7955,32,215,51
2020.5.6,7976,32,216,21
2020.5.7,8015,32,217,19
2020.5.12,8152,32,228,20
2020.5.15,8219,32,232,10
2020.5.16,8237,32,232,18
2020.5.17,8249,32,232,12
2020.5.18,8257,32,233,8
2020.5.19,8264,32,233,7
2020.5.20,8267,32,234,3
2020.5.21,8301,32,235,34
2020.5.22,8322,7727,235,21
2020.5.23,8340,7727,235,18
2020.5.24,8349,7727,235,9
2020.5.25,8360,7727,235,11
2020.5.26,8374,7727,235,14
2020.5.27,8391,7727,235,17
2020.5.28,8406,7727,236,15
2020.5.29,8422,7727,236,16
2020.5.30,8435,7727,236,13
2020.5.31,8440,7727,236,5
2020.6.1,8442,7727,236,2
2020.6.2,8452,7727,237,10
2020.6.3,8467,7727,237,15
2020.6.4,8488,8138,238,21
2020.6.5,8510,8138,238,22
2020.6.6,8531,8138,238,21
2020.6.7,8547,8138,238,16
2020.6.8,8561,8138,239,14
2020.6.9,8567,8138,239,6
2020.6.10,8588,8138,239,21
2020.6.11,8600,8138,242,12
2020.6.12,8613,8138,242,13
2020.6.13,8625,8138,242,12
2020.6.14,8629,8138,242,4
2020.6.15,8639,8138,242,10
2020.6.16,8655,8138,242,16
2020.6.17,8680,8138,243,25
2020.6.18,8707,8138,244,27
2020.6.19,8721,8138,244,14
2020.6.20,8733,8138,244,12
2020.6.21,8743,8138,244,10
2020.6.22,8745,8138,248,2
2020.6.23,8772,8138,248,27
2020.6.24,8777,8138,248,5
2020.6.25,8788,8138,249,11
2020.6.26,8828,8138,249,40
2020.6.27,8845,8138,249,17
2020.6.28,8846,8138,249,1
2020.6.29,8862,8138,249,16
2020.6.30,8866,8138,249,4
2020.7.1,8887,8138,250,21
2020.7.2,8902,8138,251,15
2020.7.3,8902,8138,251,0
2020.7.4,8921,8138,251,19
2020.7.5,8930,8138,251,9
2020.7.6,8930,8138,251,0
2020.7.7,8941,8138,251,11
2020.7.8,8950,8138,251,9
2020.7.9,8954,8138,251,4
2020.7.10,8968,8138,252,14
2020.7.11,8976,8138,252,8
2020.7.12,8979,8138,252,3
2020.7.13,8981,8138,253,2
2020.7.14,8988,8138,253,7
2020.7.15,9006,8138,253,18
2020.7.16,9011,8138,254,5
2020.7.17,9018,8138,255,7
2020.7.18,9028,8138,255,10
2020.7.19,9028,8138,255,0
2020.7.20,9028,8138,255,0
2020.7.21,9049,8138,255,21
2020.7.22,9059,8138,255,10
2020.7.23,9071,8674,255,12
2020.7.24,9088,8674,255,17
2020.7.25,9097,8674,255,9
2020.7.26,9111,8674,255,14
2020.7.27,9125,8752,255,14
2020.7.28,9142,8752,255,17
2020.7.29,9158,8752,255,16
2020.7.30,9185,8752,255,27
2020.7.31,9217,8752,255,32
2020.8.1,9249,8752,255,32
2020.8.2,9263,8752,255,14
2020.8.3,9312,8752,256,49
2020.8.4,9348,8752,256,36
2020.8.5,9388,8752,256,40
2020.8.6,9444,8857,256,56
2020.8.7,9503,8857,256,59
2020.8.8,9568,8857,256,65
2020.8.9,9615,8857,256,47
2020.8.10,9661,8857,256,46
2020.8.11,9712,8857,256,51
2020.8.12,9772,8857,256,60
2020.8.13,9817,8857,257,45
2020.8.14,9887,8857,261,70
2020.8.15,9908,8857,261,21
2020.8.16,9989,8857,261,81
2020.8.17,10035,8857,261,46
2020.8.18,10089,8857,262,54
2020.8.19,10135,8857,262,46
2020.8.20,10190,8857,264,55
2020.8.21,10253,9150,264,63
2020.8.22,10275,9150,264,22
2020.8.23,10299,9150,264,24
2020.8.24,10374,9150,264,75
2020.8.25,10426,9150,264,52
2020.8.26,10486,9150,264,60
2020.8.27,10524,9348,264,38
2020.8.28,10542,9348,264,18
2020.8.29,10599,9348,264,57
2020.8.30,10631,9348,264,32
2020.8.31,10746,9348,264,115
2020.9.1,10782,9348,264,36
2020.9.2,10951,9348,264,169
2020.9.3,11065,9348,264,114
2020.9.4,11160,9348,264,95
2020.9.5,11254,9348,264,94
2020.9.6,11330,9348,264,76
2020.9.7,11388,9348,264,58
2020.9.8,11560,9348,264,172
2020.9.9,11685,9348,264,125
2020.9.10,11801,9348,265,116
2020.9.11,11924,10371,265,123
2020.9.12,12050,10371,265,126
2020.9.13,12123,10371,265,73
2020.9.14,12219,10371,265,96
2020.9.15,12330,10371,265,111
2020.9.16,12431,10371,265,101
2020.9.17,12498,10371,265,67
2020.9.18,12644,10371,266,146
2020.9.19,12769,10371,267,125
2020.9.20,12883,10371,267,114
2020.9.21,12954,10371,267,71
2020.9.22,13075,10371,267,121
2020.9.23,13153,10371,267,78
2020.9.24,13347,10371,270,194
2020.9.25,13478,10371,270,131
2020.9.26,13545,11190,270,67
2020.9.27,13660,11190,270,115
2020.9.28,13741,11190,274,81
2020.9.29,13861,11190,274,120
2020.9.30,13961,11190,274,100
2020.10.1,14085,11190,274,124
2020.10.2,14149,11190,274,64
2020.10.3,14328,11190,275,179
2020.10.4,14421,11190,275,93
2020.10.5,14527,11190,275,106
2020.10.6,14669,11190,275,142
2020.10.7,14895,11863,275,226
2020.10.8,15097,11863,275,202
2020.10.9,15294,11863,275,197
2020.10.10,15452,11863,275,158
2020.10.11,15506,11863,275,54
2020.10.12,15585,11863,276,79
2020.10.13,15730,11863,277,145
2020.10.14,15888,11863,277,158
2020.10.15,16050,11863,278,162
2020.10.16,16201,11863,278,151
2020.10.17,16349,11863,278,148
2020.10.18,16429,11863,278,80
2020.10.19,16539,11863,278,110
2020.10.20,16679,11863,278,140
2020.10.21,16880,11863,279,201
2020.10.22,17125,11863,279,245
2020.10.23,17405,11863,279,280
2020.10.24,17670,11863,279,265
2020.10.25,17843,11863,279,173
2020.10.26,17909,11863,279,66
2020.10.27,18483,11863,279,574
2020.10.28,18920,11863,280,437
2020.10.29,19355,11863,281,435
2020.10.30,19618,11863,282,263
2020.10.31,20214,11863,282,596
2020.11.1,20541,11863,282,327
2020.11.2,21088,11863,282,547
2020.11.3,21624,11863,282,536
2020.11.4,21956,11863,282,332
2020.11.5,22953,11863,284,997
2020.11.6,23600,11863,285,647
2020.11.7,23835,11863,285,235
2020.11.8,24243,11863,285,408
2020.11.9,24975,11863,285,732
2020.11.10,25524,11863,285,549
2020.11.11,26195,11863,285,671
2020.11.12,26802,11863,291,607
2020.11.13,27485,11863,294,683
2020.11.14,27916,11863,294,431
2020.11.15,28434,19025,294,518
2020.11.16,29236,19025,294,802
2020.11.17,29749,19025,298,513
2020.11.18,30394,19025,299,645
2020.11.19,30770,19025,305,376
2020.11.20,31722,20956,305,952
2020.11.21,32248,20956,306,526
2020.11.22,32630,20956,306,382
2020.11.23,32942,20956,311,312
2020.11.24,33431,20956,314,489
2020.11.25,33988,20956,316,557
2020.11.26,34268,20956,316,280
2020.11.27,34942,20956,328,674
2020.11.28,35346,20956,328,404
2020.11.29,35684,20956,328,338
2020.11.30,36150,20956,332,287
2020.12.1,36318,27414,334,168
2020.12.2,36789,27414,351,471
2020.12.3,37136,27414,353,347
2020.12.4,37371,27414,354,235
2020.12.5,37961,27414,354,590
2020.12.6,38200,27414,354,239
2020.12.7,38540,27414,359,340
2020.12.8,38920,27414,361,380
2020.12.9,39163,34463,361,243
2020.12.10,39768,34463,382,605
2020.12.11,40194,34463,387,426
2020.12.12,40439,34463,387,245
2020.12.13,40927,34463,387,488
2020.12.14,41158,34782,393,231
2020.12.15,41619,34782,395,461
2020.12.16,42077,34782,402,458
2020.12.17,42519,34782,404,442
2020.12.18,42968,37658,404,449
2020.12.19,43207,37658,404,239
2020.12.20,43582,37658,404,375
2020.12.21,44113,37658,405,531
2020.12.22,44336,37658,405,223
2020.12.23,45167,37658,421,831
2020.12.24,45809,37658,421,642
2020.12.25,45931,37658,421,122
2020.12.26,46248,37658,421,317
2020.12.27,47059,37658,429,811
2020.12.28,47585,37658,429,526
2020.12.29,47585,37658,429,0
2020.12.30,48635,37658,436,1050
2020.12.31,49410,37658,436,775
2021.1.1,49567,37658,436,157
2021.1.2,50111,37658,436,544
2021.1.3,50523,37658,436,412
2021.1.4,51034,37658,449,511
2021.1.5,51665,37658,452,631
2021.1.6,52458,37658,465,793
2021.1.7,53326,46611,467,868
2021.1.8,53792,46611,472,466
2021.1.9,54476,46611,472,684
2021.1.10,55156,46611,472,680
2021.1.11,55474,46611,478,318
2021.1.12,56274,46611,482,800
2021.1.13,56927,46611,482,653
2021.1.14,57282,46611,511,355
2021.1.15,58004,46611,517,722
2021.1.16,58202,46611,517,198
2021.1.17,58445,46611,517,243
2021.1.18,58883,46611,521,438
2021.1.19,59254,49835,525,371
2021.1.20,59456,49835,525,202
2021.1.21,59887,49835,544,431
2021.1.22,60259,49835,544,372
2021.1.23,60732,49835,544,473
2021.1.24,60957,49835,544,225
2021.1.25,61142,53299,548,185
2021.1.26,61315,53299,550,173
2021.1.27,61809,53299,556,494
2021.1.28,62129,53299,557,320
2021.1.29,62463,57004,564,334
2021.1.30,62713,57004,564,250
2021.1.31,62877,57004,564,164
2021.2.1,63119,57004,567,242
2021.2.2,63430,57004,568,311
2021.2.3,63745,57004,574,315
2021.2.4,64083,57004,582,338
2021.2.5,64212,57004,582,129
2021.2.6,64585,57004,582,373
2021.2.7,64724,57004,582,139
2021.2.8,64990,57004,582,266
2021.2.9,65118,57004,583,128
2021.2.10,65429,57004,592,311
2021.2.11,65547,57004,592,118
2021.2.12,66070,57004,592,523
2021.2.13,66294,57004,592,224
2021.2.14,66392,57004,592,98
2021.2.15,66666,57004,592,274
2021.2.16,67014,61614,593,348
2021.2.17,67353,63783,607,339
2021.2.18,67604,63783,607,251
2021.2.19,68000,63783,607,396
2021.2.20,68107,63783,607,107
2021.2.21,68315,63783,607,208
2021.2.22,68678,63783,608,363
2021.2.23,68981,63783,608,303
2021.2.24,69436,63783,620,455
2021.2.25,69899,63783,620,463
2021.2.26,70345,63783,622,446
2021.2.27,70650,63783,622,305
2021.2.28,70887,63783,622,237
2021.3.1,71410,66014,623,523
2021.3.2,72026,66014,623,616
2021.3.3,72653,66014,632,627
2021.3.4,73285,66014,632,632
2021.3.5,74037,66014,632,752
2021.3.6,74310,66014,632,273
2021.3.7,74827,66014,632,517
2021.3.8,74942,66014,632,115
2021.3.9,76154,66014,632,1212
2021.3.10,76923,66014,632,769
2021.3.11,77601,66014,632,678
2021.3.12,78571,66014,639,970
2021.3.13,79358,66014,639,787
2021.3.14,80035,66014,639,677
2021.3.15,80734,70224,640,699
2021.3.16,81305,70224,641,571
2021.3.17,82984,70224,648,1679
2021.3.18,83519,70224,648,535
2021.3.19,85098,70224,648,1579
2021.3.20,86003,70224,648,905
2021.3.21,86362,70224,648,359
2021.3.22,87519,74332,649,1157
2021.3.23,88531,74332,649,1012
2021.3.24,89679,74332,656,1148
2021.3.25,90535,74332,656,856
2021.3.26,91283,74332,656,748
2021.3.27,92267,74332,656,984
2021.3.28,92858,74332,656,591
2021.3.29,93499,80023,660,641
2021.3.30,94622,80023,661,1123
2021.3.31,95695,80023,673,1073
2021.4.1,96600,80023,673,905
2021.4.2,97152,80023,673,552
2021.4.3,97860,80023,673,708
2021.4.4,98445,80023,673,585
2021.4.5,99026,80023,676,581
2021.4.6,99645,80023,677,619
2021.4.7,100677,80023,683,1032
2021.4.8,101607,88952,684,930
2021.4.9,102379,88952,684,772
2021.4.10,102974,88952,684,595
2021.4.11,103200,88952,684,226
2021.4.12,103966,88952,687,766
2021.4.13,104647,88952,688,681
2021.4.14,105330,88952,706,683
2021.4.15,105870,88952,707,540
2021.4.16,106522,88952,707,652
2021.4.17,107026,88952,708,504
2021.4.18,107369,88952,708,343
2021.4.19,107767,88952,709,398
2021.4.20,108342,88952,709,575
2021.4.21,108839,88952,709,497
