date,累计确诊,治愈,死亡,新增确诊
2020.4.7,1174,40,24,118
2020.4.8,1174,40,27,118
2020.4.9,1289,50,29,115
2020.4.11,1560,75,30,122
2020.4.12,1662,94,32,0
2020.4.13,1847,134,36,135
2020.4.15,2049,171,46,115
2020.4.16,2154,276,55,110
2020.4.17,2264,276,56,121
2020.4.19,2472,457,67,66
2020.4.20,2614,505,72,164
2020.4.21,2778,560,75,148
2020.4.22,2926,661,79,184
2020.4.24,3110,755,84,104
2020.4.25,3408,895,94,73
2020.4.26,3481,925,101,157
2020.4.27,3638,925,103,133
2020.4.28,3771,1114,107,126
2020.4.29,3897,1182,116,126
2020.4.30,3897,1272,122,83
2020.5.1,3980,1272,122,69
2020.5.3,4121,1382,125,69
2020.5.4,4248,1544,133,115
2020.5.5,4363,1544,136,113
2020.5.6,4476,1658,143,129
2020.5.7,4605,1747,145,60
2020.5.10,4927,1958,169,159
2020.5.12,5154,1980,182,147
2020.5.14,5553,2228,194,192
2020.5.15,5745,2228,202,189
2020.5.16,5934,2344,207,126
2020.5.17,6060,2344,211,78
2020.5.18,6138,2425,217,202
2020.5.19,6340,2508,221,213
2020.5.20,6553,2953,228,0
2020.5.21,6553,2953,228,151
2020.5.22,6704,2953,233,290
2020.5.23,6994,3452,242,99
2020.5.24,7093,3713,250,54
2020.5.25,7147,3802,261,158
2020.5.26,7305,3884,267,232
2020.5.27,7537,3884,274,188
2020.5.28,7725,4123,282,171
2020.5.29,7896,4278,288,202
2020.5.30,8098,4455,291,153
2020.5.31,8251,4581,295,109
2020.6.1,8360,4622,305,188
2020.6.2,8548,4738,307,247
2020.6.3,8795,4863,310,223
2020.6.4,9018,5009,315,229
2020.6.5,9247,5240,323,264
2020.6.6,9511,5450,331,189
2020.6.7,9700,5638,341,0
2020.6.8,9700,5738,346,325
2020.6.9,10025,5797,365,296
2020.6.10,10321,5930,371,406
2020.6.11,10727,6072,375,366
2020.6.12,11093,6229,385,366
2020.6.13,11459,6421,398,281
2020.6.14,11740,6623,406,139
2020.6.15,11879,6794,411,375
2020.6.16,12254,6901,423,478
2020.6.17,12732,7077,433,374
2020.6.18,13106,7252,444,0
2020.6.19,13106,7525,449,847
2020.6.20,13953,7745,464,247
2020.6.21,14200,7896,473,163
2020.6.22,14363,8019,480,351
2020.6.23,14714,8212,490,0
2020.6.24,14714,8400,492,739
2020.6.25,15453,8599,502,323
2020.6.26,15776,8765,515,304
2020.6.27,16080,8963,521,170
2020.6.28,16250,9081,530,107
2020.6.29,16357,9229,536,256
2020.6.30,16613,9382,545,285
2020.7.1,16898,9594,549,252
2020.7.2,17150,9846,560,0
2020.7.3,17150,10093,563,522
2020.7.4,17672,10396,580,142
2020.7.5,17814,10718,585,0
2020.7.6,17814,11047,588,92
2020.7.7,17906,11241,603,565
2020.7.8,18471,11549,614,0
2020.7.9,18471,11549,615,453
2020.7.10,18924,12188,635,284
2020.7.11,19208,12456,640,174
2020.7.12,19382,12667,642,57
2020.7.13,19439,12793,649,0
2020.7.14,19439,13033,652,601
2020.7.15,20040,13298,659,224
2020.7.16,20264,13640,666,230
2020.7.17,20494,13913,675,0
2020.7.18,20494,13913,675,486
2020.7.19,20980,14376,684,0
2020.7.20,20980,14376,684,462
2020.7.21,21442,14599,707,356
2020.7.22,21798,14856,712,307
2020.7.23,22105,15174,719,378
2020.7.24,22483,15407,726,345
2020.7.25,22828,15608,732,206
2020.7.26,23034,15909,735,120
2020.7.27,23154,16154,748,0
2020.7.28,23154,16462,751,793
2020.7.29,23947,16785,759,0
2020.7.30,23947,17040,762,786
2020.7.31,24733,17269,778,380
2020.8.1,25113,17571,788,249
2020.8.2,25362,17816,791,120
2020.8.3,25482,17942,800,332
2020.8.4,25814,17942,810,408
2020.8.5,26222,18167,823,406
2020.8.6,26628,18676,828,362
2020.8.7,26990,18918,835,453
2020.8.8,27443,19100,841,217
2020.8.9,27660,19300,845,181
2020.8.10,27841,19300,850,382
2020.8.11,28223,19740,857,474
2020.8.12,28697,19998,863,390
2020.8.13,29087,20276,878,396
2020.8.14,29483,20556,884,0
2020.8.15,29483,20556,884,700
2020.8.16,30183,21220,896,194
2020.8.17,30377,21220,908,412
2020.8.18,30789,21220,908,626
2020.8.19,31415,21885,914,522
2020.8.20,31937,21885,921,547
2020.8.21,32484,22683,929,588
2020.8.22,33072,22683,935,406
2020.8.23,33478,22683,940,350
2020.8.24,33828,23570,945,530
2020.8.25,34358,23869,960,624
2020.8.26,34982,24156,967,564
2020.8.27,35546,24156,977,358
2020.8.28,35904,24156,981,500
2020.8.29,36404,25139,990,296
2020.8.30,36700,25139,992,220
2020.8.31,36920,25872,995,288
2020.9.1,37208,25872,1008,532
2020.9.2,37740,26189,1024,632
2020.9.3,38372,27017,1036,534
2020.9.4,38906,27017,1047,567
2020.9.5,39473,27799,1063,324
2020.9.6,39797,27799,1063,258
2020.9.7,40055,27799,1074,501
2020.9.8,40556,28578,1087,588
2020.9.9,41144,28962,1096,560
2020.9.10,41704,28962,1106,479
2020.9.11,42183,30437,1114,531
2020.9.12,42714,30437,1117,264
2020.9.13,42978,30437,1123,229
2020.9.14,43207,30437,1129,527
2020.9.15,43734,30437,1143,627
2020.9.16,44361,32732,1159,622
2020.9.17,44983,33239,1170,0
2020.9.18,44983,33239,1170,1353
2020.9.19,46336,34236,1201,260
2020.9.20,46596,34236,1203,200
2020.9.21,46796,35018,1211,650
2020.9.22,47446,35542,1230,786
2020.9.23,48232,36071,1244,721
2020.9.24,48953,36643,1252,0
2020.9.25,48953,36643,1252,713
2020.9.26,49666,37023,1264,1209
2020.9.27,50875,37842,1287,319
2020.9.28,51194,38217,1301,835
2020.9.29,52029,38579,1310,1013
2020.9.30,53042,38997,1320,1022
2020.10.1,54064,39499,1336,952
2020.10.2,55016,40002,1344,872
2020.10.3,55888,40475,1353,691
2020.10.4,56579,40955,1366,322
2020.10.5,56901,41467,1375,831
2020.10.6,57732,41938,1389,1062
2020.10.7,58794,42480,1406,1121
2020.10.8,59915,43008,1424,918
2020.10.9,60833,43489,1442,929
2020.10.10,61762,43982,1458,389
2020.10.11,62151,44357,1461,467
2020.10.12,62618,44728,1478,657
2020.10.13,63275,45102,1495,1149
2020.10.14,64424,45545,1514,652
2020.10.15,65076,46010,1530,784
2020.10.16,65860,46543,1549,792
2020.10.17,66652,47230,1569,398
2020.10.18,67050,47842,1584,252
2020.10.19,67302,48493,1600,656
2020.10.20,67958,49083,1617,833
2020.10.21,68791,49702,1630,777
2020.10.22,69568,50422,1641,688
2020.10.23,70256,51102,1654,833
2020.10.24,71089,51719,1669,414
2020.10.25,71503,52290,1685,308
2020.10.26,71811,52730,1700,649
2020.10.27,72460,53201,1710,0
2020.10.28,72460,53201,1710,1773
2020.10.29,74233,54495,1747,968
2020.10.30,75201,55190,1766,839
2020.10.31,76040,55782,1785,542
2020.11.1,76582,56312,1800,195
2020.11.2,76777,56875,1818,710
2020.11.3,77487,57402,1838,1020
2020.11.4,78507,58292,1851,1059
2020.11.5,79566,59220,1866,935
2020.11.6,80501,60220,1882,1174
2020.11.7,81675,61314,1891,0
2020.11.8,81675,61314,1891,1002
2020.11.9,82677,63646,1912,0
2020.11.10,82677,63646,1912,2030
2020.11.11,84707,66115,1950,0
2020.11.12,84707,66115,1950,2654
2020.11.13,87361,68392,1987,1411
2020.11.14,88772,69526,2006,507
2020.11.15,89279,70812,2019,564
2020.11.16,89843,71874,2035,0
2020.11.17,89843,71874,2035,1069
2020.11.18,90912,73059,2054,3049
2020.11.19,93961,75530,2091,0
2020.11.20,93961,75530,2091,2728
2020.11.21,96689,78112,2130,1252
2020.11.22,97941,79556,2149,477
2020.11.23,98418,80882,2169,1215
2020.11.24,99633,82335,2188,1570
2020.11.25,101203,83789,2209,1691
2020.11.26,102894,90485,2229,1246
2020.11.27,104140,91797,2250,1712
2020.11.28,105852,93028,2269,1165
2020.11.29,107017,94586,2290,347
2020.11.30,107364,95354,2304,1499
2020.12.1,108863,95918,2323,1717
2020.12.2,110580,96711,2343,1727
2020.12.3,112307,97549,2363,1522
2020.12.4,113829,98276,2384,1728
2020.12.5,115557,99606,2403,808
2020.12.6,116365,101244,2419,0
2020.12.7,116365,101244,2419,2839
2020.12.8,119204,102565,2460,1766
2020.12.9,120970,103973,2481,1715
2020.12.10,122685,105238,2500,1579
2020.12.11,124264,106471,2521,1459
2020.12.12,125723,107733,2547,795
2020.12.13,126518,108901,2572,735
2020.12.14,127253,110179,2598,1403
2020.12.15,128656,111314,2625,1673
2020.12.16,130329,112677,2650,1590
2020.12.17,131919,114230,2674,1441
2020.12.18,133360,115612,2700,1218
2020.12.19,134578,117002,2727,629
2020.12.20,135207,118635,2752,703
2020.12.21,135910,120015,2777,1021
2020.12.22,136931,121402,2803,1282
2020.12.23,138213,122614,2825,1222
2020.12.24,139435,123924,2848,0
2020.12.25,139435,123924,2848,1561
2020.12.26,140996,126651,2883,359
2020.12.27,141355,127404,2891,569
2020.12.28,141924,127813,2909,927
2020.12.29,142851,128501,2934,990
2020.12.30,143841,129539,2960,977
2020.12.31,144818,130643,2985,440
2021.1.1,145258,131701,3004,436
2021.1.2,145694,132342,3020,179
2021.1.3,145873,133247,3037,436
2021.1.4,146309,134021,3054,612
2021.1.5,146921,134751,3070,950
2021.1.6,147871,135911,3088,423
2021.1.7,148294,136800,3106,375
2021.1.8,148669,137416,3122,424
2021.1.9,149093,138103,3130,298
2021.1.10,149391,138440,3139,271
2021.1.11,149662,138865,3156,0
2021.1.12,149662,138865,3156,476
2021.1.13,150138,139427,3176,1549
2021.1.14,151687,140983,3211,576
2021.1.15,152263,141975,3228,377
2021.1.16,152640,142669,3245,214
2021.1.17,152854,143150,3250,258
2021.1.18,153112,143330,3267,394
2021.1.19,153506,143766,3282,612
2021.1.20,154118,144356,3299,670
2021.1.21,154788,145168,3315,514
2021.1.22,155302,145831,3332,635
2021.1.23,155937,146406,3347,265
2021.1.24,156202,146948,3361,224
2021.1.25,156426,147178,3368,546
2021.1.26,156972,147380,3381,654
2021.1.27,157626,147864,3396,683
2021.1.28,158309,148432,3413,551
2021.1.29,158860,149026,3424,653
2021.1.30,159513,149562,3434,291
2021.1.31,159804,150090,3438,282
2021.2.1,160086,150502,3446,639
2021.2.2,160725,150720,3462,917
2021.2.3,161642,151232,3480,982
2021.2.4,162624,151880,3497,776
2021.2.5,163400,152552,3515,843
2021.2.6,164243,153196,3530,326
2021.2.7,164569,153785,3543,289
2021.2.8,164858,154303,3557,805
2021.2.9,165663,154444,3573,890
2021.2.10,166553,154956,3589,993
2021.2.11,167546,155557,3607,1280
2021.2.12,168826,156198,3626,979
2021.2.13,169805,156836,3640,381
2021.2.14,170186,157427,3651,363
2021.2.15,170549,158005,3661,965
2021.2.16,171514,158619,3678,1301
2021.2.17,172815,159339,3697,1340
2021.2.18,174155,159931,3717,1028
2021.2.19,175183,160619,3739,1062
2021.2.20,176245,161220,3760,507
2021.2.21,176752,161893,3780,655
2021.2.22,177407,162595,3799,1133
2021.2.23,178540,163376,3823,1610
2021.2.24,180150,163896,3846,1736
2021.2.25,181886,164321,3871,1452
2021.2.26,183338,164888,3899,1518
2021.2.27,184856,165489,3924,597
2021.2.28,185453,166178,3949,0
2021.3.1,185453,166178,3949,2394
2021.3.2,187847,167442,4002,0
2021.3.3,187847,167442,4002,1550
2021.3.4,189397,168143,4026,1800
2021.3.5,191197,168801,4049,1788
2021.3.6,192985,169623,4071,1620
2021.3.7,194605,170468,4091,997
2021.3.8,195602,172242,4129,0
2021.3.9,195602,172242,4129,873
2021.3.10,196475,173141,4150,1753
2021.3.11,198228,174099,4183,1896
2021.3.12,200124,175111,4220,1785
2021.3.13,201909,176150,4258,2554
2021.3.14,204463,178322,4330,0
2021.3.15,204463,178322,4330,861
2021.3.16,205324,179474,4369,1688
2021.3.17,207012,180763,4402,1916
2021.3.18,208928,182108,4436,1797
2021.3.19,210725,183520,4472,1843
2021.3.20,212568,185105,4501,2466
2021.3.21,215034,188363,4559,0
2021.3.22,215034,188363,4559,1060
2021.3.23,216094,189875,4590,1621
2021.3.24,217715,191630,4623,2273
2021.3.25,219988,193562,4661,2132
2021.3.26,222120,195558,4702,1866
2021.3.27,223986,197623,4745,2535
2021.3.28,226521,201769,4827,0
2021.3.29,226521,201769,4827,932
2021.3.30,227453,203703,4869,917
2021.3.31,228370,205759,4915,1871
2021.4.1,230241,207852,4960,1515
2021.4.2,231756,209907,5003,1380
2021.4.3,233136,211803,5048,1951
2021.4.4,235087,215091,5136,703
2021.4.5,235790,216478,5178,773
2021.4.6,236563,217606,5224,1155
2021.4.7,237718,218711,5268,1428
2021.4.8,239146,219728,5307,0
2021.4.9,239146,219728,5307,910
2021.4.10,240056,220881,5339,830
2021.4.11,240886,221968,5369,934
2021.4.12,241820,223822,5409,0
2021.4.13,241820,223822,5409,544
2021.4.14,242364,225036,5438,1813
2021.4.15,244177,227569,5493,0
2021.4.16,244177,227569,5493,1317
2021.4.17,245494,230090,5548,0
2021.4.18,245494,230090,5548,403
2021.4.19,245897,231235,5571,341
2021.4.20,246238,232328,5591,453
2021.4.21,246691,233281,5616,0
