date,累计确诊,治愈,死亡,新增确诊
2020.4.8,81,4,1,2
2020.4.9,84,5,1,3
2020.4.10,90,5,1,6
2020.4.11,92,5,1,2
2020.4.12,93,5,1,1
2020.4.15,93,12,3,0
2020.4.17,94,20,3,1
2020.4.21,94,26,3,0
2020.4.23,94,35,3,0
2020.4.24,94,41,4,0
2020.4.27,95,42,4,1
2020.4.30,95,64,4,0
2020.5.5,95,81,4,0
2020.5.16,96,87,4,0
2020.5.17,96,87,4,0
2020.5.18,96,87,4,0
2020.5.19,97,87,4,1
2020.5.20,97,87,4,0
2020.5.21,97,90,4,0
2020.5.22,97,90,4,0
2020.5.23,97,90,4,0
2020.5.24,98,90,4,1
2020.5.25,98,90,4,0
2020.5.26,98,90,4,0
2020.5.27,98,90,4,0
2020.5.28,98,90,4,0
2020.5.29,98,90,4,0
2020.5.30,98,90,4,0
2020.5.31,99,90,4,1
2020.6.1,99,90,4,0
2020.6.2,99,90,4,0
2020.6.3,99,90,4,0
2020.6.4,99,90,4,0
2020.6.5,99,92,4,0
2020.6.6,99,93,4,0
2020.6.7,99,93,4,0
2020.6.8,99,93,4,0
2020.6.9,99,93,4,0
2020.6.10,99,93,4,0
2020.6.11,99,93,4,0
2020.6.12,99,93,4,0
2020.6.13,99,93,4,0
2020.6.14,99,93,4,0
2020.6.15,99,93,4,0
2020.6.16,99,93,4,0
2020.6.17,99,94,4,0
2020.6.18,99,94,4,0
2020.6.19,99,94,4,0
2020.6.20,99,94,4,0
2020.6.21,99,94,4,0
2020.6.22,100,94,4,1
2020.6.23,101,95,4,1
2020.6.24,101,95,4,0
2020.6.25,102,95,4,1
2020.6.26,102,95,4,0
2020.6.27,102,95,4,0
2020.6.28,103,95,4,1
2020.6.29,103,95,4,0
2020.6.30,103,95,4,0
2020.7.1,103,95,4,0
2020.7.2,103,95,4,0
2020.7.3,106,95,4,3
2020.7.4,106,95,4,0
2020.7.5,106,95,4,0
2020.7.6,108,95,4,2
2020.7.7,108,95,4,0
2020.7.8,108,95,4,0
2020.7.9,108,95,4,0
2020.7.10,108,96,4,0
2020.7.11,108,96,4,0
2020.7.12,109,96,4,1
2020.7.13,109,97,4,0
2020.7.14,109,97,4,0
2020.7.15,109,97,4,0
2020.7.16,109,98,4,0
2020.7.17,109,98,4,0
2020.7.18,109,98,4,0
2020.7.19,109,98,4,0
2020.7.20,109,98,4,0
2020.7.21,109,100,4,0
2020.7.22,111,100,4,2
2020.7.23,112,100,4,1
2020.7.24,114,100,4,2
2020.7.25,116,100,4,2
2020.7.26,116,104,4,0
2020.7.27,116,104,4,0
2020.7.28,116,104,4,0
2020.7.29,117,104,4,1
2020.7.30,120,105,4,3
2020.7.31,120,105,4,0
2020.8.1,120,105,4,0
2020.8.2,120,105,4,0
2020.8.3,120,105,4,0
2020.8.4,121,105,4,1
2020.8.5,123,105,4,2
2020.8.6,125,105,4,2
2020.8.7,125,105,4,0
2020.8.8,128,105,4,3
2020.8.9,131,112,4,3
2020.8.10,133,113,4,2
2020.8.11,133,113,4,0
2020.8.12,138,113,4,5
2020.8.13,141,114,4,3
2020.8.14,144,114,4,3
2020.8.15,146,114,4,2
2020.8.16,146,114,4,0
2020.8.17,146,114,4,0
2020.8.18,148,114,4,2
2020.8.19,148,114,4,0
2020.8.20,148,114,4,0
2020.8.21,150,115,4,2
2020.8.22,154,116,4,4
2020.8.23,154,116,4,0
2020.8.24,112,83,1,0
2020.8.25,112,83,1,0
2020.8.26,121,85,1,9
2020.8.27,122,85,1,1
2020.8.28,125,86,1,3
2020.8.29,125,86,1,0
2020.8.30,130,89,1,5
2020.8.31,131,89,1,1
2020.9.1,138,89,1,7
2020.9.2,140,90,1,2
2020.9.3,142,91,1,2
2020.9.4,143,94,1,1
2020.9.5,147,97,1,4
2020.9.6,147,102,1,0
2020.9.7,147,102,1,0
2020.9.8,153,102,1,6
2020.9.9,156,107,1,3
2020.9.10,161,107,1,5
2020.9.11,165,107,1,4
2020.9.12,168,123,1,3
2020.9.13,169,123,1,1
2020.9.14,171,128,1,2
2020.9.15,177,132,1,6
2020.9.16,178,133,1,1
2020.9.17,181,137,1,3
2020.9.18,186,147,1,5
2020.9.19,191,152,1,5
2020.9.20,192,152,1,1
2020.9.21,193,153,1,1
2020.9.22,195,159,1,2
2020.9.23,197,163,1,2
2020.9.24,199,165,1,2
2020.9.25,205,166,1,6
2020.9.26,208,167,2,3
2020.9.27,210,169,2,2
2020.9.28,210,169,2,0
2020.9.29,212,174,2,2
2020.9.30,214,178,2,2
2020.10.1,218,181,2,4
2020.10.2,219,187,2,1
2020.10.3,221,188,2,2
2020.10.4,222,188,2,1
2020.10.5,222,189,2,0
2020.10.6,223,193,2,1
2020.10.7,224,198,2,1
2020.10.8,227,202,2,3
2020.10.9,229,207,2,2
2020.10.10,233,209,2,4
2020.10.11,233,209,2,0
2020.10.12,234,209,2,1
2020.10.13,236,213,2,2
2020.10.14,241,217,2,5
2020.10.15,248,217,2,7
2020.10.16,253,217,2,5
2020.10.17,255,217,2,2
2020.10.18,260,217,2,5
2020.10.19,265,217,2,5
2020.10.20,268,222,2,3
2020.10.21,271,227,2,3
2020.10.22,273,231,2,2
2020.10.23,281,233,2,8
2020.10.24,295,241,2,14
2020.10.25,296,244,2,1
2020.10.26,306,244,2,10
2020.10.27,310,250,2,4
2020.10.28,320,256,2,10
2020.10.29,337,256,2,17
2020.10.30,347,264,2,10
2020.10.31,355,273,2,8
2020.11.1,359,273,2,4
2020.11.2,366,274,2,7
2020.11.3,375,281,2,9
2020.11.4,397,293,2,22
2020.11.5,412,293,2,15
2020.11.6,430,318,2,18
2020.11.7,454,331,2,24
2020.11.8,483,331,2,29
2020.11.9,486,345,2,3
2020.11.10,490,369,2,4
2020.11.11,512,378,2,22
2020.11.12,524,390,2,12
2020.11.13,532,408,2,8
2020.11.14,540,426,2,8
2020.11.15,545,446,2,5
2020.11.16,548,450,2,3
2020.11.17,552,462,2,4
2020.11.18,557,467,3,5
2020.11.19,565,487,3,8
2020.11.20,573,497,3,8
2020.11.21,577,504,3,4
2020.11.22,581,507,3,4
2020.11.23,582,512,3,1
2020.11.24,583,518,3,1
2020.11.25,587,523,3,4
2020.11.26,594,530,3,7
2020.11.27,600,530,3,6
2020.11.28,603,532,3,3
2020.11.29,607,537,3,4
2020.11.30,609,556,3,1
2020.12.1,609,556,3,0
2020.12.2,617,559,3,8
2020.12.3,621,563,3,4
2020.12.4,630,570,3,9
2020.12.5,630,571,3,0
2020.12.6,637,572,3,7
2020.12.7,638,574,3,1
2020.12.8,641,577,3,3
2020.12.9,648,580,3,7
2020.12.10,655,585,3,7
2020.12.11,657,591,3,2
2020.12.12,659,594,3,2
2020.12.13,668,596,3,9
2020.12.14,668,597,3,0
2020.12.15,671,605,3,3
2020.12.16,678,609,3,7
2020.12.17,685,611,3,7
2020.12.18,700,611,3,15
2020.12.19,715,616,3,15
2020.12.20,723,616,3,8
2020.12.21,728,621,3,5
2020.12.22,742,631,3,14
2020.12.23,756,636,3,14
2020.12.24,767,646,3,11
2020.12.25,783,659,3,16
2020.12.26,789,664,3,6
2020.12.27,797,673,3,8
2020.12.28,801,686,3,4
2020.12.29,801,686,3,0
2020.12.30,827,692,3,26
2020.12.31,853,704,3,26
2021.1.1,875,708,3,22
2021.1.2,885,718,3,10
2021.1.3,901,725,3,16
2021.1.4,907,733,3,6
2021.1.5,917,743,3,10
2021.1.6,947,763,3,30
2021.1.7,978,773,3,31
2021.1.8,1018,793,3,40
2021.1.9,1041,814,4,23
2021.1.10,1053,830,4,12
2021.1.11,1057,850,4,4
2021.1.12,1070,883,4,13
2021.1.13,1092,900,7,22
2021.1.14,1128,926,7,36
2021.1.15,1145,947,7,17
2021.1.16,1169,962,7,24
2021.1.17,1194,977,7,25
2021.1.18,1205,995,7,11
2021.1.19,1212,1013,7,7
2021.1.20,1240,1036,9,28
2021.1.21,1262,1050,9,22
2021.1.22,1287,1058,9,25
2021.1.23,1311,1078,9,24
2021.1.24,1345,1100,9,34
2021.1.25,1357,1121,9,12
2021.1.26,1368,1140,9,11
2021.1.27,1399,1160,9,31
2021.1.28,1413,1180,10,14
2021.1.29,1430,1198,11,17
2021.1.30,1430,1198,11,0
2021.1.31,1475,1245,11,45
2021.2.1,1489,1257,13,14
2021.2.2,1499,1283,14,10
2021.2.3,1543,1295,17,44
2021.2.4,1572,1320,18,29
2021.2.5,1596,1332,18,24
2021.2.6,1625,1350,19,29
2021.2.7,1647,1362,19,22
2021.2.8,1655,1380,19,8
2021.2.9,1665,1403,19,10
2021.2.10,1695,1411,19,30
2021.2.11,1717,1435,19,22
2021.2.12,1735,1455,19,18
2021.2.13,1752,1490,21,17
2021.2.14,1755,1510,21,3
2021.2.15,1760,1530,21,5
2021.2.16,1774,1545,21,14
2021.2.17,1787,1562,21,13
2021.2.18,1816,1590,22,29
2021.2.19,1835,1610,22,19
2021.2.20,1844,1634,22,9
2021.2.21,1862,1644,22,18
2021.2.22,1870,1650,22,8
2021.2.23,1885,1657,22,15
2021.2.24,1904,1669,23,19
2021.2.25,1916,1683,23,12
2021.2.26,1932,1690,23,16
2021.2.27,1942,1692,23,10
2021.2.28,1953,1704,24,11
2021.3.1,1956,1710,24,3
2021.3.2,1965,1720,24,9
2021.3.3,1965,1720,25,0
2021.3.4,1981,1754,26,16
2021.3.5,1997,1770,26,16
2021.3.6,2009,1810,26,12
2021.3.7,2019,1820,26,10
2021.3.8,2023,1835,26,4
2021.3.9,2028,1850,26,5
2021.3.10,2048,1869,26,20
2021.3.11,2062,1875,26,14
2021.3.12,2075,1885,26,13
2021.3.13,2097,1895,27,22
2021.3.14,2106,1905,27,9
2021.3.15,2107,1912,27,1
2021.3.16,2120,1922,27,13
2021.3.17,2135,1932,27,15
2021.3.18,2141,1945,27,6
2021.3.19,2149,1960,27,8
2021.3.20,2164,1970,27,15
2021.3.21,2173,1990,27,9
2021.3.22,2173,2007,27,0
2021.3.23,2182,2020,27,9
2021.3.24,2199,2030,27,17
2021.3.25,2210,2040,28,11
2021.3.26,2227,2047,28,17
2021.3.27,2248,2052,28,21
2021.3.28,2254,2057,28,6
2021.3.29,2259,2070,28,5
2021.3.30,2265,2090,28,6
2021.3.31,2282,2110,28,17
2021.4.1,2288,2115,28,6
2021.4.2,2305,2128,28,17
2021.4.3,2320,2143,28,15
2021.4.4,2326,2155,29,6
2021.4.5,2329,2175,29,3
2021.4.6,2334,2190,30,5
2021.4.7,2345,2200,30,11
2021.4.8,2353,2205,30,8
2021.4.9,2364,2213,30,11
2021.4.10,2369,2220,31,5
2021.4.11,2374,2230,31,5
2021.4.12,2375,2242,31,1
2021.4.13,2377,2247,31,2
2021.4.14,2378,2260,31,1
2021.4.15,2384,2266,31,6
2021.4.16,2387,2268,31,3
2021.4.17,2391,2276,31,4
2021.4.18,2395,2282,31,4
2021.4.19,2399,2292,31,4
2021.4.20,2404,2304,31,5
2021.4.21,2413,2306,31,9
