date,累计确诊,治愈,死亡,新增确诊
2020.4.7,682,13,2,101
2020.4.8,682,13,2,101
2020.4.9,701,23,2,19
2020.4.10,715,23,2,14
2020.4.12,769,107,2,27
2020.4.13,816,107,2,47
2020.4.14,863,113,2,28
2020.4.15,977,151,8,114
2020.4.16,1049,167,8,72
2020.4.17,1089,213,11,40
2020.4.18,1161,229,12,72
2020.4.19,1173,251,13,12
2020.4.20,1199,258,14,26
2020.4.21,1244,284,14,45
2020.4.22,1325,288,15,81
2020.4.23,1360,355,17,35
2020.4.24,1373,386,17,13
2020.4.25,1379,394,18,6
2020.4.26,1381,403,18,2
2020.4.27,1384,423,20,3
2020.4.28,1391,484,22,7
2020.4.29,1396,524,23,5
2020.4.30,1403,558,23,7
2020.5.1,1407,608,24,4
2020.5.3,1413,643,25,5
2020.5.4,1421,741,25,8
2020.5.5,1429,762,25,8
2020.5.6,1445,806,26,16
2020.5.7,1455,905,26,10
2020.5.9,1457,941,26,2
2020.5.11,1465,983,27,8
2020.5.12,1469,1060,27,8
2020.5.13,1477,1112,27,8
2020.5.14,1480,1131,27,3
2020.5.15,1493,1151,28,13
2020.5.16,1494,1163,28,1
2020.5.17,1495,1185,28,1
2020.5.18,1495,1185,28,0
2020.5.19,1495,1192,28,0
2020.5.20,1496,1231,28,1
2020.5.21,1502,1245,28,6
2020.5.22,1503,1256,28,1
2020.5.23,1504,1280,28,1
2020.5.24,1509,1301,28,5
2020.5.25,1511,1307,28,2
2020.5.26,1513,1322,28,2
2020.5.27,1515,1327,28,2
2020.5.28,1520,1332,28,5
2020.5.29,1520,1338,28,0
2020.5.30,1521,1356,28,1
2020.5.31,1521,1366,28,0
2020.6.1,1522,1368,28,1
2020.6.2,1522,1372,28,0
2020.6.3,1525,1375,28,3
2020.6.4,1526,1376,28,1
2020.6.5,1526,1379,28,0
2020.6.6,1528,1379,28,2
2020.6.7,1528,1389,28,0
2020.6.8,1530,1396,28,2
2020.6.9,1531,1402,28,1
2020.6.10,1533,1404,28,2
2020.6.11,1541,1409,28,8
2020.6.12,1542,1409,28,1
2020.6.13,1545,1410,28,3
2020.6.14,1548,1410,28,3
2020.6.15,1552,1410,28,4
2020.6.16,1552,1426,28,0
2020.6.17,1561,1437,28,9
2020.6.18,1562,1443,28,1
2020.6.19,1576,1447,28,14
2020.6.20,1586,1447,28,10
2020.6.21,1587,1447,28,1
2020.6.22,1588,1447,28,1
2020.6.23,1589,1448,28,1
2020.6.24,1607,1448,28,18
2020.6.25,1630,1452,28,23
2020.6.26,1643,1455,28,13
2020.6.27,1657,1455,28,14
2020.6.28,1664,1461,28,7
2020.6.29,1665,1464,28,1
2020.6.30,1667,1464,28,2
2020.7.1,1687,1466,28,20
2020.7.2,1700,1466,28,13
2020.7.3,1720,1466,28,20
2020.7.4,1749,1466,28,29
2020.7.5,1764,1466,28,15
2020.7.6,1765,1466,28,1
2020.7.7,1767,1473,28,2
2020.7.8,1798,1473,28,31
2020.7.9,1851,1477,28,53
2020.7.10,1870,1481,28,19
2020.7.11,1893,1493,28,23
2020.7.12,1901,1493,28,8
2020.7.13,1902,1493,28,1
2020.7.14,1908,1493,28,6
2020.7.15,1927,1507,28,19
2020.7.16,1951,1514,28,24
2020.7.17,1965,1523,28,14
2020.7.18,1976,1523,28,11
2020.7.19,1979,1530,28,3
2020.7.20,1980,1538,28,1
2020.7.21,2021,1538,28,41
2020.7.22,2058,1556,28,37
2020.7.23,2089,1556,28,31
2020.7.24,2118,1577,28,29
2020.7.25,2141,1577,28,23
2020.7.26,2179,1577,28,38
2020.7.27,2181,1616,28,2
2020.7.28,2204,1644,28,23
2020.7.29,2245,1660,28,41
2020.7.30,2265,1675,28,20
2020.7.31,2292,1695,29,27
2020.8.1,2337,1742,29,45
2020.8.2,2344,1742,29,7
2020.8.3,2354,1746,29,10
2020.8.4,2368,1771,29,14
2020.8.5,2417,1777,29,49
2020.8.6,2480,1824,29,63
2020.8.7,2523,1846,31,43
2020.8.8,2566,1861,31,43
2020.8.9,2596,1864,31,30
2020.8.10,2599,1866,31,3
2020.8.11,2615,1874,31,16
2020.8.12,2690,1884,31,75
2020.8.13,2739,1939,31,49
2020.8.14,2801,1944,31,62
2020.8.15,2855,1969,31,54
2020.8.16,2902,1969,31,47
2020.8.17,2907,1969,31,5
2020.8.18,2922,1980,31,15
2020.8.19,3022,1997,33,100
2020.8.20,3102,2014,33,80
2020.8.21,3225,2045,33,123
2020.8.22,3316,2147,33,91
2020.8.23,3356,2148,33,40
2020.8.24,3424,2153,33,68
2020.8.25,3452,2167,33,28
2020.8.26,3536,2192,33,84
2020.8.27,3626,2206,33,90
2020.8.28,3728,2225,33,102
2020.8.29,3842,2254,33,114
2020.8.30,3876,2278,33,34
2020.8.31,3917,2377,33,41
2020.9.1,3989,2478,33,72
2020.9.2,4042,2523,33,53
2020.9.3,4163,2617,37,121
2020.9.4,4300,2693,37,137
2020.9.5,4526,2797,37,226
2020.9.6,4614,2802,37,88
2020.9.7,4636,2836,37,22
2020.9.8,4727,2913,37,91
2020.9.9,4888,2947,37,161
2020.9.10,5066,3001,37,178
2020.9.11,5252,3081,37,186
2020.9.12,5453,3114,38,201
2020.9.13,5532,3124,38,79
2020.9.14,5580,3129,38,48
2020.9.15,5768,3214,38,188
2020.9.16,5860,3220,38,92
2020.9.17,6021,3288,39,161
2020.9.18,6256,3390,39,235
2020.9.19,6546,3519,39,290
2020.9.20,6677,3548,39,131
2020.9.21,6756,3571,39,79
2020.9.22,6931,3668,40,175
2020.9.23,7269,3888,41,338
2020.9.24,7629,3978,41,360
2020.9.25,8048,4036,41,419
2020.9.26,8600,4098,44,552
2020.9.27,9078,4178,44,478
2020.9.28,9343,4213,44,265
2020.9.29,9574,4329,45,231
2020.9.30,10141,4395,48,567
2020.10.1,10938,4620,48,797
2020.10.2,11617,4756,54,679
2020.10.3,12321,4793,54,704
2020.10.4,13139,4828,55,818
2020.10.5,13492,4865,55,353
2020.10.6,13812,5027,55,320
2020.10.7,14689,5200,55,877
2020.10.8,15726,5353,57,1037
2020.10.9,16910,5452,57,1184
2020.10.10,18797,5553,61,1887
2020.10.11,19851,5631,61,1054
2020.10.12,20355,6031,61,504
2020.10.13,20886,6388,61,531
2020.10.14,22296,6709,66,1410
2020.10.15,24225,6926,71,1929
2020.10.16,26300,7182,71,2075
2020.10.17,28268,7297,82,1968
2020.10.18,29835,7359,88,1567
2020.10.19,30695,7536,92,860
2020.10.20,31400,8004,98,705
2020.10.21,33602,8404,98,2202
2020.10.22,35330,8763,115,1728
2020.10.23,37911,8859,134,2581
2020.10.24,40801,9920,159,2890
2020.10.25,43843,9960,159,3042
2020.10.26,45155,10130,165,1312
2020.10.27,46056,11008,176,901
2020.10.28,48943,11799,184,2887
2020.10.29,51728,12227,200,2785
2020.10.30,55091,12508,212,3363
2020.10.31,57664,12617,219,2573
2020.11.1,59946,12798,219,2282
2020.11.2,61829,13012,219,1883
2020.11.3,63556,14257,235,1727
2020.11.4,66772,15474,261,3216
2020.11.5,68734,16426,286,1962
2020.11.6,71088,16990,317,2354
2020.11.7,73667,18354,351,2579
2020.11.8,75495,19481,351,1828
2020.11.9,76072,19757,366,577
2020.11.10,77123,21718,390,1051
2020.11.11,79181,23247,414,2058
2020.11.12,81772,24314,464,2591
2020.11.13,83796,26439,491,2024
2020.11.14,85567,29024,510,1771
2020.11.15,86767,30519,510,1200
2020.11.16,87276,31053,526,509
2020.11.17,88602,33906,557,1326
2020.11.18,89913,35924,579,1311
2020.11.19,91578,38695,579,1665
2020.11.20,93396,40816,614,1818
2020.11.21,95257,43188,644,1861
2020.11.22,96241,45883,671,984
2020.11.23,96472,47933,693,231
2020.11.24,97493,50738,709,1021
2020.11.25,99304,53547,732,1811
2020.11.26,101257,56378,749,1953
2020.11.27,103106,59285,771,1849
2020.11.28,104632,62094,798,1526
2020.11.29,105733,64197,816,1101
2020.11.30,105929,66041,839,196
2020.12.1,107183,68859,868,1254
2020.12.2,109226,71738,898,2043
2020.12.3,111208,74273,930,1982
2020.12.4,113392,77142,957,2184
2020.12.5,115462,79956,981,2070
2020.12.6,116731,82666,996,1269
2020.12.7,117283,84850,1018,552
2020.12.8,119232,87433,1046,1949
2020.12.9,121796,89769,1084,2564
2020.12.10,124921,91455,1104,3125
2020.12.11,127087,93533,1122,2166
2020.12.12,127087,93533,1122,0
2020.12.13,132984,97068,1175,5897
2020.12.14,133489,98585,1205,505
2020.12.15,135523,100303,1251,2034
2020.12.16,139088,101584,1309,3565
2020.12.17,142133,102737,1378,3045
2020.12.18,146124,104560,1440,3991
2020.12.19,149275,106361,1510,3151
2020.12.20,151336,107828,1555,2061
2020.12.21,152555,109807,1618,1219
2020.12.22,155218,110565,1618,2663
2020.12.23,158905,112627,1686,3687
2020.12.24,161562,114267,1732,2657
2020.12.25,165608,115663,1732,4046
2020.12.26,166649,116948,1732,1041
2020.12.27,168092,120410,1879,1443
2020.12.28,168092,120410,1879,0
2020.12.29,170187,121760,1983,2095
2020.12.30,173228,124427,2065,3041
2020.12.31,179543,125971,2138,6315
2021.1.1,184508,127190,2250,4965
2021.1.2,186244,128285,2250,1736
2021.1.3,187463,129994,2317,1219
2021.1.4,188099,130897,2521,636
2021.1.5,191088,132852,2603,2989
2021.1.6,196047,135760,2657,4959
2021.1.7,198184,138383,2717,2137
2021.1.8,201164,141490,2788,2980
2021.1.9,205236,144612,2836,4072
2021.1.10,208209,147275,2918,2973
2021.1.11,209069,150239,3007,860
2021.1.12,211479,153755,3102,2410
2021.1.13,215055,157028,3163,3576
2021.1.14,217978,160401,3260,2923
2021.1.15,220707,163323,3362,2729
2021.1.16,222752,166555,3417,2045
2021.1.17,223325,168915,3474,573
2021.1.18,224385,171092,3526,1060
2021.1.19,226294,173761,3637,1909
2021.1.20,228778,176864,3737,2484
2021.1.21,231242,181129,3801,2464
2021.1.22,233027,183942,3894,1785
2021.1.23,234571,186683,3965,1544
2021.1.24,236476,189959,4068,1905
2021.1.25,237027,193380,4068,551
2021.1.26,238617,197191,4260,1590
2021.1.27,241392,202148,4361,2775
2021.1.28,243427,205247,4411,2035
2021.1.29,246008,208406,4495,2581
2021.1.30,248190,212271,4565,2182
2021.1.31,249913,216052,4642,1723
2021.2.1,250357,218923,4711,444
2021.2.2,252094,222642,4784,1737
2021.2.3,254826,226471,4889,2732
2021.2.4,256903,230456,4976,2077
2021.2.5,259533,234371,5050,2630
2021.2.6,261774,238221,5135,2241
2021.2.7,263326,241686,5199,1552
2021.2.8,264083,245702,5271,757
2021.2.9,265807,248386,5382,1724
2021.2.10,268986,251618,5502,3179
2021.2.11,271473,253518,5629,2487
2021.2.12,273904,255300,5733,2431
2021.2.13,276234,255300,5812,2330
2021.2.14,276234,255300,5812,0
2021.2.15,278254,255300,5952,2020
2021.2.16,279696,255300,6063,1442
2021.2.17,282864,255300,6168,3168
2021.2.18,285419,255300,6271,2555
2021.2.19,287752,255300,6350,2333
2021.2.20,290457,255300,6424,2705
2021.2.21,292143,255300,6505,1686
2021.2.22,292792,255300,6577,649
2021.2.23,294790,255300,6671,1998
2021.2.24,298337,255300,6775,3547
2021.2.25,300775,255300,6859,2438
2021.2.26,303420,255300,6966,2645
2021.2.27,306268,255300,7075,2848
2021.2.28,308083,255300,7189,1815
2021.3.1,308925,255300,7270,842
2021.3.2,311002,255300,7388,2077
2021.3.3,314359,255300,7489,3357
2021.3.4,317159,255300,7560,2800
2021.3.5,319582,255300,7665,2423
2021.3.6,322104,255300,7739,2522
2021.3.7,323390,255300,7836,1286
2021.3.8,323786,255300,7921,396
2021.3.9,325993,255300,8037,2207
2021.3.10,329593,255300,8146,3600
2021.3.11,331571,255300,8244,1978
2021.3.12,333872,255300,8346,2301
2021.3.13,336235,255300,8440,2363
2021.3.14,337503,255300,8528,1268
2021.3.15,337960,255300,8605,457
2021.3.16,339538,255300,8669,1578
2021.3.17,342430,255300,8738,2892
2021.3.18,344470,255300,8814,2040
2021.3.19,346149,255300,8894,1679
2021.3.20,347944,255300,8978,1795
2021.3.21,348869,255300,9044,925
2021.3.22,349270,255300,9104,401
2021.3.23,350551,255300,9190,1281
2021.3.24,352528,255300,9261,1977
2021.3.25,354182,255300,9313,1654
2021.3.26,355454,255300,9373,1272
2021.3.27,356985,255300,9426,1531
2021.3.28,357910,255300,9496,925
2021.3.29,358115,255300,9542,205
2021.3.30,359330,255300,9624,1215
2021.3.31,361185,255300,9719,1855
2021.4.1,362489,255300,9790,1304
2021.4.2,363874,255300,9877,1385
2021.4.3,364622,255300,9948,748
2021.4.4,365242,255300,10025,620
2021.4.5,365400,255300,10094,158
2021.4.6,365733,255300,10094,333
2021.4.7,366894,255300,10243,1161
2021.4.8,368470,255300,10322,1576
2021.4.9,369393,255300,10411,923
2021.4.10,370473,255300,10487,1080
2021.4.11,371062,255300,10565,589
2021.4.12,371168,255300,10630,106
2021.4.13,372038,255300,10716,870
2021.4.14,373107,255300,10798,1069
2021.4.15,373950,255300,10877,843
2021.4.16,374586,255300,10970,636
2021.4.17,375336,255300,11043,750
2021.4.18,375974,255300,11106,638
2021.4.19,376067,255300,11172,93
2021.4.20,376709,255300,11244,642
