date,累计确诊,治愈,死亡,新增确诊
2020.4.7,188,42,6,7
2020.4.8,189,44,7,7
2020.4.9,190,49,7,1
2020.4.10,197,54,7,7
2020.4.11,199,54,7,1
2020.4.12,210,56,7,7
2020.4.13,218,56,7,1
2020.4.14,233,61,7,16
2020.4.15,238,63,7,5
2020.4.16,238,70,7,0
2020.4.17,244,77,7,2
2020.4.18,254,86,7,10
2020.4.19,271,96,7,17
2020.4.20,309,100,7,5
2020.4.21,321,104,7,11
2020.4.22,330,105,7,20
2020.4.23,368,107,7,38
2020.4.24,417,109,7,49
2020.4.25,452,118,7,17
2020.4.26,505,120,7,45
2020.4.27,584,126,7,61
2020.4.28,611,134,7,23
2020.4.29,630,136,7,11
2020.4.30,660,139,7,11
2020.5.1,690,162,7,25
2020.5.2,702,172,7,12
2020.5.3,721,194,7,3
2020.5.4,755,194,8,33
2020.5.5,771,213,9,20
2020.5.6,797,215,9,26
2020.5.7,823,232,9,26
2020.5.8,844,255,9,9
2020.5.9,855,321,9,8
2020.5.10,863,343,9,7
2020.5.11,869,366,9,6
2020.5.12,889,366,9,26
2020.5.14,925,445,9,32
2020.5.15,935,477,9,10
2020.5.16,957,520,9,22
2020.5.17,981,538,9,24
2020.5.18,986,559,9,5
2020.5.19,1020,569,9,34
2020.5.20,1027,584,9,7
2020.5.21,1045,604,9,18
2020.5.22,1060,620,9,15
2020.5.23,1085,660,9,25
2020.5.24,1118,674,9,33
2020.5.25,1182,695,10,64
2020.5.26,1278,712,10,96
2020.5.27,1453,732,10,175
2020.5.28,1503,745,10,50
2020.5.29,1548,754,10,45
2020.5.30,1566,781,10,18
2020.5.31,1631,801,10,65
2020.6.1,1639,811,11,8
2020.6.2,1649,823,11,10
2020.6.3,1730,836,11,81
2020.6.4,1790,839,11,60
2020.6.5,1800,858,11,10
2020.6.6,1810,891,11,10
2020.6.7,1821,941,11,11
2020.6.8,1857,990,11,36
2020.6.9,1858,1057,11,1
2020.6.10,1868,1122,11,10
2020.6.11,1876,1150,11,8
2020.6.12,1878,1196,11,2
2020.6.13,1884,1252,11,6
2020.6.14,1889,1287,11,5
2020.6.15,1902,1342,11,13
2020.6.16,1914,1371,11,12
2020.6.17,1924,1397,11,10
2020.6.18,1926,1421,11,2
2020.6.19,1948,1446,11,22
2020.6.20,1950,1472,11,2
2020.6.21,1950,1498,11,0
2020.6.22,1950,1526,11,0
2020.6.23,1980,1548,11,30
2020.6.24,2001,1562,11,21
2020.6.25,2010,1602,11,9
2020.6.26,2010,1619,11,0
2020.6.27,2033,1639,11,23
2020.6.28,2036,1661,11,3
2020.6.29,2039,1678,11,3
2020.6.30,2047,1711,11,8
2020.7.1,2053,1748,11,6
2020.7.2,2059,1827,11,6
2020.7.3,2066,1863,11,7
2020.7.4,2074,1885,11,8
2020.7.5,2074,1903,11,0
2020.7.6,2077,1917,11,3
2020.7.7,2080,1955,11,3
2020.7.8,2093,1967,11,13
2020.7.9,2151,1979,11,58
2020.7.10,2450,1980,11,299
2020.7.11,2459,1980,11,9
2020.7.12,2612,1981,11,153
2020.7.13,2644,1981,11,32
2020.7.14,2661,1988,11,17
2020.7.15,2671,2001,11,10
2020.7.16,2686,2007,11,15
2020.7.17,2689,2012,11,3
2020.7.18,2703,2023,11,14
2020.7.19,2715,2035,11,12
2020.7.20,2728,2041,11,13
2020.7.21,2730,2048,11,2
2020.7.22,2731,2064,11,1
2020.7.23,2753,2077,11,22
2020.7.24,2763,2094,11,10
2020.7.25,2769,2103,11,6
2020.7.26,2782,2106,11,13
2020.7.27,2804,2121,11,22
2020.7.28,2807,2296,11,3
2020.7.29,2810,2317,11,3
2020.7.30,2811,2333,11,1
2020.7.31,2814,2391,11,3
2020.8.1,2815,2439,11,1
2020.8.2,2817,2514,11,2
2020.8.3,2824,2517,11,7
2020.8.4,2834,2524,11,10
2020.8.5,2838,2537,11,4
2020.8.6,2839,2537,11,1
2020.8.7,2839,2564,11,0
2020.8.8,2839,2576,11,0
2020.8.9,2841,2579,11,2
2020.8.10,2869,2593,11,28
2020.8.11,2880,2622,11,11
2020.8.12,2880,2638,11,0
2020.8.13,2882,2646,11,2
2020.8.14,2882,2658,11,0
2020.8.15,2888,2666,11,6
2020.8.16,2893,2670,11,5
2020.8.17,2895,2676,11,2
2020.8.18,2900,2755,11,5
2020.8.19,2902,2760,11,2
2020.8.20,2902,2765,11,0
2020.8.21,2927,2789,11,25
2020.8.22,2947,2798,11,20
2020.8.23,2951,2805,12,4
2020.8.24,2959,2811,12,8
2020.8.25,2971,2816,12,12
2020.8.26,2984,2819,12,13
2020.8.27,2984,2819,12,0
2020.8.28,2988,2842,12,4
2020.8.29,2995,2849,12,7
2020.8.30,3000,2860,12,5
2020.8.31,3018,2868,12,18
2020.9.1,3071,2879,12,53
2020.9.2,3092,2883,12,21
2020.9.3,3111,2883,12,19
2020.9.4,3115,2907,12,4
2020.9.5,3118,2918,12,3
2020.9.6,3122,2925,12,4
2020.9.7,3123,2925,12,1
2020.9.8,3131,2935,12,8
2020.9.9,3142,2946,12,11
2020.9.10,3152,2955,12,10
2020.9.11,3155,2955,12,3
2020.9.12,3172,2983,12,17
2020.9.13,3204,2996,12,32
2020.9.14,3253,3005,13,49
2020.9.15,3271,3016,13,18
2020.9.16,3271,3021,13,0
2020.9.17,3274,3043,13,3
2020.9.18,3276,3043,13,2
2020.9.19,3282,3070,13,6
2020.9.20,3287,3088,13,5
2020.9.21,3290,3100,13,3
2020.9.22,3312,3118,13,22
2020.9.23,3324,3129,13,12
2020.9.24,3327,3142,13,3
2020.9.25,3334,3158,13,7
2020.9.26,3349,3186,13,15
2020.9.27,3360,3208,13,11
2020.9.28,3362,3210,13,2
2020.9.29,3373,3230,13,11
2020.9.30,3380,3230,13,7
2020.10.1,3382,3233,13,2
2020.10.2,3388,3245,13,6
2020.10.3,3392,3254,13,4
2020.10.4,3402,3258,13,10
2020.10.5,3493,3259,13,91
2020.10.6,4118,3266,13,625
2020.10.7,4442,3274,13,324
2020.10.8,4469,3278,13,27
2020.10.9,4504,3296,13,35
2020.10.10,4523,3306,13,19
2020.10.11,4689,3307,13,166
2020.10.12,4842,3317,13,153
2020.10.13,5038,3328,13,196
2020.10.14,5168,3357,13,130
2020.10.15,5219,3380,13,51
2020.10.16,5354,3385,13,135
2020.10.17,5475,3395,13,121
2020.10.18,5536,3403,13,61
2020.10.19,5625,3440,13,89
2020.10.20,5685,3457,13,60
2020.10.21,5920,3501,13,235
2020.10.22,6028,3561,14,108
2020.10.23,6896,3644,14,868
2020.10.24,7354,3714,15,458
2020.10.25,7872,3803,15,518
2020.10.26,8152,3933,16,280
2020.10.27,8706,4043,19,554
2020.10.28,9081,4075,19,375
2020.10.29,9619,4142,19,538
2020.10.30,10105,4282,19,486
2020.10.31,10561,4399,20,456
2020.11.1,10856,4905,20,295
2020.11.2,11224,5249,22,368
2020.11.3,11607,5581,23,383
2020.11.4,12018,5858,23,411
2020.11.5,12400,6623,29,382
2020.11.6,12783,7186,29,383
2020.11.7,13227,7723,34,444
2020.11.8,13702,8285,34,475
2020.11.9,14101,8880,35,399
2020.11.10,14590,9537,40,489
2020.11.11,15024,10183,45,434
2020.11.12,15627,10653,48,603
2020.11.13,15921,11031,53,294
2020.11.14,16405,11324,53,484
2020.11.15,17287,11495,58,882
2020.11.16,17516,11806,58,229
2020.11.17,17674,12210,61,158
2020.11.18,18308,12587,66,634
2020.11.19,18645,12903,69,337
2020.11.20,19061,13271,73,416
2020.11.21,19537,13590,74,476
2020.11.22,19946,14069,83,409
2020.11.23,20375,14497,87,429
2020.11.24,20795,14962,90,420
2020.11.25,21261,15447,94,466
2020.11.26,21811,15816,96,550
2020.11.27,22028,15816,99,217
2020.11.28,22775,16656,107,496
2020.11.29,23484,17002,109,709
2020.11.30,23987,17560,118,178
2020.12.1,24255,17817,118,268
2020.12.2,24882,18304,122,627
2020.12.3,25760,19032,124,878
2020.12.4,26290,19438,129,530
2020.12.5,27228,20090,130,938
2020.12.6,27877,20460,137,649
2020.12.7,28203,20804,140,326
2020.12.8,29378,21258,142,1175
2020.12.9,30072,21800,144,694
2020.12.10,30613,22261,146,541
2020.12.11,31375,22831,146,762
2020.12.12,32135,23304,147,760
2020.12.13,32790,23793,149,655
2020.12.14,33478,24309,152,688
2020.12.15,34121,24867,154,643
2020.12.16,34447,25652,157,326
2020.12.17,35387,26353,160,940
2020.12.18,35763,27061,160,376
2020.12.19,36049,27552,165,286
2020.12.20,36929,28267,171,880
2020.12.21,37407,28682,176,478
2020.12.22,37891,29300,181,484
2020.12.23,38407,29882,183,516
2020.12.24,39045,30568,185,638
2020.12.25,39231,31339,185,186
2020.12.26,40282,32051,186,1051
2020.12.27,41054,33221,191,772
2020.12.28,41603,33221,194,549
2020.12.29,41603,33925,194,0
2020.12.30,42417,34623,195,814
2020.12.31,43123,35329,199,706
2021.1.1,43619,36155,204,496
2021.1.2,44167,36717,208,548
2021.1.3,44774,37252,211,607
2021.1.4,44964,37817,213,190
2021.1.5,45242,38262,215,278
2021.1.6,45726,39023,217,484
2021.1.7,46503,39661,219,777
2021.1.8,47031,40317,222,528
2021.1.9,47840,40838,229,809
2021.1.10,48140,41325,229,300
2021.1.11,48665,42091,232,525
2021.1.12,49259,42621,240,594
2021.1.13,49537,43267,244,278
2021.1.14,50229,43747,247,692
2021.1.15,51219,44259,251,990
2021.1.16,51937,44746,255,718
2021.1.17,52634,45171,256,697
2021.1.18,53062,45820,264,428
2021.1.19,54087,46594,270,1025
2021.1.20,54798,47215,273,711
2021.1.21,55189,47984,274,391
2021.1.22,56422,48617,276,1233
2021.1.23,56863,48617,278,441
2021.1.24,57936,49684,280,1073
2021.1.25,58430,49684,283,494
2021.1.26,59536,51046,287,1106
2021.1.27,60233,52566,288,697
2021.1.28,60694,54435,290,461
2021.1.29,61980,55398,297,1286
2021.1.30,62445,56277,305,465
2021.1.31,63293,57159,313,848
2021.2.1,64505,58075,316,1212
2021.2.2,65344,59043,323,839
2021.2.3,65698,59883,330,354
2021.2.4,66409,59883,332,711
2021.2.5,67451,61461,339,1042
2021.2.6,68193,62594,343,742
2021.2.7,68938,63401,351,745
2021.2.8,69862,64141,356,924
2021.2.9,70806,65053,365,944
2021.2.10,71750,65644,370,944
2021.2.11,72710,66211,375,960
2021.2.12,73644,66984,379,934
2021.2.13,74484,67831,384,840
2021.2.14,75209,68696,390,725
2021.2.15,75965,69411,397,756
2021.2.16,76781,70429,403,816
2021.2.17,77553,71176,409,772
2021.2.18,78164,71823,422,611
2021.2.19,78668,72566,430,504
2021.2.20,79194,73456,433,526
2021.2.21,79734,74299,435,540
2021.2.22,80222,75110,445,488
2021.2.23,80739,75842,450,517
2021.2.24,81201,76514,457,462
2021.2.25,81467,76961,457,266
2021.2.26,81933,77625,459,466
2021.2.27,82430,77625,464,497
2021.2.28,83094,78947,464,664
2021.3.1,83242,78947,464,148
2021.3.2,83705,80020,476,463
2021.3.3,83870,80437,483,165
2021.3.4,84430,80836,484,560
2021.3.5,84792,81321,489,362
2021.3.6,85150,81769,493,358
2021.3.7,85336,82059,497,186
2021.3.8,85695,82513,502,359
2021.3.9,86039,82753,507,344
2021.3.10,86503,83210,511,464
2021.3.11,86685,83561,515,182
2021.3.12,86989,83561,520,304
2021.3.13,87286,84253,525,297
2021.3.14,87600,84648,526,314
2021.3.15,87907,84969,527,307
2021.3.16,88392,84969,532,485
2021.3.17,88524,85725,534,132
2021.3.18,89024,85944,537,500
2021.3.19,89024,85944,537,0
2021.3.20,89655,86466,544,631
2021.3.21,90023,86759,546,368
2021.3.22,90200,86759,546,177
2021.3.23,90656,87306,551,456
2021.3.24,90897,87630,552,241
2021.3.25,91018,87630,552,121
2021.3.26,91289,88145,557,271
2021.3.27,91839,88388,558,550
2021.3.28,92007,88623,559,168
2021.3.29,92303,88914,566,296
2021.3.30,92303,88914,566,0
2021.3.31,92442,89251,566,139
2021.4.1,92706,89407,568,264
2021.4.2,92917,89701,571,211
2021.4.3,93128,90021,575,211
2021.4.4,93436,90208,581,308
2021.4.5,93595,90563,581,159
2021.4.6,93690,90708,586,95
2021.4.7,93910,90917,588,220
2021.4.8,94253,91044,591,343
2021.4.9,94336,91044,593,83
2021.4.10,94724,91456,595,388
2021.4.11,95018,91631,596,294
2021.4.12,95313,91775,598,295
2021.4.13,95394,91926,602,81
2021.4.14,95719,92151,602,325
2021.4.15,95737,92308,604,18
2021.4.16,95949,92611,608,212
2021.4.17,96354,92832,615,405
2021.4.18,96796,93113,618,442
2021.4.19,97105,93374,620,309
2021.4.20,97105,93547,620,0
2021.4.21,97472,93668,625,367
