date,累计确诊,治愈,死亡,新增确诊
2020.3.17,266,114,0,23
2020.4.7,1481,377,6,106
2020.4.8,1910,406,7,287
2020.4.9,1910,406,7,287
2020.4.12,2532,560,8,233
2020.4.13,2918,586,9,385
2020.4.14,3699,611,10,447
2020.4.16,4427,683,10,728
2020.4.18,6588,740,11,596
2020.4.21,10141,839,11,1016
2020.4.22,11178,896,12,1037
2020.4.23,12075,924,12,897
2020.4.24,12693,956,12,618
2020.4.25,13624,1002,12,931
2020.4.26,14423,1060,12,799
2020.4.27,14951,1095,14,528
2020.4.28,15641,1128,14,690
2020.4.29,16169,1188,14,528
2020.5.1,17548,1268,16,447
2020.5.2,18205,1347,17,657
2020.5.3,18778,1408,18,573
2020.5.4,19410,1457,18,632
2020.5.5,20198,1519,18,788
2020.5.7,21707,1712,20,768
2020.5.8,22460,2040,20,753
2020.5.9,23336,2296,20,876
2020.5.10,23822,2721,20,486
2020.5.12,25346,3851,21,675
2020.5.13,26098,4809,21,752
2020.5.14,26891,5973,21,793
2020.5.15,27356,7248,21,465
2020.5.16,28038,8342,22,682
2020.5.17,28343,9340,22,305
2020.5.18,28343,9835,22,0
2020.5.19,28794,10365,22,451
2020.5.20,29364,11207,22,570
2020.5.21,29812,12117,23,448
2020.5.22,30426,12995,23,614
2020.5.23,31068,13882,23,642
2020.5.24,31616,14876,23,548
2020.5.25,31960,14876,23,344
2020.5.26,32343,16444,23,383
2020.5.27,32876,17276,23,533
2020.5.28,33249,17276,23,373
2020.5.29,33860,19631,23,611
2020.5.30,34366,20727,23,506
2020.5.31,34884,21699,23,518
2020.6.1,35292,22466,24,408
2020.6.2,35836,23175,24,544
2020.6.3,36405,23582,24,569
2020.6.4,36922,23904,24,517
2020.6.5,37183,24209,24,261
2020.6.6,37527,24559,25,344
2020.6.7,37910,24886,25,383
2020.6.8,38296,25368,25,386
2020.6.9,38514,25877,25,218
2020.6.10,38965,26532,25,451
2020.6.11,39387,27286,25,422
2020.6.12,39850,28040,25,463
2020.6.13,40197,28808,25,347
2020.6.14,40604,29589,26,407
2020.6.15,40818,30366,26,214
2020.6.16,40969,31163,26,151
2020.6.17,41216,31938,26,247
2020.6.18,41473,31938,26,257
2020.6.19,41615,33459,26,142
2020.6.20,41833,34224,26,218
2020.6.21,42095,34942,26,262
2020.6.22,42313,35590,26,218
2020.6.23,42432,35995,26,119
2020.6.24,42623,35995,26,191
2020.6.25,42736,36604,26,113
2020.6.26,42955,36825,26,219
2020.6.27,43246,36825,26,291
2020.6.28,43459,37508,26,213
2020.6.29,43661,37985,26,202
2020.6.30,43907,38500,26,246
2020.7.1,44122,39011,26,215
2020.7.2,44310,39429,26,188
2020.7.3,44479,39429,26,169
2020.7.4,44664,39769,26,185
2020.7.5,44800,40117,26,136
2020.7.6,44983,40441,26,183
2020.7.7,45140,41002,26,157
2020.7.8,45298,41323,26,158
2020.7.9,45423,41645,26,125
2020.7.10,45614,41780,26,191
2020.7.11,45783,42026,26,169
2020.7.12,45961,42285,26,178
2020.7.13,46283,42285,26,322
2020.7.14,46630,42737,27,347
2020.7.15,46878,42988,27,248
2020.7.16,47126,43256,27,248
2020.7.17,47453,43577,27,327
2020.7.18,47655,43833,27,202
2020.7.19,47912,44086,27,257
2020.7.20,48035,44086,27,123
2020.7.21,48434,44584,27,399
2020.7.22,48744,44795,27,310
2020.7.23,49098,45015,27,354
2020.7.24,49375,45015,27,277
2020.7.25,49888,45352,27,513
2020.7.26,50369,45521,27,481
2020.7.27,50838,45521,27,469
2020.7.28,51197,45893,27,359
2020.7.29,51531,46098,27,334
2020.7.30,51809,46098,27,278
2020.7.31,52205,46491,27,396
2020.8.1,52512,46740,27,307
2020.8.2,52825,46926,27,313
2020.8.3,53051,46926,27,226
2020.8.4,53346,47454,27,295
2020.8.5,54254,47768,27,908
2020.8.6,54555,48031,27,301
2020.8.7,54797,48312,27,242
2020.8.8,54929,48583,27,132
2020.8.9,55104,48915,27,175
2020.8.10,55292,49609,27,188
2020.8.11,55353,50128,27,61
2020.8.12,55395,50520,27,42
2020.8.13,55497,50736,27,102
2020.8.14,55580,51049,27,83
2020.8.15,55661,51049,27,81
2020.8.16,55747,51953,27,86
2020.8.17,55838,52350,27,91
2020.8.18,55938,52533,27,100
2020.8.19,56031,52810,27,93
2020.8.20,56099,53119,27,68
2020.8.21,56216,53651,27,117
2020.8.22,56266,53920,27,50
2020.8.23,56353,54164,27,87
2020.8.24,56404,54587,27,51
2020.8.25,56435,54816,27,31
2020.8.26,56495,54971,27,60
2020.8.27,56572,55139,27,77
2020.8.28,56666,55337,27,94
2020.8.29,56717,55337,27,51
2020.8.30,56771,55447,27,54
2020.8.31,56812,55586,27,41
2020.9.1,56852,55749,27,40
2020.9.2,56901,55749,27,49
2020.9.3,56908,56028,27,7
2020.9.4,56948,56174,27,40
2020.9.5,56982,56267,27,34
2020.9.6,57022,56333,27,40
2020.9.7,57044,56408,27,22
2020.9.8,57091,56461,27,47
2020.9.9,57166,56492,27,75
2020.9.10,57229,56558,27,63
2020.9.11,57316,56607,27,87
2020.9.12,57357,56699,27,41
2020.9.13,57406,56764,27,49
2020.9.14,57454,56802,27,48
2020.9.15,57488,56884,27,34
2020.9.16,57515,56884,27,27
2020.9.17,57532,57039,27,17
2020.9.18,57543,57039,27,11
2020.9.19,57558,57071,27,15
2020.9.20,57576,57142,27,18
2020.9.21,57607,57181,27,31
2020.9.22,57627,57262,27,20
2020.9.23,57639,57291,27,12
2020.9.24,57654,57333,27,15
2020.9.25,57665,57341,27,11
2020.9.26,57685,57359,27,20
2020.9.27,57700,57367,27,15
2020.9.28,57715,57393,27,15
2020.9.29,57742,57393,27,27
2020.9.30,57765,57488,27,23
2020.10.1,57786,57488,27,21
2020.10.2,57794,57534,27,8
2020.10.3,57800,57562,27,6
2020.10.4,57812,57575,27,12
2020.10.5,57819,57597,27,7
2020.10.6,57830,57612,27,11
2020.10.7,57840,57624,27,10
2020.10.8,57849,57668,27,9
2020.10.9,57859,57675,27,10
2020.10.10,57866,57698,27,7
2020.10.11,57876,57705,27,10
2020.10.12,57880,57705,27,4
2020.10.13,57884,57728,28,4
2020.10.14,57889,57752,28,5
2020.10.15,57892,57764,28,3
2020.10.16,57901,57784,28,9
2020.10.17,57904,57798,28,3
2020.10.18,57911,57807,28,7
2020.10.19,57915,57819,28,4
2020.10.20,57921,57819,28,6
2020.10.21,57933,57821,28,12
2020.10.22,57941,57829,28,8
2020.10.23,57951,57832,28,10
2020.10.24,57965,57844,28,14
2020.10.25,57970,57858,28,5
2020.10.26,57973,57879,28,3
2020.10.27,57980,57883,28,7
2020.10.28,57987,57890,28,7
2020.10.29,57994,57899,28,7
2020.10.30,58003,57909,28,9
2020.10.31,58015,57913,28,12
2020.11.1,58019,57924,28,4
2020.11.2,58020,57924,28,1
2020.11.3,58029,57937,28,9
2020.11.4,58036,57938,28,7
2020.11.5,58043,57949,28,7
2020.11.6,58047,57959,28,4
2020.11.7,58054,57968,28,7
2020.11.8,58056,57975,28,2
2020.11.9,58064,57981,28,8
2020.11.10,58073,57981,28,9
2020.11.11,58091,57990,28,18
2020.11.12,58102,58002,28,11
2020.11.13,58114,58008,28,12
2020.11.14,58116,58019,28,2
2020.11.15,58119,58029,28,3
2020.11.16,58124,58033,28,5
2020.11.17,58130,58039,28,6
2020.11.18,58135,58046,28,5
2020.11.19,58139,58052,28,4
2020.11.20,58143,58058,28,4
2020.11.21,58148,58064,28,5
2020.11.22,58160,58067,28,12
2020.11.23,58165,58071,28,5
2020.11.24,58183,58079,28,18
2020.11.25,58190,58091,28,7
2020.11.26,58195,58104,28,5
2020.11.27,58199,58111,28,4
2020.11.28,58205,58111,28,6
2020.11.29,58213,58124,29,8
2020.11.30,58228,58134,29,8
2020.12.1,58228,58139,29,0
2020.12.2,58230,58139,29,2
2020.12.3,58239,58145,29,9
2020.12.4,58242,58152,29,3
2020.12.5,58255,58158,29,13
2020.12.6,58260,58158,29,5
2020.12.7,58273,58160,29,13
2020.12.8,58285,58176,29,12
2020.12.9,58291,58182,29,6
2020.12.10,58297,58188,29,6
2020.12.11,58305,58192,29,8
2020.12.12,58313,58197,29,8
2020.12.13,58320,58208,29,7
2020.12.14,58325,58210,29,5
2020.12.15,58341,58233,29,16
2020.12.16,58353,58238,29,12
2020.12.17,58377,58252,29,24
2020.12.18,58386,58265,29,9
2020.12.19,58403,58265,29,17
2020.12.20,58422,58279,29,19
2020.12.21,58432,58287,29,10
2020.12.22,58461,58304,29,29
2020.12.23,58482,58304,29,21
2020.12.24,58495,58332,29,13
2020.12.25,58509,58332,29,14
2020.12.26,58519,58362,29,10
2020.12.27,58529,58370,29,10
2020.12.28,58529,58386,29,0
2020.12.29,58542,58400,29,13
2020.12.30,58569,58411,29,27
2020.12.31,58599,58449,29,30
2021.1.1,58629,58449,29,30
2021.1.2,58662,58476,29,33
2021.1.3,58697,58487,29,35
2021.1.4,58721,58497,29,24
2021.1.5,58749,58517,29,28
2021.1.6,58780,58541,29,31
2021.1.7,58813,58562,29,33
2021.1.8,58836,58580,29,23
2021.1.9,58865,58611,29,29
2021.1.10,58907,58636,29,42
2021.1.11,58929,58668,29,22
2021.1.12,58946,58694,29,17
2021.1.13,58984,58722,29,38
2021.1.14,59029,58757,29,45
2021.1.15,59059,58771,29,30
2021.1.16,59083,58784,29,24
2021.1.17,59113,58846,29,30
2021.1.18,59127,58868,29,14
2021.1.19,59157,58894,29,30
2021.1.20,59197,58926,29,40
2021.1.21,59235,58959,29,38
2021.1.22,59250,58983,29,15
2021.1.23,59260,59015,29,10
2021.1.24,59308,59041,29,48
2021.1.25,59352,59066,29,44
2021.1.26,59366,59086,29,14
2021.1.27,59391,59104,29,25
2021.1.28,59425,59148,29,34
2021.1.29,59449,59181,29,24
2021.1.30,59507,59196,29,58
2021.1.31,59536,59196,29,29
2021.2.1,59565,59271,29,29
2021.2.2,59584,59301,29,19
2021.2.3,59602,59320,29,18
2021.2.4,59624,59348,29,22
2021.2.5,59649,59373,29,25
2021.2.6,59675,59405,29,26
2021.2.7,59699,59433,29,24
2021.2.8,59721,59484,29,22
2021.2.9,59732,59506,29,11
2021.2.10,59747,59526,29,15
2021.2.11,59759,59526,29,12
2021.2.12,59777,59569,29,18
2021.2.13,59786,59604,29,9
2021.2.14,59800,59621,29,14
2021.2.15,59809,59641,29,9
2021.2.16,59810,59661,29,1
2021.2.17,59821,59676,29,11
2021.2.18,59832,59679,29,11
2021.2.19,59846,59679,29,14
2021.2.20,59858,59719,29,12
2021.2.21,59869,59731,29,11
2021.2.22,59879,59731,29,10
2021.2.23,59883,59753,29,4
2021.2.24,59890,59761,29,7
2021.2.25,59900,59785,29,10
2021.2.26,59913,59803,29,13
2021.2.27,59925,59816,29,12
2021.2.28,59936,59823,29,11
2021.3.1,59948,59830,29,12
2021.3.2,59956,59842,29,8
2021.3.3,59979,59849,29,23
2021.3.4,59998,59857,29,19
2021.3.5,60007,59870,29,9
2021.3.6,60020,59870,29,13
2021.3.7,60033,59879,29,13
2021.3.8,60046,59900,29,13
2021.3.9,60052,59905,29,6
2021.3.10,60062,59905,29,10
2021.3.11,60070,59939,29,8
2021.3.12,60080,59950,29,10
2021.3.13,60088,59961,30,8
2021.3.14,60105,59968,30,17
2021.3.15,60117,59974,30,12
2021.3.16,60128,59974,30,11
2021.3.17,60137,60001,30,9
2021.3.18,60152,60014,30,15
2021.3.19,60167,60019,30,15
2021.3.20,60184,60022,30,17
2021.3.21,60196,60038,30,12
2021.3.22,60208,60038,30,12
2021.3.23,60221,60063,30,13
2021.3.24,60236,60063,30,15
2021.3.25,60253,60086,30,17
2021.3.26,60265,60086,30,12
2021.3.27,60288,60113,30,23
2021.3.28,60300,60113,30,12
2021.3.29,60321,60131,30,21
2021.3.30,60347,60138,30,26
2021.3.31,60381,60149,30,34
2021.4.1,60407,60161,30,26
2021.4.2,60450,60176,30,43
2021.4.3,60468,60185,30,18
2021.4.4,60478,60202,30,10
2021.4.5,60495,60214,30,17
2021.4.6,60519,60239,30,24
2021.4.7,60554,60260,30,35
2021.4.8,60575,60284,30,21
2021.4.9,60601,60304,30,26
2021.4.10,60633,60304,30,32
2021.4.11,60653,60322,30,20
2021.4.12,60678,60335,30,25
2021.4.13,60692,60374,30,14
2021.4.14,60719,60392,30,27
2021.4.15,60735,60417,30,16
2021.4.16,60769,60446,30,34
2021.4.17,60808,60463,30,39
2021.4.18,60831,60485,30,23
2021.4.19,60851,60503,30,20
2021.4.20,60865,60540,30,14
