date,累计确诊,治愈,死亡,新增确诊
2020.4.8,1239,317,1,29
2020.4.9,1283,373,2,44
2020.4.10,1312,422,4,29
2020.4.11,1330,471,4,18
2020.4.12,1330,546,5,15
2020.4.13,1366,628,9,17
2020.4.14,1386,728,9,20
2020.4.15,1401,770,9,15
2020.4.16,1409,816,11,8
2020.4.17,1422,867,11,13
2020.4.18,1431,912,12,9
2020.4.19,1440,974,12,9
2020.4.20,1445,1006,13,5
2020.4.21,1451,1036,14,6
2020.4.23,1456,1095,17,5
2020.4.24,1461,1118,18,5
2020.4.25,1470,1142,18,9
2020.4.27,1472,1214,19,3
2020.4.28,1474,1229,19,2
2020.4.29,1476,1241,19,2
2020.4.30,1479,1252,19,3
2020.5.1,1485,1263,20,6
2020.5.2,1487,1266,20,2
2020.5.5,1488,1316,21,2
2020.5.6,1489,1332,21,2
2020.5.7,1490,1347,21,1
2020.5.9,1494,1371,21,2
2020.5.12,1497,1398,21,0
2020.5.13,1497,1402,21,0
2020.5.14,1497,1411,21,0
2020.5.15,1498,1421,21,1
2020.5.16,1498,1428,21,0
2020.5.17,1499,1433,21,1
2020.5.18,1499,1433,21,0
2020.5.19,1503,1442,21,4
2020.5.20,1503,1447,21,0
2020.5.21,1503,1452,21,0
2020.5.22,1504,1455,21,1
2020.5.23,1504,1455,21,0
2020.5.24,1504,1456,21,0
2020.5.25,1504,1456,21,0
2020.5.26,1504,1461,21,0
2020.5.27,1504,1462,21,0
2020.5.28,1504,1474,22,0
2020.5.29,1504,1481,22,0
2020.5.30,1504,1481,22,0
2020.5.31,1504,1481,22,0
2020.6.1,1504,1481,22,0
2020.6.2,1504,1481,22,0
2020.6.3,1504,1481,22,0
2020.6.4,1504,1481,22,0
2020.6.5,1504,1481,22,0
2020.6.6,1504,1481,22,0
2020.6.7,1504,1481,22,0
2020.6.8,1504,1482,22,0
2020.6.9,1504,1482,22,0
2020.6.10,1504,1482,22,0
2020.6.11,1504,1482,22,0
2020.6.12,1504,1482,22,0
2020.6.13,1504,1482,22,0
2020.6.14,1504,1482,22,0
2020.6.15,1504,1482,22,0
2020.6.16,1506,1482,22,2
2020.6.17,1506,1482,22,0
2020.6.18,1507,1482,22,1
2020.6.19,1507,1482,22,0
2020.6.20,1509,1482,22,2
2020.6.21,1511,1482,22,2
2020.6.22,1513,1482,22,2
2020.6.23,1515,1483,22,2
2020.6.24,1516,1483,22,1
2020.6.25,1519,1484,22,3
2020.6.26,1520,1484,22,1
2020.6.27,1522,1484,22,2
2020.6.28,1526,1484,22,4
2020.6.29,1528,1484,22,2
2020.6.30,1528,1484,22,0
2020.7.1,1528,1484,22,0
2020.7.2,1530,1490,22,2
2020.7.3,1530,1490,22,0
2020.7.4,1530,1490,22,0
2020.7.5,1533,1490,22,3
2020.7.6,1534,1490,22,1
2020.7.7,1536,1492,22,2
2020.7.8,1537,1492,22,1
2020.7.9,1540,1494,22,3
2020.7.10,1542,1497,22,2
2020.7.11,1543,1497,22,1
2020.7.12,1544,1497,22,1
2020.7.13,1544,1497,22,0
2020.7.14,1545,1498,22,1
2020.7.15,1547,1498,22,2
2020.7.16,1548,1499,22,1
2020.7.17,1549,1506,22,1
2020.7.18,1550,1506,22,1
2020.7.19,1553,1506,22,3
2020.7.20,1554,1506,22,1
2020.7.21,1555,1506,22,1
2020.7.22,1555,1506,22,0
2020.7.23,1555,1511,22,0
2020.7.24,1556,1513,22,1
2020.7.25,1556,1513,22,0
2020.7.26,1556,1513,22,0
2020.7.27,1556,1513,22,0
2020.7.28,1557,1514,22,1
2020.7.29,1559,1514,22,2
2020.7.30,1560,1514,22,1
2020.7.31,1560,1518,22,0
2020.8.1,1562,1518,22,2
2020.8.2,1565,1518,22,3
2020.8.3,1567,1518,22,2
2020.8.4,1567,1523,22,0
2020.8.5,1569,1523,22,2
2020.8.6,1569,1524,22,0
2020.8.7,1569,1524,22,0
2020.8.8,1569,1524,22,0
2020.8.9,1569,1524,22,0
2020.8.10,1569,1526,22,0
2020.8.11,1570,1526,22,1
2020.8.12,1579,1531,22,9
2020.8.13,1589,1531,22,10
2020.8.14,1602,1531,22,13
2020.8.15,1609,1531,22,7
2020.8.16,1622,1531,22,13
2020.8.17,1631,1531,22,9
2020.8.18,1643,1531,22,12
2020.8.19,1649,1531,22,6
2020.8.20,1654,1531,22,5
2020.8.21,1665,1538,22,11
2020.8.22,1671,1538,22,6
2020.8.23,1674,1538,22,3
2020.8.24,1683,1538,22,9
2020.8.25,1690,1539,22,7
2020.8.26,1695,1539,22,5
2020.8.27,1702,1554,22,7
2020.8.28,1714,1561,22,12
2020.8.29,1727,1568,22,13
2020.8.30,1729,1570,22,2
2020.8.31,1738,1585,22,9
2020.9.1,1752,1598,22,14
2020.9.2,1757,1606,22,5
2020.9.3,1759,1622,22,2
2020.9.4,1764,1630,23,5
2020.9.5,1767,1631,24,3
2020.9.6,1772,1632,24,5
2020.9.7,1776,1634,24,4
2020.9.8,1782,1635,24,6
2020.9.9,1788,1639,24,6
2020.9.10,1792,1648,24,4
2020.9.11,1793,1655,24,1
2020.9.12,1795,1663,24,2
2020.9.13,1797,1676,24,2
2020.9.14,1798,1678,24,1
2020.9.15,1801,1694,24,3
2020.9.16,1802,1698,25,1
2020.9.17,1809,1707,25,7
2020.9.18,1809,1714,25,0
2020.9.19,1811,1719,25,2
2020.9.20,1815,1719,25,4
2020.9.21,1815,1728,25,0
2020.9.22,1815,1729,25,0
2020.9.23,1824,1737,25,9
2020.9.24,1827,1737,25,3
2020.9.25,1829,1744,25,2
2020.9.26,1831,1745,25,2
2020.9.27,1833,1749,25,2
2020.9.28,1833,1753,25,0
2020.9.29,1835,1755,25,2
2020.9.30,1836,1767,25,1
2020.10.1,1848,1770,25,12
2020.10.2,1848,1780,25,0
2020.10.3,1849,1783,25,1
2020.10.4,1854,1788,25,5
2020.10.5,1855,1790,25,1
2020.10.6,1858,1790,25,3
2020.10.7,1861,1799,25,3
2020.10.8,1864,1800,25,3
2020.10.9,1866,1800,25,2
2020.10.10,1870,1801,25,4
2020.10.11,1871,1801,25,1
2020.10.12,1871,1801,25,0
2020.10.13,1872,1808,25,1
2020.10.14,1874,1809,25,2
2020.10.15,1876,1809,25,2
2020.10.16,1880,1809,25,4
2020.10.17,1883,1818,25,3
2020.10.18,1886,1819,25,3
2020.10.19,1886,1824,25,0
2020.10.20,1887,1829,25,1
2020.10.21,1912,1831,25,25
2020.10.22,1914,1831,25,2
2020.10.23,1923,1832,25,9
2020.10.24,1934,1835,25,11
2020.10.25,1935,1840,25,1
2020.10.26,1940,1841,25,5
2020.10.27,1941,1848,25,1
2020.10.28,1943,1852,25,2
2020.10.29,1949,1854,25,6
2020.10.30,1950,1857,25,1
2020.10.31,1957,1857,25,7
2020.11.1,1959,1857,25,2
2020.11.2,1963,1857,25,4
2020.11.3,1968,1868,25,5
2020.11.4,1971,1873,25,3
2020.11.5,1973,1881,25,2
2020.11.6,1974,1905,25,1
2020.11.7,1976,1908,25,2
2020.11.8,1982,1909,25,6
2020.11.9,1986,1910,25,4
2020.11.10,1987,1910,25,1
2020.11.11,1988,1911,25,1
2020.11.12,1991,1913,25,3
2020.11.13,1995,1917,25,4
2020.11.14,1998,1918,25,3
2020.11.15,2001,1918,25,3
2020.11.16,2001,1918,25,0
2020.11.17,2005,1919,25,4
2020.11.18,2008,1919,25,3
2020.11.19,2010,1948,25,2
2020.11.20,2013,1948,25,3
2020.11.21,2019,1952,25,6
2020.11.22,2028,1953,25,9
2020.11.23,2030,1953,25,2
2020.11.24,2031,1953,25,1
2020.11.25,2039,1955,25,8
2020.11.26,2040,1955,25,1
2020.11.27,2047,1956,25,7
2020.11.28,2050,1956,25,3
2020.11.29,2050,1956,25,0
2020.11.30,2059,1962,25,6
2020.12.1,2059,1962,25,0
2020.12.2,2060,1963,25,1
2020.12.3,2069,1974,25,9
2020.12.4,2069,1983,25,0
2020.12.5,2078,1994,25,9
2020.12.6,2078,1997,25,0
2020.12.7,2079,1998,25,1
2020.12.8,2085,2006,25,6
2020.12.9,2088,2008,25,3
2020.12.10,2088,2008,25,0
2020.12.11,2092,2010,25,4
2020.12.12,2092,2010,25,0
2020.12.13,2096,2015,25,4
2020.12.14,2096,2015,25,0
2020.12.15,2096,2015,25,0
2020.12.16,2100,2032,25,4
2020.12.17,2100,2032,25,0
2020.12.18,2110,2034,25,10
2020.12.19,2110,2034,25,0
2020.12.20,2116,2036,25,6
2020.12.21,2121,2037,25,5
2020.12.22,2121,2037,25,0
2020.12.23,2128,2054,25,7
2020.12.24,2128,2054,25,0
2020.12.25,2128,2054,25,0
2020.12.26,2128,2054,25,0
2020.12.27,2144,2069,25,16
2020.12.28,2151,2077,25,7
2020.12.29,2151,2077,25,0
2020.12.30,2151,2077,25,0
2020.12.31,2162,2082,25,11
2021.1.1,2162,2082,25,0
2021.1.2,2162,2082,25,0
2021.1.3,2181,2084,25,19
2021.1.4,2181,2084,25,0
2021.1.5,2186,2100,25,5
2021.1.6,2186,2100,25,0
2021.1.7,2188,2101,25,2
2021.1.8,2188,2101,25,0
2021.1.9,2188,2101,25,0
2021.1.10,2219,2119,25,31
2021.1.11,2222,2120,25,3
2021.1.12,2222,2120,25,0
2021.1.13,2228,2141,25,6
2021.1.14,2228,2141,25,0
2021.1.15,2246,2145,25,18
2021.1.16,2246,2145,25,0
2021.1.17,2256,2149,25,10
2021.1.18,2262,2152,25,6
2021.1.19,2262,2152,25,0
2021.1.20,2267,2166,25,5
2021.1.21,2267,2166,25,0
2021.1.22,2276,2178,25,9
2021.1.23,2276,2178,25,0
2021.1.24,2283,2179,25,7
2021.1.25,2288,2199,25,5
2021.1.26,2290,2200,25,2
2021.1.27,2295,2201,25,5
2021.1.28,2299,2205,25,4
2021.1.29,2305,2208,25,6
2021.1.30,2303,2207,25,0
2021.1.31,2304,2208,25,1
2021.2.1,2304,2208,25,0
2021.2.2,2307,2210,25,3
2021.2.3,2308,2222,25,1
2021.2.4,2313,2228,25,5
2021.2.5,2315,2228,25,2
2021.2.6,2315,2228,25,0
2021.2.7,2320,2229,25,5
2021.2.8,2320,2229,25,0
2021.2.9,2322,2230,25,2
2021.2.10,2324,2240,25,2
2021.2.11,2324,2245,25,0
2021.2.12,2326,2257,25,2
2021.2.13,2328,2258,25,2
2021.2.14,2330,2258,25,2
2021.2.15,2336,2264,25,6
2021.2.16,2337,2265,26,1
2021.2.17,2340,2265,26,3
2021.2.18,2344,2272,26,4
2021.2.19,2348,2272,26,4
2021.2.20,2350,2273,26,2
2021.2.21,2350,2273,26,0
2021.2.22,2357,2277,26,7
2021.2.23,2363,2277,26,6
2021.2.24,2365,2277,26,2
2021.2.25,2368,2277,26,3
2021.2.26,2371,2278,26,3
2021.2.27,2372,2280,26,1
2021.2.28,2376,2285,26,4
2021.3.1,2378,2285,26,2
2021.3.2,2382,2287,26,4
2021.3.3,2384,2296,26,2
2021.3.4,2389,2295,26,5
2021.3.5,2389,2295,26,0
2021.3.6,2398,2301,26,9
2021.3.7,2399,2301,26,1
2021.3.8,2405,2301,26,6
2021.3.9,2409,2304,26,4
2021.3.10,2410,2304,26,1
2021.3.11,2416,2305,26,6
2021.3.12,2417,2305,26,1
2021.3.13,2422,2308,26,5
2021.3.14,2423,2310,26,1
2021.3.15,2430,2311,26,7
2021.3.16,2432,2311,26,2
2021.3.17,2434,2311,26,2
2021.3.18,2434,2311,26,0
2021.3.19,2444,2363,26,10
2021.3.20,2444,2363,26,0
2021.3.21,2453,2369,26,9
2021.3.22,2462,2373,26,9
2021.3.23,2462,2373,26,0
2021.3.24,2470,2377,26,8
2021.3.25,2476,2379,26,6
2021.3.26,2479,2379,26,3
2021.3.27,2481,2381,26,2
2021.3.28,2482,2381,26,1
2021.3.29,2493,2381,26,11
2021.3.30,2495,2389,26,2
2021.3.31,2497,2399,26,2
2021.4.1,2501,2408,26,4
2021.4.2,2501,2408,26,0
2021.4.3,2501,2408,26,0
2021.4.4,2507,2420,26,6
2021.4.5,2507,2420,26,0
2021.4.6,2524,2424,26,17
2021.4.7,2531,2424,26,7
2021.4.8,2555,2434,26,24
2021.4.9,2561,2440,26,6
2021.4.10,2571,2440,26,10
2021.4.11,2574,2440,26,3
2021.4.12,2583,2457,26,9
2021.4.13,2587,2459,26,4
2021.4.14,2589,2462,26,2
2021.4.15,2591,2464,26,2
2021.4.16,2591,2464,26,0
2021.4.17,2591,2464,26,0
2021.4.18,2595,2467,26,4
2021.4.19,2596,2468,26,1
2021.4.20,2597,2485,26,1
