date,累计确诊,治愈,死亡,新增确诊
2020.2.21,93,23,1,9
2020.2.22,105,24,1,12
2020.2.23,132,24,1,27
2020.2.24,144,26,1,12
2020.2.25,156,27,1,12
2020.2.26,164,32,1,8
2020.2.27,186,40,3,22
2020.2.28,210,41,4,24
2020.2.29,230,42,5,20
2020.3.1,239,42,5,9
2020.3.2,254,43,6,15
2020.3.3,268,46,6,14
2020.3.4,284,48,6,16
2020.3.5,317,48,6,33
2020.3.6,348,69,6,31
2020.3.7,407,76,6,59
2020.3.8,454,80,6,47
2020.3.9,522,101,9,30
2020.3.10,582,102,12,59
2020.3.11,640,118,15,56
2020.3.12,690,123,19,53
2020.3.13,726,135,21,36
2020.3.14,787,144,22,62
2020.3.15,818,144,24,62
2020.3.16,835,144,28,17
2020.3.17,880,144,29,45
2020.3.18,923,215,32,41
2020.3.19,962,215,33,39
2020.3.20,1016,215,35,52
2020.3.21,1054,215,36,39
2020.3.22,1101,215,41,46
2020.3.23,1140,285,42,38
2020.3.24,1212,301,43,72
2020.3.25,1313,310,45,101
2020.3.26,1401,359,47,94
2020.3.27,1525,372,52,123
2020.3.28,1724,372,55,199
2020.3.29,1894,372,56,169
2020.3.30,1999,424,59,105
2020.3.31,2233,424,66,234
2020.4.1,2524,472,71,277
2020.4.2,2793,505,73,283
2020.4.3,3142,514,78,346
2020.4.4,3506,514,83,367
2020.4.5,3865,575,93,360
2020.4.6,4092,575,97,360
2020.4.7,4472,622,98,366
2020.4.8,4979,632,105,508
2020.4.9,5553,685,108,574
2020.4.10,6188,714,120,638
2020.4.11,6926,714,132,738
2020.4.12,7423,762,138,502
2020.4.13,7693,799,146,290
2020.4.14,8191,853,162,498
2020.4.15,8723,901,179,532
2020.4.16,9297,918,190,574
2020.4.17,9849,1012,207,554
2020.4.18,10434,1069,224,585
2020.4.19,10810,1069,238,373
2020.4.20,11157,1239,265,347
2020.4.21,11581,1356,283,425
2020.4.22,12023,1424,299,442
2020.4.23,12480,2408,328,449
2020.4.24,12868,2536,345,391
2020.4.25,13238,2536,360,370
2020.4.26,13441,2536,372,210
2020.4.27,13614,2905,394,172
2020.4.28,13895,3187,413,282
2020.4.29,14119,3187,435,224
2020.4.30,14305,3466,455,188
2020.5.1,14571,3981,481,266
2020.5.2,14877,3981,517,266
2020.5.3,15079,3981,536,328
2020.5.4,15253,4496,556,202
2020.5.5,15374,4587,566,121
2020.5.6,15477,4918,577,103
2020.5.7,15575,5146,590,96
2020.5.8,15663,5906,607,88
2020.5.9,15777,8127,624,114
2020.5.10,15847,8293,633,70
2020.5.11,15968,8531,657,45
2020.5.12,16049,8920,678,81
2020.5.13,16120,9868,697,72
2020.5.14,16203,10338,713,83
2020.5.15,16253,10809,729,50
2020.5.16,16310,11153,748,57
2020.5.17,16337,11415,756,27
2020.5.18,16367,11564,768,30
2020.5.19,16394,11884,773,27
2020.5.20,16433,12286,784,39
2020.5.21,16518,12672,799,85
2020.5.22,16543,13005,814,25
2020.5.23,16569,13244,825,26
2020.5.24,16611,13244,839,42
2020.5.25,16632,13612,851,21
2020.5.26,16662,13810,860,30
2020.5.27,16696,13973,869,34
2020.5.28,16759,14147,882,63
2020.5.29,16833,14254,889,74
2020.5.30,16877,14406,894,44
2020.5.31,16912,14459,897,35
2020.6.1,16949,14502,898,37
2020.6.2,17000,14650,901,51
2020.6.3,17031,14771,905,31
2020.6.4,17078,14869,910,47
2020.6.5,17118,14972,914,40
2020.6.6,17164,14972,916,46
2020.6.7,17202,14972,916,38
2020.6.8,17223,15148,919,21
2020.6.9,17268,15213,920,45
2020.6.10,17306,15298,922,38
2020.6.11,17347,15383,922,41
2020.6.12,17404,15493,925,57
2020.6.13,17454,15580,927,50
2020.6.14,17529,15643,927,75
2020.6.15,17601,15686,929,72
2020.6.16,17645,15701,934,44
2020.6.17,17689,15850,935,44
2020.6.18,17759,15930,937,70
2020.6.19,17816,16008,954,57
2020.6.20,17881,16077,954,65
2020.6.21,17937,16108,955,56
2020.6.22,17982,16133,956,45
2020.6.23,18034,16212,965,52
2020.6.24,18130,16263,969,96
2020.6.25,18212,16320,971,82
2020.6.26,18317,16392,971,105
2020.6.27,18409,16452,972,92
2020.6.28,18522,16506,972,113
2020.6.29,18631,16557,972,109
2020.6.30,18769,16631,972,138
2020.7.1,18895,16731,976,126
2020.7.2,19090,16772,977,195
2020.7.3,19329,16866,977,239
2020.7.4,19602,16959,977,273
2020.7.5,19822,17050,977,220
2020.7.6,19998,17124,978,176
2020.7.7,20209,17197,979,211
2020.7.8,20413,17331,982,204
2020.7.9,20767,17466,982,354
2020.7.10,21179,17652,982,412
2020.7.11,21581,17849,983,402
2020.7.12,21991,18003,983,410
2020.7.13,22252,18103,984,261
2020.7.14,22583,18282,984,331
2020.7.15,23008,18545,984,425
2020.7.16,23645,18814,985,637
2020.7.17,24235,19096,985,590
2020.7.18,24916,19366,986,681
2020.7.19,25425,19576,986,509
2020.7.20,25844,19757,988,419
2020.7.21,26476,20155,989,632
2020.7.22,27270,20651,989,794
2020.7.23,28200,21035,992,930
2020.7.24,28984,21328,994,784
2020.7.25,29782,21567,996,798
2020.7.26,30656,21762,998,874
2020.7.27,31249,22116,998,593
2020.7.28,32244,22811,1002,995
2020.7.29,33474,23507,1004,1230
2020.7.30,34809,24179,1007,1335
2020.7.31,36366,24929,1010,1557
2020.8.1,37925,25506,1013,1559
2020.8.2,39255,25906,1013,1330
2020.8.3,40212,26487,1017,957
2020.8.4,41455,27197,1022,1243
2020.8.5,42804,28028,1028,1349
2020.8.6,44286,28877,1035,1482
2020.8.7,45889,30153,1040,1603
2020.8.8,47464,31307,1042,1575
2020.8.9,48817,32312,1047,1353
2020.8.10,49746,33058,1053,929
2020.8.11,50444,33975,1058,698
2020.8.12,51425,34888,1066,981
2020.8.13,52602,36134,1073,1177
2020.8.14,53961,37479,1085,1359
2020.8.15,55193,38945,1093,1232
2020.8.16,56214,40080,1103,1021
2020.8.17,56854,41196,1119,640
2020.8.18,57761,42284,1135,907
2020.8.19,58848,43835,1149,1087
2020.8.20,60033,45266,1159,1185
2020.8.21,61066,46467,1175,1033
2020.8.22,62046,47622,1181,980
2020.8.23,62790,48550,1190,744
2020.8.24,63283,49340,1203,493
2020.8.25,64000,50431,1217,717
2020.8.26,64897,51688,1228,897
2020.8.27,65763,52823,1241,866
2020.8.28,66638,53995,1251,875
2020.8.29,67488,55341,1285,850
2020.8.30,68088,56164,1286,600
2020.8.31,68516,56802,1298,428
2020.9.1,69151,57823,1313,635
2020.9.2,69743,58428,1327,592
2020.9.3,70405,59524,1334,662
2020.9.4,70994,60417,1352,589
2020.9.5,71585,61445,1361,591
2020.9.6,72037,62076,1366,452
2020.9.7,72321,62536,1380,284
2020.9.8,72833,63282,1397,512
2020.9.9,73337,64100,1412,504
2020.9.10,74026,64835,1416,689
2020.9.11,74688,65590,1428,662
2020.9.12,75334,66280,1441,646
2020.9.13,75774,66899,1447,440
2020.9.14,76039,67242,1455,265
2020.9.15,76571,67831,1468,532
2020.9.16,77121,68532,1481,550
2020.9.17,77650,69253,1490,529
2020.9.18,78182,69899,1499,532
2020.9.19,78782,70495,1503,600
2020.9.20,79260,71030,1507,478
2020.9.21,79571,71404,1513,311
2020.9.22,79902,71648,1519,331
2020.9.23,80116,71981,1525,214
2020.9.24,80592,72538,1537,476
2020.9.25,81169,73490,1544,577
2020.9.26,81806,74151,1547,637
2020.9.27,82285,74607,1550,479
2020.9.28,82583,74990,1561,298
2020.9.29,83115,75459,1568,532
2020.9.30,83689,76025,1574,574
2020.10.1,84335,76590,1583,646
2020.10.2,84874,77219,1594,539
2020.10.3,85451,77807,1600,577
2020.10.4,85851,78315,1600,400
2020.10.5,86135,78609,1604,284
2020.10.6,86635,79071,1611,500
2020.10.7,87145,79676,1616,510
2020.10.8,87762,80227,1619,617
2020.10.9,88374,80733,1625,612
2020.10.10,89054,81356,1628,680
2020.10.11,89491,81824,1630,437
2020.10.12,89769,82113,1634,278
2020.10.13,90269,82621,1638,500
2020.10.14,90818,83158,1646,549
2020.10.15,91526,83837,1650,708
2020.10.16,92167,84451,1665,641
2020.10.17,92787,85030,1671,620
2020.10.18,93219,85485,1675,432
2020.10.19,93533,85941,1677,314
2020.10.20,94015,86513,1680,482
2020.10.21,94634,87107,1687,619
2020.10.22,95248,87666,1698,614
2020.10.23,95995,88245,1710,747
2020.10.24,96720,88787,1714,725
2020.10.25,97218,89282,1720,498
2020.10.26,97617,89709,1728,399
2020.10.27,98262,90148,1733,645
2020.10.28,98995,90807,1738,733
2020.10.29,99804,91322,1748,809
2020.10.30,100577,91890,1756,773
2020.10.31,101453,92475,1770,876
2020.11.1,102068,92960,1776,615
2020.11.2,102548,93383,1788,480
2020.11.3,103413,93855,1795,865
2020.11.4,104036,94295,1799,623
2020.11.5,105082,95113,1806,1046
2020.11.6,106221,95756,1812,1139
2020.11.7,107557,96461,1817,1336
2020.11.8,108503,97197,1824,946
2020.11.9,109280,97654,1836,777
2020.11.10,110616,98274,1851,1336
2020.11.11,112164,99108,1863,1548
2020.11.12,113808,100005,1871,1644
2020.11.13,115518,101018,1885,1710
2020.11.14,117261,101989,1888,1743
2020.11.15,118702,102837,1895,1441
2020.11.16,119652,103674,1903,950
2020.11.17,121336,104637,1920,1684
2020.11.18,123544,105697,1933,2208
2020.11.19,125932,106954,1953,2388
2020.11.20,128348,108423,1965,2416
2020.11.21,130941,109892,1981,2593
2020.11.22,133117,111163,1988,2176
2020.11.23,134635,112269,1996,1518
2020.11.24,135846,113340,2015,1211
2020.11.25,137786,114725,2036,1940
2020.11.26,140288,116378,2065,2502
2020.11.27,142818,118135,2096,2530
2020.11.28,145502,120259,2110,2684
2020.11.29,147568,121891,2126,2066
2020.11.30,149002,123445,2152,1434
2020.12.1,151018,125470,2193,2016
2020.12.2,153456,127304,2225,2438
2020.12.3,155964,129241,2252,2508
2020.12.4,158411,131176,2306,2447
2020.12.5,160917,133443,2319,2506
2020.12.6,162942,135277,2359,2025
2020.12.7,164462,136903,2398,1520
2020.12.8,166618,138994,2445,2156
2020.12.9,169431,140622,2478,2813
2020.12.10,172416,143006,2513,2985
2020.12.11,175207,145014,2554,2791
2020.12.12,178242,147524,2575,3035
2020.12.13,180630,149286,2601,2388
2020.12.14,182305,150947,2649,1675
2020.12.15,184732,153519,2702,2427
2020.12.16,187718,155547,2755,2986
2020.12.17,190935,158287,2791,3217
2020.12.18,193757,160786,2840,2822
2020.12.19,196746,163308,2878,2989
2020.12.20,199248,165333,2917,2502
2020.12.21,201048,167513,2965,1800
2020.12.22,203717,169342,3012,2669
2020.12.23,206984,172115,3069,3267
2020.12.24,210723,174879,3122,3739
2020.12.25,214553,177793,3186,3830
2020.12.26,218430,180188,3234,3877
2020.12.27,223766,184662,3325,5336
2020.12.28,223771,184662,3325,5
2020.12.29,227375,186946,3383,3604
2020.12.30,231223,189466,3442,3848
2020.12.31,235751,191451,3492,4528
2021.1.1,238999,193714,3541,3248
2021.1.2,242052,196420,3572,3053
2021.1.3,245212,198486,3621,3160
2021.1.4,248531,200676,3680,3319
2021.1.5,253432,203421,3756,4901
2021.1.6,259438,207039,3821,6006
2021.1.7,267004,210451,3886,7566
2021.1.8,274883,213737,3963,7879
2021.1.9,282662,217369,4021,7779
2021.1.10,288751,220536,4067,6089
2021.1.11,293637,222963,4115,4886
2021.1.12,298168,225396,4179,4531
2021.1.13,304040,229073,4276,5872
2021.1.14,310627,233665,4340,6587
2021.1.15,317772,238467,4420,7145
2021.1.16,324785,243973,4476,7013
2021.1.17,330544,248488,4525,5759
2021.1.18,335465,252787,4583,4921
2021.1.19,340780,257719,4687,5315
2021.1.20,346309,264987,4779,5529
2021.1.21,351976,273187,4873,5667
2021.1.22,357021,279214,4981,5045
2021.1.23,361733,285522,5064,4712
2021.1.24,365723,290542,5120,3990
2021.1.25,368485,295426,5194,2762
2021.1.26,372332,301540,5298,3847
2021.1.27,376300,308164,5388,3968
2021.1.28,380427,314434,5501,4127
2021.1.29,383958,320248,5597,3531
2021.1.30,387303,325592,5688,3345
2021.1.31,389975,330465,5753,2672
2021.2.1,391763,334125,5833,1788
2021.2.2,394087,339377,5952,2324
2021.2.3,396716,344137,6072,2629
2021.2.4,399289,349332,6176,2573
2021.2.5,401661,354473,6282,2372
2021.2.6,403938,358872,6376,2277
2021.2.7,405562,362231,6428,1624
2021.2.8,406775,365238,6511,1213
2021.2.9,408345,368813,6605,1570
2021.2.10,410231,372535,6726,1886
2021.2.11,411921,375454,6804,1690
2021.2.12,413219,378024,6866,1298
2021.2.13,414582,380569,6932,1363
2021.2.14,415945,382886,6970,1363
2021.2.15,417746,385097,7042,1801
2021.2.16,419050,387740,7144,1304
2021.2.17,420497,391208,7223,1447
2021.2.18,422035,393494,7299,1538
2021.2.19,423336,395492,7365,1301
2021.2.20,424568,397293,7443,1232
2021.2.21,425600,398921,7493,1032
2021.2.22,426375,400250,7549,775
2021.2.23,427457,401809,7603,1082
2021.2.24,428376,403381,7672,919
2021.2.25,429453,405257,7746,1077
2021.2.26,430509,406584,7826,1056
2021.2.27,431722,408020,7867,1213
2021.2.28,432720,409319,7897,998
2021.3.1,433417,410604,7948,697
2021.3.2,434304,412115,8013,887
2021.3.3,435547,413334,8076,1243
2021.3.4,436717,414774,8143,1170
2021.3.5,437862,416024,8198,1145
2021.3.6,438916,417292,8238,1054
2021.3.7,439981,418261,8263,1065
2021.3.8,440580,419229,8308,599
2021.3.9,441706,420260,8366,1126
2021.3.10,443018,421421,8419,1312
2021.3.11,444297,422542,8461,1279
2021.3.12,445606,423619,8522,1309
2021.3.13,446923,424685,8573,1317
2021.3.14,447912,425663,8594,989
2021.3.15,448606,426686,8632,694
2021.3.16,449739,427582,8689,1133
2021.3.17,451272,428783,8725,1533
2021.3.18,452771,429898,8764,1499
2021.3.19,454232,430927,8798,1461
2021.3.20,455747,432128,8817,1515
2021.3.21,456865,433149,8836,1118
2021.3.22,457686,434274,8869,821
2021.3.23,459176,435361,8923,1490
2021.3.24,461101,436463,8944,1925
2021.3.25,463015,437702,8971,1914
2021.3.26,465040,438879,9004,2025
2021.3.27,467112,440200,9035,2072
2021.3.28,468896,441237,9065,1784
2021.3.29,470233,442369,9082,1337
2021.3.30,472325,443640,9127,2092
2021.3.31,475168,445024,9176,2843
2021.4.1,477774,446416,9194,2606
2021.4.2,480532,447715,9216,2758
2021.4.3,483305,449091,9223,2773
2021.4.4,485775,450624,9236,2470
2021.4.5,487346,452155,9255,1571
2021.4.6,489986,454055,9277,2640
2021.4.7,493448,455382,9313,3462
2021.4.8,496890,457050,9338,3442
2021.4.9,500422,458840,9365,3532
2021.4.10,504113,460993,9391,3691
2021.4.11,506895,463725,9409,2782
2021.4.12,508994,465916,9433,2099
2021.4.13,512703,468770,9477,3709
2021.4.14,517013,471007,9511,4310
2021.4.15,521586,473570,9546,4573
2021.4.16,526117,475574,9592,4531
2021.4.17,530903,478378,9631,4786
2021.4.18,534996,480793,9649,4093
2021.4.19,537898,483052,9679,2902
2021.4.20,542248,486076,9718,4350
2021.4.21,547544,488944,9773,5296
