date,累计确诊,治愈,死亡,新增确诊
2020.4.7,5546,1115,48,430
2020.4.8,5546,1115,48,430
2020.4.9,5972,1274,57,426
2020.4.10,6501,1571,65,529
2020.4.11,6927,1864,73,426
2020.4.12,7213,2059,80,286
2020.4.14,7917,2646,92,392
2020.4.15,8273,2937,94,356
2020.4.16,8807,3299,105,534
2020.4.18,9730,4035,126,478
2020.4.19,10088,4338,133,358
2020.4.21,10832,4969,147,325
2020.4.22,11296,5386,160,464
2020.4.23,11812,5804,168,516
2020.4.24,12306,6327,174,494
2020.4.25,12858,6746,181,552
2020.4.26,13331,7024,189,473
2020.4.27,13813,7327,198,482
2020.4.28,14365,7710,207,552
2020.4.29,14885,8057,216,520
2020.5.1,17008,9018,234,985
2020.5.2,18435,9572,247,1427
2020.5.3,19663,10041,260,1228
2020.5.4,20643,10415,270,980
2020.5.5,22016,10710,275,1373
2020.5.6,23048,11189,281,1032
2020.5.7,24581,11664,285,1533
2020.5.8,25972,12160,294,1391
2020.5.9,27219,12667,304,1247
2020.5.10,28866,13112,312,1647
2020.5.11,30063,13605,323,1197
2020.5.12,31721,14125,335,1658
2020.5.13,34381,14865,346,2660
2020.5.14,37040,15655,368,2659
2020.5.16,41428,18014,421,1886
2020.5.17,43781,19213,450,2353
2020.5.18,46059,20165,478,2278
2020.5.19,49579,21507,509,3520
2020.5.20,49579,21507,509,0
2020.5.21,53617,22504,544,4038
2020.5.22,61857,25342,630,8240
2020.5.23,65393,26546,673,3536
2020.5.24,65393,26546,673,0
2020.5.25,73997,29302,761,8604
2020.5.26,77961,30915,806,3964
2020.5.27,82289,33540,841,4328
2020.5.28,86943,36150,890,4654
2020.5.29,90638,38598,944,3695
2020.5.30,94858,40431,997,4220
2020.5.31,94858,40431,997,0
2020.6.1,105159,44946,1113,10301
2020.6.2,105159,44946,1113,0
2020.6.3,108686,86173,1188,3527
2020.6.4,113628,90748,1275,4942
2020.6.5,118292,95631,1356,4664
2020.6.6,127745,95631,1541,9453
2020.6.7,127745,95631,1541,0
2020.6.8,138846,95631,2264,11101
2020.6.9,142759,95631,2283,3913
2020.6.10,142759,95631,2283,0
2020.6.11,154092,126444,2648,11333
2020.6.12,154092,126444,2648,0
2020.6.13,167355,131358,3101,13263
2020.6.14,167355,137296,3101,0
2020.6.15,174293,143704,3323,6938
2020.6.16,184449,148792,3383,10156
2020.6.17,184449,156232,3383,0
2020.6.18,220628,156232,3615,36179
2020.6.19,231393,186441,4093,10765
2020.6.20,231393,191491,4093,0
2020.6.21,236748,196609,4295,5355
2020.6.22,246963,205397,4502,10215
2020.6.23,250767,210570,4505,3804
2020.6.24,250767,210570,4505,0
2020.6.25,254416,215093,4731,3649
2020.6.26,263360,223431,5068,8944
2020.6.27,267766,228055,5347,4406
2020.6.28,267766,228055,5347,0
2020.6.29,271982,232210,5509,4216
2020.6.30,279393,241229,5688,7411
2020.7.1,282043,245443,5753,2650
2020.7.2,284541,249247,5920,2498
2020.7.3,288089,253343,6051,3548
2020.7.4,288089,253343,6051,0
2020.7.5,295532,261032,6308,7443
2020.7.6,295532,261032,6308,0
2020.7.7,301019,268245,6434,5487
2020.7.8,301019,268245,6434,0
2020.7.9,306216,274922,6682,5197
2020.7.10,306216,274922,6682,0
2020.7.11,309274,278053,6781,3058
2020.7.12,312029,281114,6881,2755
2020.7.13,317657,286556,7024,5628
2020.7.14,319493,289220,7069,1836
2020.7.15,321205,292085,7186,1712
2020.7.16,321205,292085,7186,0
2020.7.17,326539,296814,7290,5334
2020.7.18,326539,296814,8347,0
2020.7.19,328846,299449,8445,2307
2020.7.20,333029,303992,8633,4183
2020.7.21,333029,303992,8633,0
2020.7.22,334683,309241,8722,1654
2020.7.23,336402,309241,8722,1719
2020.7.24,338759,311431,8838,2357
2020.7.25,343592,316169,9020,4833
2020.7.26,343592,316169,9020,0
2020.7.27,345790,318095,9112,2198
2020.7.28,347923,319954,9187,2133
2020.7.29,349800,322332,9240,1877
2020.7.30,351575,324557,9278,1775
2020.7.31,353536,326628,9377,1961
2020.8.1,357658,330507,9533,4122
2020.8.2,357658,330507,9533,0
2020.8.3,359731,332411,9608,2073
2020.8.4,362962,336330,9745,3231
2020.8.5,362962,336330,9745,0
2020.8.6,366671,340168,9889,3709
2020.8.7,366671,340168,9889,0
2020.8.8,368825,342168,9958,2154
2020.8.9,371023,344133,10011,2198
2020.8.10,375044,347342,10139,4021
2020.8.11,376616,349541,10178,1572
2020.8.12,376616,349541,10178,0
2020.8.13,378168,351419,10205,1552
2020.8.14,380034,353131,10299,1866
2020.8.15,382111,355037,10340,2077
2020.8.16,383902,356951,10395,1791
2020.8.17,387502,360385,10513,3600
2020.8.18,387502,360385,10513,0
2020.8.19,388855,362440,10546,1353
2020.8.20,391849,364285,10671,2994
2020.8.21,391849,366063,10671,0
2020.8.22,395708,369730,10792,3859
2020.8.23,395708,369730,10792,0
2020.8.24,399568,372464,10916,3860
2020.8.25,400985,374463,10958,1417
2020.8.26,400985,374463,10958,0
2020.8.27,402365,376268,10990,1380
2020.8.28,405972,379452,11132,3607
2020.8.29,405972,379452,11132,0
2020.8.30,408009,381183,11181,2037
2020.8.31,409974,382584,11244,1965
2020.9.1,411726,383879,11289,1752
2020.9.2,413145,385790,11321,1419
2020.9.3,416501,389409,11422,3356
2020.9.4,418469,391248,11494,1968
2020.9.5,420434,392967,11551,1965
2020.9.6,420434,392967,11551,0
2020.9.7,424274,395717,11652,3840
2020.9.8,424274,395717,11652,0
2020.9.9,427027,399555,11702,2753
2020.9.10,428669,401356,11781,1642
2020.9.11,430535,403064,11850,1866
2020.9.12,432666,404919,11895,2131
2020.9.13,432666,404919,11895,0
2020.9.14,436433,407725,12013,3767
2020.9.15,436433,407725,12013,0
2020.9.16,437983,409944,12040,1550
2020.9.17,441150,413928,12142,3167
2020.9.18,442827,415981,12199,1677
2020.9.19,442827,415981,12199,0
2020.9.20,444674,418101,12254,1847
2020.9.21,447468,421111,12298,2794
2020.9.22,448523,423176,12321,1055
2020.9.23,449903,425165,12345,1380
2020.9.24,451634,426876,12469,1731
2020.9.25,453868,428580,12527,2234
2020.9.26,455979,430259,12591,2111
2020.9.27,457901,431704,12641,1922
2020.9.28,457901,431704,12641,0
2020.9.29,461300,434794,12725,3399
2020.9.30,462991,436589,12741,1691
2020.10.1,462991,436589,12741,0
2020.10.2,466590,439607,12867,3599
2020.10.3,468471,440881,12919,1881
2020.10.4,470179,442070,12979,1708
2020.10.5,470179,442070,12979,0
2020.10.6,473306,445418,13070,3127
2020.10.7,474440,447053,13090,1134
2020.10.8,476016,448710,13167,1576
2020.10.9,477769,450297,13220,1753
2020.10.10,479595,452054,13272,1826
2020.10.11,481371,453352,13318,1776
2020.10.12,482888,454484,13379,1517
2020.10.13,484280,456499,13396,1392
2020.10.14,485372,458073,13415,1092
2020.10.15,486496,459536,13434,1124
2020.10.16,488190,461097,13529,1694
2020.10.17,490003,462712,13588,1813
2020.10.18,491760,463943,13635,1757
2020.10.19,493305,465021,13676,1545
2020.10.20,493305,465021,13676,0
2020.10.21,495637,468269,13719,2332
2020.10.22,497131,469765,13792,1494
2020.10.23,498906,471343,13844,1775
2020.10.24,500542,476576,13892,1636
2020.10.25,502063,478252,13944,1521
2020.10.26,503598,479877,14003,1535
2020.10.27,504525,481379,14026,927
2020.10.28,505530,482906,14032,1005
2020.10.29,505530,482906,14032,0
2020.10.30,508571,485152,14158,3041
2020.10.31,510256,486642,14207,1685
2020.11.1,511864,488166,14247,1608
2020.11.2,513188,489525,14302,1324
2020.11.3,514202,490820,14319,1014
2020.11.4,515042,492149,14340,840
2020.11.5,516582,493250,14404,1540
2020.11.6,518390,494303,14450,1808
2020.11.7,519977,495852,14499,1587
2020.11.8,521558,497411,14543,1581
2020.11.9,521558,497411,14543,0
2020.11.10,522879,498904,14588,1321
2020.11.11,524804,501426,14633,1925
2020.11.12,524804,501426,14633,0
2020.11.13,528030,503540,14738,3226
2020.11.14,528030,503540,14738,0
2020.11.15,531273,506700,14819,3243
2020.11.16,532604,508067,14863,1331
2020.11.17,533610,509401,14883,1006
2020.11.18,534558,510766,14897,948
2020.11.19,536012,511874,14955,1454
2020.11.20,537585,512927,15003,1573
2020.11.21,539143,514584,15030,1558
2020.11.22,540640,516121,15069,1497
2020.11.23,542080,517524,15106,1440
2020.11.24,543087,518834,15131,1007
2020.11.25,544092,520180,15138,1005
2020.11.26,544092,520180,15138,0
2020.11.27,545662,521247,15235,1570
2020.11.28,548941,523792,15322,3279
2020.11.29,550430,525212,15356,1489
2020.11.30,551743,526604,15410,1313
2020.12.1,552864,528034,15430,1121
2020.12.2,553898,529501,15438,1034
2020.12.3,553898,529501,15438,0
2020.12.4,557135,531543,15558,3237
2020.12.5,558668,531543,15592,1533
2020.12.6,560382,534789,15628,1714
2020.12.7,560382,534789,15628,0
2020.12.8,563534,537727,15680,3152
2020.12.9,564778,539171,15690,1244
2020.12.10,566440,540288,15774,1662
2020.12.11,567974,541345,15782,1534
2020.12.12,569781,543083,15846,1807
2020.12.13,571919,544822,15886,2138
2020.12.14,573830,546538,15931,1911
2020.12.15,575329,548190,15949,1499
2020.12.16,576731,549852,15959,1402
2020.12.17,578732,551200,16007,2001
2020.12.18,581135,552289,16051,2403
2020.12.19,583354,554333,16101,2219
2020.12.20,583354,554333,16101,0
2020.12.21,587488,557913,16197,4134
2020.12.22,589189,559845,16217,1701
2020.12.23,590914,561794,16228,1725
2020.12.24,590914,561794,16228,0
2020.12.25,595831,565002,16358,4917
2020.12.26,595831,565002,16358,0
2020.12.27,600105,569578,16443,4274
2020.12.28,602028,571674,16443,1923
2020.12.29,602028,571674,16443,0
2020.12.30,605950,575595,16499,3922
2020.12.31,608973,577382,16608,3023
2021.1.1,612564,579203,16660,3591
2021.1.2,612564,579203,16660,0
2021.1.3,618191,584457,16767,5627
2021.1.4,618191,584457,16767,0
2021.1.5,623101,589081,16788,4910
2021.1.6,625483,591081,16816,2382
2021.1.7,629176,593235,16913,3693
2021.1.8,633381,595799,16974,4205
2021.1.9,633381,595799,16974,0
2021.1.10,637742,599604,17037,4361
2021.1.11,641923,602861,17096,4181
2021.1.12,649135,608804,17182,7212
2021.1.13,652525,611564,17204,3390
2021.1.14,656712,614267,17294,4187
2021.1.15,661180,617372,17369,4468
2021.1.16,665493,622321,17435,4313
2021.1.17,669832,626528,17477,4339
2021.1.18,669832,626528,17477,0
2021.1.19,677151,634960,17573,7319
2021.1.20,680740,639091,17594,3589
2021.1.21,680740,639091,17594,0
2021.1.22,690066,645035,17786,9326
2021.1.23,694647,649802,17854,4581
2021.1.24,699110,654101,17933,4463
2021.1.25,699110,654101,17933,0
2021.1.26,706500,662460,18023,7390
2021.1.27,709888,666799,18040,3388
2021.1.28,709888,666799,18040,0
2021.1.29,718749,673582,18257,8861
2021.1.30,718749,673582,18257,0
2021.1.31,722900,677602,18339,4151
2021.2.1,727109,681981,18452,4209
2021.2.2,734035,690653,18559,6926
2021.2.3,736645,694960,18576,2610
2021.2.4,736645,694960,18576,0
2021.2.5,744019,701315,18808,7374
2021.2.6,744019,701315,18808,0
2021.2.7,751886,710029,18974,7867
2021.2.8,751886,710029,18974,0
2021.2.9,755350,713711,19056,3464
2021.2.10,760576,720852,19105,5226
2021.2.11,760576,720852,19105,0
2021.2.12,768471,725945,19345,7895
2021.2.13,768471,725945,19345,0
2021.2.14,776209,733731,19541,7738
2021.2.15,776209,733731,19541,0
2021.2.16,782039,740465,19644,5830
2021.2.17,784314,743306,19659,2275
2021.2.18,784314,743306,19659,0
2021.2.19,791939,748920,19897,7625
2021.2.20,791939,748920,19897,0
2021.2.21,799460,756764,20042,7521
2021.2.22,799460,756764,20042,0
2021.2.23,805317,763904,20151,5857
2021.2.24,805317,763904,20151,0
2021.2.25,807872,767332,20173,2555
2021.2.26,816929,772951,20400,9057
2021.2.27,821418,776955,20476,4489
2021.2.28,825625,780530,20572,4207
2021.3.1,825625,780530,20572,0
2021.3.2,829770,784213,20660,4145
2021.3.3,835552,790528,20704,5782
2021.3.4,835552,790528,20704,0
2021.3.5,845450,796791,20928,9898
2021.3.6,845450,796791,20928,0
2021.3.7,855785,805717,21077,10335
2021.3.8,855785,805717,21077,0
2021.3.9,864064,814088,21182,8279
2021.3.10,864064,814088,21182,0
2021.3.11,867949,818337,21206,3885
2021.3.12,873512,821294,21362,5563
2021.3.13,885379,830698,21574,11867
2021.3.14,891110,835669,21674,5731
2021.3.15,891110,835669,21674,0
2021.3.16,896231,840668,21772,5121
2021.3.17,900782,845712,21789,4551
2021.3.18,905212,851154,21816,4430
2021.3.19,918053,859097,22087,12841
2021.3.20,918053,859097,22087,0
2021.3.21,931939,871234,22279,13886
2021.3.22,931939,871234,22279,0
2021.3.23,942958,882772,22384,11019
2021.3.24,947783,888826,22402,4825
2021.3.25,947783,888826,22402,0
2021.3.26,954762,892973,22524,6979
2021.3.27,969913,905435,22653,15151
2021.3.28,977243,912058,22754,7330
2021.3.29,977243,912058,22754,0
2021.3.30,989492,924612,23107,12249
2021.3.31,995538,931270,23135,6046
2021.4.1,995538,931270,23135,0
2021.4.2,1011485,942413,23421,15947
2021.4.3,1019478,950889,23524,7993
2021.4.4,1026785,958400,23644,7307
2021.4.5,1026785,958400,23644,0
2021.4.6,1037780,972645,23734,10995
2021.4.7,1043022,980245,23796,5242
2021.4.8,1043022,980245,23796,0
2021.4.9,1060421,991676,24108,17399
2021.4.10,1060421,991676,24108,0
2021.4.11,1068522,998400,24213,8101
2021.4.12,1076499,1005860,24346,7977
2021.4.13,1088710,1020925,24518,12211
2021.4.14,1094267,1026934,24548,5557
2021.4.15,1094267,1026934,24548,0
2021.4.16,1109311,1037539,24923,15044
2021.4.17,1109311,1037539,24923,0
2021.4.18,1124718,1053635,25177,15407
2021.4.19,1124718,1053635,25177,0
2021.4.20,1136435,1067662,25317,11717
