date,累计确诊,治愈,死亡,新增确诊
2020.4.8,211,50,3,15
2020.4.9,218,51,3,4
2020.4.10,234,54,3,4
2020.4.11,242,60,3,8
2020.4.12,257,67,3,15
2020.4.13,272,68,3,15
2020.4.14,300,69,3,28
2020.4.15,309,71,3,28
2020.4.16,348,76,3,42
2020.4.17,385,84,3,15
2020.4.18,388,86,3,18
2020.4.19,399,93,4,5
2020.4.20,402,95,4,8
2020.4.21,408,97,4,3
2020.4.22,416,107,5,5
2020.4.23,425,111,5,9
2020.4.24,444,132,5,19
2020.4.25,485,139,6,29
2020.4.26,486,149,6,30
2020.4.27,497,156,6,11
2020.4.28,517,168,6,6
2020.4.29,539,178,6,22
2020.4.30,566,184,6,27
2020.5.1,582,207,7,16
2020.5.2,589,215,8,7
2020.5.3,593,223,9,4
2020.5.4,604,240,9,11
2020.5.5,610,269,9,6
2020.5.6,615,275,9,5
2020.5.7,623,288,9,8
2020.5.8,626,297,10,3
2020.5.10,638,317,11,3
2020.5.11,639,349,11,1
2020.5.12,642,349,11,4
2020.5.13,652,383,12,5
2020.5.15,677,419,12,6
2020.5.16,683,419,12,12
2020.5.17,695,425,12,12
2020.5.18,701,432,12,6
2020.5.19,702,456,12,1
2020.5.20,713,475,12,11
2020.5.21,721,485,12,8
2020.5.22,723,495,12,2
2020.5.23,728,509,12,5
2020.5.24,730,522,12,2
2020.5.25,731,526,12,1
2020.5.26,732,537,12,1
2020.5.27,735,557,12,3
2020.5.28,738,573,12,3
2020.5.29,746,576,12,8
2020.5.30,757,600,12,11
2020.5.31,783,605,12,26
2020.6.1,794,624,12,11
2020.6.2,796,634,12,2
2020.6.3,800,640,13,4
2020.6.4,801,644,13,1
2020.6.5,805,650,13,4
2020.6.6,808,663,13,3
2020.6.7,809,674,13,1
2020.6.8,812,683,13,3
2020.6.9,818,686,13,6
2020.6.10,827,690,13,9
2020.6.11,831,694,13,4
2020.6.12,843,697,13,12
2020.6.13,851,702,13,8
2020.6.14,864,703,14,13
2020.6.15,879,704,14,15
2020.6.16,879,724,14,0
2020.6.17,888,731,14,9
2020.6.18,893,739,14,5
2020.6.19,896,741,14,3
2020.6.20,898,752,14,2
2020.6.21,906,755,14,8
2020.6.22,908,761,14,2
2020.6.23,911,761,14,3
2020.6.24,914,771,14,3
2020.6.25,917,776,14,3
2020.6.26,919,780,14,2
2020.6.27,921,781,14,2
2020.6.28,924,785,15,3
2020.6.29,926,791,15,2
2020.6.30,928,794,15,2
2020.7.1,931,794,15,3
2020.7.2,939,817,15,8
2020.7.3,943,821,15,4
2020.7.4,948,825,15,5
2020.7.5,951,828,15,3
2020.7.6,953,830,15,2
2020.7.7,958,838,15,5
2020.7.8,963,841,15,5
2020.7.9,968,844,15,5
2020.7.10,973,846,15,5
2020.7.11,981,851,15,8
2020.7.12,986,857,15,5
2020.7.13,995,857,15,9
2020.7.14,999,870,15,4
2020.7.15,1004,873,15,5
2020.7.16,1006,883,15,2
2020.7.17,1010,885,15,4
2020.7.18,1018,895,15,8
2020.7.19,1028,899,15,10
2020.7.20,1039,900,16,11
2020.7.21,1049,903,16,10
2020.7.22,1073,907,16,24
2020.7.23,1085,911,16,12
2020.7.24,1104,912,16,19
2020.7.25,1117,917,16,13
2020.7.26,1131,920,16,14
2020.7.27,1137,922,16,6
2020.7.28,1145,927,16,8
2020.7.29,1155,929,16,10
2020.7.30,1160,935,17,5
2020.7.31,1168,940,17,8
2020.8.1,1171,947,17,3
2020.8.2,1177,955,17,6
2020.8.3,1179,959,17,2
2020.8.4,1182,962,17,3
2020.8.5,1197,974,17,15
2020.8.6,1206,987,17,9
2020.8.7,1213,994,17,7
2020.8.8,1216,996,17,3
2020.8.9,1225,1000,17,9
2020.8.10,1250,1010,17,25
2020.8.11,1264,1054,17,14
2020.8.12,1278,1058,17,14
2020.8.13,1283,1068,17,5
2020.8.14,1306,1085,17,23
2020.8.15,1321,1088,17,15
2020.8.16,1336,1088,17,15
2020.8.17,1341,1092,17,5
2020.8.18,1351,1092,17,10
2020.8.19,1361,1098,17,10
2020.8.20,1370,1108,17,9
2020.8.21,1385,1128,17,15
2020.8.22,1394,1132,17,9
2020.8.23,1411,1132,17,17
2020.8.24,1421,1137,18,10
2020.8.25,1429,1150,19,8
2020.8.26,1436,1150,19,7
2020.8.27,1447,1190,19,11
2020.8.28,1455,1196,19,8
2020.8.29,1462,1196,19,7
2020.8.30,1469,1221,19,7
2020.8.31,1487,1240,19,18
2020.9.1,1510,1253,19,23
2020.9.2,1548,1270,19,38
2020.9.3,1568,1279,19,20
2020.9.4,1596,1294,19,28
2020.9.5,1621,1302,19,25
2020.9.6,1650,1310,19,29
2020.9.7,1684,1315,19,34
2020.9.8,1729,1321,19,45
2020.9.9,1773,1325,19,44
2020.9.10,1830,1334,19,57
2020.9.11,1917,1354,19,87
2020.9.12,2075,1363,19,158
2020.9.13,2227,1369,19,152
2020.9.14,2392,1369,19,165
2020.9.15,2562,1369,19,170
2020.9.16,2758,1412,19,196
2020.9.17,2937,1422,19,179
2020.9.18,3119,1435,19,182
2020.9.19,3306,1481,19,187
2020.9.20,3502,1494,19,196
2020.9.21,3695,1534,20,193
2020.9.22,3913,1574,23,218
2020.9.23,4140,1643,25,227
2020.9.24,4399,1705,26,259
2020.9.25,4664,1759,27,265
2020.9.26,4960,1819,28,296
2020.9.27,5254,1906,28,294
2020.9.28,5552,2054,32,298
2020.9.29,5866,2324,34,314
2020.9.30,6192,3120,39,326
2020.10.1,6640,3419,41,448
2020.10.2,7093,3714,46,453
2020.10.3,7564,3992,48,471
2020.10.4,8118,4244,50,554
2020.10.5,8696,4619,54,578
2020.10.6,9245,4887,58,549
2020.10.7,9753,5235,63,508
2020.10.8,10225,5553,66,472
2020.10.9,10752,5866,72,527
2020.10.10,11271,6119,78,519
2020.10.11,11794,6327,85,523
2020.10.12,12272,6538,93,478
2020.10.13,12841,6867,102,569
2020.10.14,13521,7159,109,680
2020.10.15,14440,7367,113,919
2020.10.16,15327,7613,124,887
2020.10.17,16285,7827,128,958
2020.10.18,17477,8060,136,1192
2020.10.19,18663,8338,143,1186
2020.10.20,19857,8666,158,1194
2020.10.21,21208,9003,172,1351
2020.10.22,22803,9401,178,1595
2020.10.23,24562,9751,183,1759
2020.10.24,26503,10163,193,1941
2020.10.25,28431,10767,201,1928
2020.10.26,30303,11370,215,1872
2020.10.27,32127,12632,238,1824
2020.10.28,33858,14829,253,1731
2020.10.29,35567,16904,273,1709
2020.10.30,37263,19810,285,1696
2020.10.31,38936,22691,307,1673
2020.11.1,40727,25104,335,1791
2020.11.2,42579,26800,342,1852
2020.11.3,44522,28633,362,1943
2020.11.4,46817,31170,381,2295
2020.11.5,49218,33459,401,2401
2020.11.6,51993,37019,423,2775
2020.11.7,54852,39773,441,2859
2020.11.8,57753,42572,475,2901
2020.11.9,60680,45042,499,2927
2020.11.10,63650,47390,521,2970
2020.11.11,66561,49811,566,2911
2020.11.12,69681,52169,599,3120
2020.11.13,73154,55511,636,3473
2020.11.14,76658,58674,669,3504
2020.11.15,79678,62061,703,3020
2020.11.16,82835,65291,733,3157
2020.11.17,85952,68929,778,3117
2020.11.18,89395,71468,815,3443
2020.11.19,93092,73877,853,3697
2020.11.20,96860,77932,894,3768
2020.11.21,100684,81783,927,3824
2020.11.22,104732,85639,976,4048
2020.11.23,108690,89170,1012,3958
2020.11.24,111818,92215,1051,3128
2020.11.25,114889,95581,1085,3071
2020.11.26,118690,98781,1124,3801
2020.11.27,123470,102270,1161,4780
2020.11.28,127942,106328,1195,4472
2020.11.29,132368,110049,1130,4426
2020.11.30,139343,117560,1303,3216
2020.12.1,139343,117560,1303,0
2020.12.2,143376,121621,1342,4033
2020.12.3,147636,124568,1387,4260
2020.12.4,152704,126904,1425,5068
2020.12.5,158154,129210,1462,5450
2020.12.6,162475,133511,1504,4321
2020.12.7,164976,137499,1540,2501
2020.12.8,169649,141392,1576,4673
2020.12.9,174383,145287,1614,4734
2020.12.10,178953,148332,1657,4570
2020.12.11,183099,150461,1694,4146
2020.12.12,187006,154241,1744,3907
2020.12.13,189726,158183,1790,2720
2020.12.14,191063,161681,1839,1337
2020.12.15,194900,164786,1883,3837
2020.12.16,198387,167281,1922,3487
2020.12.17,201368,169282,1953,2981
2020.12.18,204003,171526,2002,2635
2020.12.19,206907,175842,2055,2904
2020.12.20,208638,180441,2094,1731
2020.12.21,209462,184668,2140,824
2020.12.22,212526,188408,2182,3064
2020.12.23,214871,191968,2233,2345
2020.12.24,216843,194705,2276,1972
2020.12.25,218724,196220,2313,1881
2020.12.26,220508,200339,2352,1784
2020.12.27,222143,206313,2418,1635
2020.12.28,222143,206313,2418,0
2020.12.29,224155,208951,2443,2012
2020.12.30,225893,210445,2481,1738
2020.12.31,227420,211727,2505,1527
2021.1.1,228410,214992,2528,990
2021.1.2,228752,217973,2572,342
2021.1.3,229169,220442,2603,417
2021.1.4,229763,222405,2628,594
2021.1.5,232079,222787,2646,2316
2021.1.6,233879,223276,2666,1800
2021.1.7,235491,223695,2694,1612
2021.1.8,236028,224189,2728,537
2021.1.9,238086,224718,2750,2058
2021.1.10,239229,225335,2773,1143
2021.1.11,239780,226215,2796,551
2021.1.12,241637,227208,2820,1857
2021.1.13,243255,227611,2846,1618
2021.1.14,244612,228359,2867,1357
2021.1.15,245789,229196,2893,1177
2021.1.16,247025,231385,2916,1236
2021.1.17,247805,232993,2933,780
2021.1.18,247915,234636,2958,110
2021.1.19,249465,235130,2973,1550
2021.1.20,249934,236922,2987,469
2021.1.21,251071,238101,2998,1137
2021.1.22,251974,238737,3022,903
2021.1.23,252972,240629,3038,998
2021.1.24,253518,242085,3055,546
2021.1.25,253816,243396,3071,298
2021.1.26,254822,244446,3096,1006
2021.1.27,255564,245527,3108,742
2021.1.28,256287,246459,3127,723
2021.1.29,256956,247096,3148,669
2021.1.30,257632,248537,3159,676
2021.1.31,258111,249028,3178,479
2021.2.1,258351,249709,3194,240
2021.2.2,259209,250289,3208,858
2021.2.3,259897,251077,3221,688
2021.2.4,260480,251748,3240,583
2021.2.5,261018,252246,3258,538
2021.2.6,261620,252815,3269,602
2021.2.7,262024,253614,3283,404
2021.2.8,262228,254350,3298,204
2021.2.9,263057,254916,3306,829
2021.2.10,263601,255385,3311,544
2021.2.11,264158,256024,3321,557
2021.2.12,264665,256684,3336,507
2021.2.13,265200,257441,3343,535
2021.2.14,265557,258093,3352,357
2021.2.15,265722,258732,3363,165
2021.2.16,266462,259228,3377,740
2021.2.17,266948,259727,3390,486
2021.2.18,267313,260266,3399,365
2021.2.19,267701,260597,3406,388
2021.2.20,268097,261066,3425,396
2021.2.21,268355,261637,3435,258
2021.2.22,268502,262244,3447,147
2021.2.23,268995,262796,3457,493
2021.2.24,269438,263257,3463,443
2021.2.25,269800,263727,3475,362
2021.2.26,270137,264047,3485,337
2021.2.27,270510,264589,3499,373
2021.2.28,270758,265114,3510,248
2021.3.1,270918,265523,3520,160
2021.3.2,271379,265686,3532,461
2021.3.3,271739,265805,3541,360
2021.3.4,271872,266081,3553,133
2021.3.5,272262,266253,3563,390
2021.3.6,272617,266344,3567,355
2021.3.7,272851,266693,3576,234
2021.3.8,272998,266886,3591,147
2021.3.9,273137,267015,3601,139
2021.3.10,273650,267111,3613,513
2021.3.11,274045,267421,3622,395
2021.3.12,274377,267764,3634,332
2021.3.13,274721,268004,3643,344
2021.3.14,274989,268237,3648,268
2021.3.15,275148,268565,3650,159
2021.3.16,275685,268693,3658,537
2021.3.17,276067,269006,3665,382
2021.3.18,276436,269384,3674,369
2021.3.19,276796,269626,3683,360
2021.3.20,277218,269784,3691,422
2021.3.21,277480,269973,3700,262
2021.3.22,277650,270369,3710,170
2021.3.23,278178,270668,3714,528
2021.3.24,278628,270922,3722,450
2021.3.25,279027,271278,3732,399
2021.3.26,279446,271585,3738,419
2021.3.27,279936,271804,3746,490
2021.3.28,280301,272219,3751,365
2021.3.29,280472,272601,3765,171
2021.3.30,281145,272899,3773,673
2021.3.31,281761,273167,3778,616
2021.4.1,282260,273604,3785,499
2021.4.2,282789,273930,3798,529
2021.4.3,283369,274145,3804,580
2021.4.4,283833,274599,3811,464
2021.4.5,284061,275024,3822,228
2021.4.6,284958,275220,3832,897
2021.4.7,285645,275547,3840,687
2021.4.8,286406,276084,3849,761
2021.4.9,287183,276426,3858,777
2021.4.10,287689,276711,3869,506
2021.4.11,288396,277303,3877,707
2021.4.12,288755,277829,3883,359
2021.4.13,290129,278251,3894,1374
2021.4.14,291214,278683,3901,1085
2021.4.15,292244,279389,3908,1030
2021.4.16,293321,279831,3916,1077
2021.4.17,294540,280132,3925,1219
2021.4.18,295358,280915,3939,818
2021.4.19,295936,281574,3949,578
2021.4.20,297728,282237,3959,1792
2021.4.21,299038,282869,3971,1310
