date,累计确诊,治愈,死亡,新增确诊
2020.2.22,1,1,0,0
2020.2.23,1,1,0,0
2020.2.24,1,1,0,0
2020.2.25,1,1,0,0
2020.2.26,1,1,0,0
2020.2.27,1,1,0,0
2020.2.28,1,1,0,0
2020.2.29,1,1,0,0
2020.3.1,2,1,0,1
2020.3.2,8,1,0,6
2020.3.3,13,1,0,5
2020.3.4,23,1,0,10
2020.3.5,50,1,0,27
2020.3.6,109,1,0,59
2020.3.7,169,1,0,60
2020.3.8,200,1,0,31
2020.3.9,239,1,0,39
2020.3.10,267,1,0,28
2020.3.11,314,1,1,47
2020.3.12,399,1,3,85
2020.3.14,689,1,4,133
2020.3.15,886,1,4,197
2020.3.16,1085,1,10,172
2020.3.17,1243,1,10,185
2020.3.18,1795,31,21,309
2020.3.19,2257,165,37,462
2020.3.20,2815,204,67,568
2020.3.21,3401,204,75,586
2020.3.22,3743,350,88,342
2020.3.23,4269,350,122,526
2020.3.24,4937,350,178,668
2020.3.25,6235,350,220,1298
2020.3.26,7284,675,289,1049
2020.3.27,9134,858,353,1850
2020.3.28,10836,1063,431,1702
2020.3.29,11899,1527,513,1063
2020.3.30,12775,1696,705,876
2020.3.31,13964,2132,828,1189
2020.4.1,15348,2495,1011,1384
2020.4.2,16770,2872,1143,1422
2020.4.3,18431,3247,1283,1661
2020.4.4,19961,3751,1447,1260
2020.4.5,20814,3986,1632,1123
2020.4.6,22194,4157,2035,1380
2020.4.7,23403,4681,2240,1209
2020.4.8,24983,5164,2523,1580
2020.4.9,26667,5568,3019,1684
2020.4.10,28018,5986,3346,1351
2020.4.11,29647,6463,3600,1629
2020.4.12,30589,6707,3903,942
2020.4.13,31119,6868,4157,530
2020.4.14,33573,7107,4440,2454
2020.4.15,34809,7562,4857,1236
2020.4.16,36138,7961,5163,1329
2020.4.17,37183,8348,5453,1045
2020.4.18,38496,8757,5683,1313
2020.4.19,39983,8895,5828,1487
2020.4.20,40956,9002,5998,973
2020.4.21,41889,9433,6262,933
2020.4.22,42797,9800,6490,908
2020.4.23,44293,10122,6679,1496
2020.4.24,45325,10417,6917,1032
2020.4.25,46134,10785,7094,809
2020.4.26,46687,10878,7207,553
2020.4.27,47334,10943,7331,647
2020.4.28,47859,11283,7501,525
2020.4.29,48519,11576,7594,660
2020.4.30,49032,11892,7703,513
2020.5.1,49517,12211,7765,485
2020.5.2,49906,12309,7844,389
2020.5.3,50267,12378,7924,361
2020.5.4,50509,12441,8016,242
2020.5.5,50781,12731,8339,272
2020.5.6,51420,12980,8415,639
2020.5.7,52011,13201,8521,591
2020.5.8,52596,13411,8581,585
2020.5.9,53081,13642,8656,485
2020.5.10,53449,13697,8707,368
2020.5.11,53779,13732,8761,330
2020.5.12,53981,13937,8843,202
2020.5.13,54288,14111,8903,307
2020.5.14,54644,14301,8959,356
2020.5.15,54989,14460,9005,345
2020.5.16,55280,14630,9052,291
2020.5.17,55559,14657,9080,279
2020.5.18,55559,14657,9080,0
2020.5.19,55791,14687,9108,232
2020.5.20,55983,14847,9150,192
2020.5.21,56235,14988,9186,252
2020.5.22,56511,15123,9212,276
2020.5.23,56810,15155,9237,299
2020.5.24,57092,15272,9280,282
2020.5.25,57342,15297,9312,250
2020.5.26,57455,15320,9334,113
2020.5.27,57592,15465,9364,137
2020.5.28,57849,15572,9388,257
2020.5.29,58061,15682,9430,212
2020.5.30,58186,15769,9453,125
2020.5.31,58381,15887,9467,195
2020.6.1,58517,15919,9486,136
2020.6.2,58615,15934,9505,98
2020.6.3,58685,15959,9522,70
2020.6.4,58767,16048,9548,82
2020.6.5,58907,16112,9566,140
2020.6.6,59072,16190,9580,165
2020.6.7,59226,16291,9595,154
2020.6.8,59348,16315,9606,122
2020.6.9,59437,16324,9619,89
2020.6.10,59569,16392,9629,132
2020.6.11,59711,16453,9636,142
2020.6.12,59819,16498,9646,108
2020.6.13,59918,16547,9650,99
2020.6.14,60029,16589,9655,111
2020.6.15,60100,16610,9661,71
2020.6.16,60155,16625,9663,55
2020.6.17,60244,16684,9675,89
2020.6.18,60348,16724,9683,104
2020.6.19,60476,16751,9695,128
2020.6.20,60550,16771,9696,74
2020.6.21,60550,16771,9696,0
2020.6.22,60550,16771,9696,0
2020.6.23,60810,16771,9713,260
2020.6.24,60898,16771,9722,88
2020.6.25,61007,16890,9726,109
2020.6.26,61106,16918,9731,99
2020.6.27,61209,16941,9732,103
2020.6.28,61295,16941,9732,86
2020.6.29,61361,16941,9732,66
2020.6.30,61427,16984,9747,66
2020.7.1,61509,17021,9754,82
2020.7.2,61598,17044,9761,89
2020.7.3,61727,17073,9765,129
2020.7.4,61838,17091,9771,111
2020.7.5,61838,17091,9771,0
2020.7.6,62016,17091,9771,178
2020.7.7,62058,17122,9774,42
2020.7.8,62123,17138,9776,65
2020.7.9,62210,17159,9778,87
2020.7.10,62357,17179,9781,147
2020.7.11,62469,17196,9782,112
2020.7.12,62606,17196,9782,137
2020.7.13,62707,17196,9782,101
2020.7.14,62781,17223,9787,74
2020.7.15,62872,17242,9788,91
2020.7.16,63039,17253,9792,167
2020.7.17,63238,17269,9795,199
2020.7.18,63499,17289,9800,261
2020.7.19,63706,17289,9800,207
2020.7.20,63893,17289,9800,187
2020.7.21,64094,17321,9805,201
2020.7.22,64258,17330,9805,164
2020.7.23,64627,17347,9808,369
2020.7.24,64847,17369,9812,220
2020.7.25,65199,17394,9817,352
2020.7.26,65727,17425,9821,528
2020.7.27,66026,17439,9821,299
2020.7.28,66428,17452,9822,402
2020.7.29,66662,17476,9833,234
2020.7.30,67335,17492,9836,673
2020.7.31,68006,17513,9840,671
2020.8.1,68751,17546,9841,745
2020.8.2,69402,17573,9845,651
2020.8.3,69849,17590,9845,447
2020.8.4,70314,17598,9850,465
2020.8.5,70648,17639,9852,334
2020.8.6,71158,17661,9859,510
2020.8.7,72016,17700,9861,858
2020.8.8,72784,17728,9866,768
2020.8.9,73401,17766,9870,617
2020.8.10,74152,17780,9872,751
2020.8.11,74620,17792,9879,468
2020.8.12,75008,17841,9885,388
2020.8.13,75647,17883,9900,639
2020.8.14,76191,17913,9916,544
2020.8.15,77113,17941,9924,922
2020.8.16,77869,17981,9935,756
2020.8.17,78323,17994,9939,454
2020.8.18,78534,18003,9944,211
2020.8.19,78897,18048,9959,363
2020.8.20,79479,18078,9969,582
2020.8.21,80178,18131,9976,699
2020.8.22,80894,18165,9985,716
2020.8.23,81468,18204,9988,574
2020.8.24,81936,18225,9992,468
2020.8.25,82092,18242,9996,156
2020.8.26,82447,18291,9996,355
2020.8.27,83030,18331,9879,583
2020.8.28,83500,18360,9884,470
2020.8.29,83952,18360,9886,452
2020.8.30,84599,18403,9891,647
2020.8.31,85042,18415,9894,443
2020.9.1,85236,18422,9895,194
2020.9.2,85487,18457,9897,251
2020.9.3,85911,18490,9898,424
2020.9.4,86544,18513,9899,633
2020.9.5,87174,18534,9901,630
2020.9.6,87825,18555,9906,651
2020.9.7,88367,18565,9907,542
2020.9.8,88769,18576,9909,402
2020.9.9,89141,18602,9912,372
2020.9.10,89691,18635,9917,550
2020.9.11,90568,18659,9917,877
2020.9.12,91537,18689,9919,969
2020.9.13,92478,18709,9923,941
2020.9.14,93455,18723,9925,977
2020.9.15,94306,18737,9927,851
2020.9.16,94795,18789,9930,489
2020.9.17,95948,18810,9935,1153
2020.9.18,97976,18854,9936,2028
2020.9.19,99649,18908,9937,1673
2020.9.20,100748,18945,9944,1099
2020.9.21,102295,18965,9948,1547
2020.9.22,103392,18977,9950,1097
2020.9.23,105226,19039,9955,1834
2020.9.24,106887,19079,9959,1661
2020.9.25,108768,19123,9965,1881
2020.9.26,110976,19184,9969,2208
2020.9.27,112803,19246,9974,1827
2020.9.28,114179,19275,9980,1376
2020.9.29,115353,19301,9987,1174
2020.9.30,117115,19386,10001,1762
2020.10.1,118452,19454,10016,1337
2020.10.2,121059,19521,10023,2607
2020.10.3,124234,19521,10037,3175
2020.10.4,127623,19645,10044,3389
2020.10.5,130235,19679,10064,2612
2020.10.6,132203,19712,10078,1968
2020.10.7,134291,19812,10092,2088
2020.10.8,137868,19895,10108,3577
2020.10.9,143596,19981,10126,5728
2020.10.10,148981,20072,10151,5385
2020.10.11,156931,20202,10175,7950
2020.10.12,162258,20272,10191,5327
2020.10.13,165880,20324,10211,3622
2020.10.14,173240,20452,10244,7360
2020.10.15,181511,20587,10278,8271
2020.10.16,191959,20720,10327,10448
2020.10.17,202151,20867,10359,10192
2020.10.18,213115,21074,10392,10964
2020.10.19,222253,21157,10413,9138
2020.10.20,230480,21214,10443,8227
2020.10.21,240159,21476,10489,9679
2020.10.22,253386,21717,10539,13227
2020.10.23,270132,22213,10588,16746
2020.10.24,287700,22517,10658,17568
2020.10.25,305409,22878,10737,17709
2020.10.26,321031,23087,10810,15622
2020.10.27,333718,23256,10899,12687
2020.10.28,347289,23504,11038,13571
2020.10.29,368337,23969,11170,21048
2020.10.30,392258,24443,11308,23921
2020.10.31,412314,24906,11452,20056
2020.11.1,429229,25569,11625,16915
2020.11.2,441018,25819,11737,11789
2020.11.3,447355,25999,11858,6337
2020.11.4,453310,26661,12126,5955
2020.11.5,468213,27334,12331,14903
2020.11.6,479341,27987,12520,11128
2020.11.7,488044,28613,12708,8703
2020.11.8,494168,29357,12907,6124
2020.11.9,500789,29651,13055,6621
2020.11.10,503182,29796,13216,2393
2020.11.11,507475,30504,13561,4293
2020.11.12,515391,31130,13758,7916
2020.11.13,520393,31372,13891,5002
2020.11.14,525012,32033,14106,4619
2020.11.15,531280,32706,14303,6268
2020.11.16,535939,32909,14421,4659
2020.11.17,537871,33032,14616,1932
2020.11.18,540605,33687,14839,2734
2020.11.19,545787,34249,15025,5182
2020.11.20,550264,34792,15196,4477
2020.11.21,553680,35281,15352,3416
2020.11.22,556904,35810,15522,3224
2020.11.23,558779,35949,15618,1875
2020.11.24,559902,36044,15755,1123
2020.11.25,561803,36569,15938,1901
2020.11.26,564967,36569,16077,3164
2020.11.27,567532,36912,16219,2565
2020.11.28,570829,37238,16339,3297
2020.11.29,574448,37238,16461,3619
2020.11.30,577345,37474,16645,2151
2020.12.1,577345,37474,16645,0
2020.12.2,579212,37924,16786,1867
2020.12.3,582252,38261,16911,3040
2020.12.4,584857,38577,17033,2605
2020.12.5,587439,38858,17142,2582
2020.12.6,589942,39185,17254,2503
2020.12.7,591756,39267,17320,1814
2020.12.8,592615,39938,17386,859
2020.12.9,594572,40258,17507,1957
2020.12.10,597643,40541,17603,3071
2020.12.11,600397,40789,17692,2754
2020.12.12,603159,40789,17792,2762
2020.12.13,605966,41589,17902,2807
2020.12.14,608137,41661,17951,2171
2020.12.15,609211,41700,18054,1074
2020.12.16,611422,41973,18178,2211
2020.12.17,615058,42199,18278,3636
2020.12.18,618204,42402,18371,3146
2020.12.19,621039,42646,18455,2835
2020.12.20,623760,42911,18545,2721
2020.12.21,625930,42980,18626,2170
2020.12.22,626911,43034,18697,981
2020.12.23,629109,43286,18821,2198
2020.12.24,632321,43513,18939,3212
2020.12.25,634904,43749,19038,2583
2020.12.26,637246,43749,19089,2342
2020.12.27,638877,43873,19200,1631
2020.12.28,638877,43873,19200,0
2020.12.29,639734,43935,19234,857
2020.12.30,641411,44136,19361,1677
2020.12.31,644242,44348,19441,2831
2021.1.1,646496,44562,19528,2254
2021.1.2,648289,44787,19581,1793
2021.1.3,649169,44840,19644,880
2021.1.4,650011,44894,19701,842
2021.1.5,650887,44894,19750,876
2021.1.6,652735,45303,19827,1848
2021.1.7,655732,45536,19883,2997
2021.1.8,658655,45744,19936,2923
2021.1.9,660703,45744,19992,2048
2021.1.10,662694,45744,20038,1991
2021.1.11,664263,45744,20078,1569
2021.1.12,665223,45744,20122,960
2021.1.13,667322,46417,20194,2099
2021.1.14,670249,46417,20250,2927
2021.1.15,672886,46417,20294,2637
2021.1.16,675089,46959,20352,2203
2021.1.17,677209,46959,20396,2120
2021.1.18,678839,46959,20435,1630
2021.1.19,679771,46959,20472,932
2021.1.20,681250,47326,20554,1479
2021.1.21,684256,47515,20572,3006
2021.1.22,686827,47675,20620,2571
2021.1.23,689271,47820,20675,2444
2021.1.24,691854,47963,20726,2583
2021.1.25,693666,48126,20779,1812
2021.1.26,694858,48187,20814,1192
2021.1.27,696642,48224,20879,1784
2021.1.28,699662,48391,20933,3020
2021.1.29,702437,48556,20982,2775
2021.1.30,705120,48708,21018,2683
2021.1.31,707837,48840,21066,2717
2021.2.1,710153,49009,21092,2316
2021.2.2,711417,49061,21124,1264
2021.2.3,713271,49112,21173,1854
2021.2.4,716395,49302,21216,3124
2021.2.5,718847,49441,21260,2452
2021.2.6,721432,49587,21295,2585
2021.2.7,723870,49737,21352,2438
2021.2.8,725610,49911,21389,1740
2021.2.9,726483,49983,21423,873
2021.2.10,728334,50027,21472,1851
2021.2.11,730951,50201,21512,2617
2021.2.12,733100,50362,21551,2149
2021.2.13,735220,50520,21599,2120
2021.2.14,737115,50671,21634,1895
2021.2.15,738631,50847,21662,1516
2021.2.16,739488,50897,21702,857
2021.2.17,741205,50930,21750,1717
2021.2.18,743882,51107,21793,2677
2021.2.19,746302,51232,21821,2420
2021.2.20,749739,51395,21859,3437
2021.2.21,752379,51516,21887,2640
2021.2.22,754473,51678,21903,2094
2021.2.23,755594,51730,21923,1121
2021.2.24,757696,51767,21956,2102
2021.2.25,760809,51946,21988,3113
2021.2.26,763885,52091,22006,3076
2021.2.27,766654,52233,22034,2769
2021.2.28,769414,52359,22052,2760
2021.3.1,771511,52524,22077,2097
2021.3.2,772294,52585,22106,783
2021.3.3,774344,52637,22141,2050
2021.3.4,777608,52863,22169,3264
2021.3.5,780251,53027,22196,2643
2021.3.6,783010,53181,22215,2759
2021.3.7,785809,53344,22240,2799
2021.3.8,787891,53517,22261,2082
2021.3.9,789008,53588,22292,1117
2021.3.10,791171,53650,22327,2163
2021.3.11,794605,53888,22347,3434
2021.3.12,798108,54044,22370,3503
2021.3.13,801723,54210,22397,3615
2021.3.14,805321,54382,22421,3598
2021.3.15,808283,54577,22441,2962
2021.3.16,809861,54642,22545,1578
2021.3.17,813026,54703,22572,3165
2021.3.18,818142,54933,22600,5116
2021.3.19,822801,55125,22624,4659
2021.3.20,827941,55308,22650,5140
2021.3.21,827941,55308,22650,0
2021.3.22,837006,55540,22707,9065
2021.3.23,839238,55615,22728,2232
2021.3.24,842775,55692,22763,3537
2021.3.25,849090,55928,22786,6315
2021.3.26,854608,56170,22816,5518
2021.3.27,860731,56170,22852,6123
2021.3.28,866063,56371,22870,5332
2021.3.29,870757,56631,22897,4694
2021.3.30,872936,56720,22921,2179
2021.3.31,876842,56815,22966,3906
2021.4.1,882453,57110,23016,5611
2021.4.2,887920,57391,23045,5467
2021.4.3,892585,57671,23083,4665
2021.4.4,897474,57895,23130,4889
2021.4.5,900996,58225,23169,3522
2021.4.6,902964,58369,23202,1968
2021.4.7,904673,58458,23247,1709
2021.4.8,908212,58568,23301,3539
2021.4.9,913057,58902,23348,4845
2021.4.10,917917,59165,23390,4860
2021.4.11,922487,59432,23428,4570
2021.4.12,925476,59754,23473,2989
2021.4.13,927229,59873,23503,1753
2021.4.14,930603,59964,23566,3374
2021.4.15,935316,786295,23603,4713
2021.4.16,939309,789423,23636,3993
2021.4.17,943213,794506,23681,3904
2021.4.18,947000,799120,23718,3787
2021.4.19,949996,804223,23747,2996
2021.4.20,951626,804194,23782,1630
2021.4.21,955056,813224,23834,3430
