date,累计确诊,治愈,死亡,新增确诊
2020.4.8,7,2,1,1
2020.4.10,7,2,1,1
2020.4.24,7,6,1,0
2020.4.28,8,6,1,1
2020.5.12,9,6,1,1
2020.5.13,15,6,2,6
2020.5.15,29,7,3,3
2020.5.16,40,7,4,11
2020.5.17,62,7,4,22
2020.5.18,62,7,4,0
2020.5.19,81,7,4,19
2020.5.20,131,7,4,50
2020.5.21,141,7,4,10
2020.5.22,173,7,5,32
2020.5.23,200,7,6,27
2020.5.24,227,7,6,27
2020.5.25,237,15,6,10
2020.5.26,262,15,9,25
2020.5.27,268,15,13,6
2020.5.28,292,15,16,24
2020.5.29,346,15,19,54
2020.5.30,423,21,20,77
2020.5.31,483,21,20,60
2020.6.1,530,27,23,47
2020.6.2,588,27,23,58
2020.6.3,668,55,31,80
2020.6.4,745,57,34,77
2020.6.5,784,65,39,39
2020.6.6,883,69,43,99
2020.6.7,947,104,49,64
2020.6.8,1049,108,55,102
2020.6.9,1104,119,59,55
2020.6.10,1162,139,61,58
2020.6.11,1283,142,71,121
2020.6.12,1439,250,74,156
2020.6.13,1572,278,81,133
2020.6.14,1682,311,83,110
2020.6.15,1783,332,87,101
2020.6.16,1887,360,91,104
2020.6.17,2057,373,93,170
2020.6.18,2223,427,95,166
2020.6.19,2424,550,97,201
2020.6.20,2621,653,102,197
2020.6.21,2813,696,108,192
2020.6.22,2984,811,111,171
2020.6.23,3121,905,112,137
2020.6.24,3292,963,114,171
2020.6.25,3519,1074,116,227
2020.6.26,3739,1225,119,220
2020.6.27,3907,1280,120,168
2020.6.28,4025,1344,121,118
2020.6.29,4149,1419,126,124
2020.6.30,4237,1497,128,88
2020.7.1,4363,1622,129,126
2020.7.2,4472,1677,129,109
2020.7.3,4606,1727,129,134
2020.7.4,4705,1765,129,99
2020.7.5,4827,1805,129,122
2020.7.6,4879,1844,130,52
2020.7.7,4948,1896,133,69
2020.7.8,5024,1944,135,76
2020.7.9,5087,1994,139,63
2020.7.10,5126,2026,144,39
2020.7.11,5203,2111,146,77
2020.7.12,5275,2160,147,72
2020.7.13,5355,2363,147,80
2020.7.14,5446,2501,147,91
2020.7.15,5518,2664,147,72
2020.7.16,5564,2830,149,46
2020.7.17,5659,2993,150,95
2020.7.18,5710,3153,151,51
2020.7.19,5813,3279,153,103
2020.7.20,5873,3436,155,60
2020.7.21,5923,3632,155,50
2020.7.22,5985,3826,155,62
2020.7.23,6027,3977,155,42
2020.7.24,6067,4086,156,40
2020.7.25,6116,4206,156,49
2020.7.26,6151,4299,156,35
2020.7.27,6171,4430,156,20
2020.7.28,6208,4653,156,37
2020.7.29,6249,4683,156,41
2020.7.30,6273,4776,156,24
2020.7.31,6295,4889,157,22
2020.8.1,6310,4962,157,15
2020.8.2,6319,5043,157,9
2020.8.3,6323,5115,157,4
2020.8.4,6382,5174,157,59
2020.8.5,6418,5209,157,36
2020.8.6,6444,5291,157,26
2020.8.7,6444,5291,157,0
2020.8.8,6498,5443,157,54
2020.8.9,6510,5527,157,12
2020.8.10,6523,5527,157,13
2020.8.11,6555,5570,157,32
2020.8.12,6598,5704,157,43
2020.8.13,6622,5741,157,24
2020.8.14,6653,5843,157,31
2020.8.15,6676,5889,157,23
2020.8.16,6693,5928,157,17
2020.8.17,6701,5985,157,8
2020.8.18,6762,6018,157,61
2020.8.19,6789,6051,157,27
2020.8.20,6829,6094,158,40
2020.8.21,6848,6123,158,19
2020.8.22,6885,6186,158,37
2020.8.23,6894,6203,158,9
2020.8.24,6905,6232,158,11
2020.8.25,6928,6282,158,23
2020.8.26,6960,6321,158,32
2020.8.27,6977,6356,158,17
2020.8.28,6993,6381,158,16
2020.8.29,7012,6407,158,19
2020.8.30,7012,6407,158,0
2020.8.31,7016,6430,159,4
2020.9.1,7048,6464,159,32
2020.9.2,7075,6464,159,27
2020.9.3,7089,6548,160,14
2020.9.4,7106,6588,160,17
2020.9.5,7126,6623,160,20
2020.9.6,7134,6658,160,8
2020.9.7,7142,6669,160,8
2020.9.8,7165,6681,160,23
2020.9.9,7165,6681,160,0
2020.9.10,7191,6701,161,26
2020.9.11,7222,6758,161,31
2020.9.12,7266,6786,161,44
2020.9.13,7274,6804,161,8
2020.9.14,7276,6825,161,2
2020.9.15,7295,6835,161,19
2020.9.16,7319,6839,161,24
2020.9.17,7332,6844,161,13
2020.9.18,7346,6865,161,14
2020.9.19,7361,6882,161,15
2020.9.20,7365,6927,161,4
2020.9.21,7368,6951,161,3
2020.9.22,7384,6977,161,16
2020.9.23,7403,7011,161,19
2020.9.24,7425,7028,161,22
2020.9.25,7433,7052,161,8
2020.9.26,7457,7070,161,24
2020.9.27,7462,7070,161,5
2020.9.28,7464,7070,161,2
2020.9.29,7474,7091,161,10
2020.9.30,7488,7111,161,14
2020.10.1,7502,7120,161,14
2020.10.2,7505,7138,161,3
2020.10.3,7511,7163,162,6
2020.10.4,7517,7174,162,6
2020.10.5,7520,7188,162,3
2020.10.6,7523,7204,162,3
2020.10.7,7529,7208,162,6
2020.10.8,7535,7212,162,6
2020.10.9,7540,7227,162,5
2020.10.10,7548,7245,163,8
2020.10.11,7550,7266,163,2
2020.10.12,7550,7274,163,0
2020.10.13,7554,7297,163,4
2020.10.14,7565,7301,163,11
2020.10.15,7572,7314,163,7
2020.10.16,7585,7326,163,13
2020.10.17,7603,7339,163,18
2020.10.18,7607,7342,163,4
2020.10.19,7608,7347,163,1
2020.10.20,7621,7355,163,13
2020.10.21,7634,7359,163,13
2020.10.22,7638,7363,163,4
2020.10.23,7650,7369,163,12
2020.10.24,7662,7374,163,12
2020.10.25,7663,7378,163,1
2020.10.26,7664,7385,163,1
2020.10.27,7677,7387,163,13
2020.10.28,7680,7392,163,3
2020.10.29,7688,7401,163,8
2020.10.30,7700,7416,163,12
2020.10.31,7700,7416,163,0
2020.11.1,7703,7433,163,3
2020.11.2,7704,7437,163,1
2020.11.3,7704,7437,163,0
2020.11.4,7724,7437,164,20
2020.11.5,7744,7443,164,20
2020.11.6,7777,7463,165,33
2020.11.7,7804,7469,165,27
2020.11.8,7814,7473,165,10
2020.11.9,7820,7479,165,6
2020.11.10,7833,7485,165,13
2020.11.11,7848,7498,165,15
2020.11.12,7885,7499,165,37
2020.11.13,7900,7500,165,15
2020.11.14,7932,7513,165,32
2020.11.15,7948,7516,165,16
2020.11.16,7952,7524,165,4
2020.11.17,7979,7536,165,27
2020.11.18,7994,7550,165,15
2020.11.19,8010,7553,167,16
2020.11.20,8034,7554,168,24
2020.11.21,8075,7560,169,41
2020.11.22,8096,7573,169,21
2020.11.23,8128,7591,169,32
2020.11.24,8167,7609,169,39
2020.11.25,8193,7636,169,26
2020.11.26,8246,7646,171,53
2020.11.27,8288,7652,171,42
2020.11.28,8424,7665,172,136
2020.11.29,8458,7665,172,34
2020.11.30,8601,7732,177,89
2020.12.1,8601,7732,177,0
2020.12.2,8710,7764,177,109
2020.12.3,8863,7780,179,153
2020.12.4,9005,7785,181,142
2020.12.5,9181,7812,182,176
2020.12.6,9359,7835,184,178
2020.12.7,9516,7849,188,157
2020.12.8,9679,7849,194,163
2020.12.9,9876,7904,197,197
2020.12.10,10105,7925,202,229
2020.12.11,10268,7957,210,163
2020.12.12,10501,7957,210,233
2020.12.13,10780,8022,222,279
2020.12.14,10971,8076,225,191
2020.12.15,11135,8118,228,164
2020.12.16,11431,8248,236,296
2020.12.17,11629,8281,244,198
2020.12.18,11805,8372,254,176
2020.12.19,12046,8426,264,241
2020.12.20,12278,8545,273,232
2020.12.21,12418,8909,281,140
2020.12.22,12567,8909,286,149
2020.12.23,12745,9005,290,178
2020.12.24,12944,9264,297,199
2020.12.25,13118,9490,301,174
2020.12.26,13264,9787,314,146
2020.12.27,13642,10297,324,378
2020.12.28,13778,10568,330,136
2020.12.29,13778,10568,330,0
2020.12.30,13989,10830,334,211
2020.12.31,14191,11095,339,202
2021.1.1,14364,11380,347,173
2021.1.2,14581,11652,349,217
2021.1.3,14677,11913,353,96
2021.1.4,14794,12136,358,117
2021.1.5,14875,12377,360,81
2021.1.6,14981,12639,367,106
2021.1.7,15111,12805,373,130
2021.1.8,15214,13037,378,103
2021.1.9,15352,13183,382,138
2021.1.10,15429,13306,383,77
2021.1.11,15512,13435,384,83
2021.1.12,15611,13639,387,99
2021.1.13,15707,13835,392,96
2021.1.14,15794,14008,395,87
2021.1.15,15893,14222,396,99
2021.1.16,15963,14318,400,70
2021.1.17,15999,14431,401,36
2021.1.18,16039,14504,402,40
2021.1.19,16081,14605,403,42
2021.1.20,16147,14729,405,66
2021.1.21,16212,14829,407,65
2021.1.22,16266,14970,410,54
2021.1.23,16322,15047,413,56
2021.1.24,16357,15127,416,35
2021.1.25,16397,15221,416,40
2021.1.26,16421,15305,417,24
2021.1.27,16460,15391,418,39
2021.1.28,16506,15491,419,46
2021.1.29,16543,15560,421,37
2021.1.30,16576,15596,421,33
2021.1.31,16608,15634,422,32
2021.2.1,16635,15676,422,27
2021.2.2,16662,15738,422,27
2021.2.3,16689,15799,423,27
2021.2.4,16720,15851,424,31
2021.2.5,16740,15913,425,20
2021.2.6,16777,15946,425,37
2021.2.7,16792,15985,425,15
2021.2.8,16807,16005,426,15
2021.2.9,16827,16041,427,20
2021.2.10,16868,16086,427,41
2021.2.11,16902,16121,427,34
2021.2.12,16925,16155,427,23
2021.2.13,16954,16186,427,29
2021.2.14,16965,16215,428,11
2021.2.15,16974,16240,430,9
2021.2.16,16996,16265,430,22
2021.2.17,17016,16296,431,20
2021.2.18,17041,16315,432,25
2021.2.19,17058,16346,433,17
2021.2.20,17071,16361,433,13
2021.2.21,17083,16376,434,12
2021.2.22,17095,16396,434,12
2021.2.23,17110,16438,435,15
2021.2.24,17130,16472,437,20
2021.2.25,17158,16497,439,28
2021.2.26,17179,16524,439,21
2021.2.27,17187,16534,439,8
2021.2.28,17196,16542,440,9
2021.3.1,17207,16563,441,11
2021.3.2,17217,16583,441,10
2021.3.3,17235,16606,441,18
2021.3.4,17252,16620,442,17
2021.3.5,17267,16633,442,15
2021.3.6,17285,16645,442,18
2021.3.7,17309,16656,442,24
2021.3.8,17322,16670,442,13
2021.3.9,17340,16688,442,18
2021.3.10,17365,16715,442,25
2021.3.11,17385,16736,442,20
2021.3.12,17394,16744,442,9
2021.3.13,17410,16752,442,16
2021.3.14,17424,16762,443,14
2021.3.15,17438,16772,444,14
2021.3.16,17457,16789,444,19
2021.3.17,17487,16806,444,30
2021.3.18,17521,16821,445,34
2021.3.19,17542,16839,445,21
2021.3.20,17570,16863,446,28
2021.3.21,17587,16875,446,17
2021.3.22,17601,16893,446,14
2021.3.23,17630,16918,447,29
2021.3.24,17658,16938,447,28
2021.3.25,17690,16947,447,32
2021.3.26,17712,16962,447,22
2021.3.27,17745,16976,448,33
2021.3.28,17756,16989,448,11
2021.3.29,17771,17008,448,15
2021.3.30,17796,17038,449,25
2021.3.31,17824,17072,449,28
2021.4.1,17847,17093,449,23
2021.4.2,17878,17125,449,31
2021.4.3,17904,17142,449,26
2021.4.4,17917,17158,449,13
2021.4.5,17927,17185,449,10
2021.4.6,17939,17212,449,12
2021.4.7,17955,17246,450,16
2021.4.8,17974,17266,450,19
2021.4.9,17995,17297,450,21
2021.4.10,18005,17307,450,10
2021.4.11,18012,17322,450,7
2021.4.12,18022,17347,450,10
2021.4.13,18035,17373,450,13
2021.4.14,18052,17398,451,17
2021.4.15,18066,17428,452,14
2021.4.16,18072,17453,452,6
2021.4.17,18103,17466,452,31
2021.4.18,18121,17473,452,18
2021.4.19,18129,17484,453,8
2021.4.20,18142,17499,454,13
