date,累计确诊,治愈,死亡,新增确诊
2020.4.7,2932,615,41,190
2020.4.8,3122,631,41,327
2020.4.9,3287,666,44,355
2020.4.10,3651,685,47,364
2020.4.11,4033,720,52,382
2020.4.12,4934,805,65,472
2020.4.13,5369,889,73,472
2020.4.14,5862,931,79,493
2020.4.15,6380,990,83,518
2020.4.16,7142,1049,87,762
2020.4.17,8274,1329,92,1132
2020.4.18,9362,1398,97,1088
2020.4.19,10484,1490,103,1122
2020.4.20,11631,1640,109,1147
2020.4.21,12772,1812,114,1141
2020.4.22,13930,1925,121,1158
2020.4.23,15102,2049,127,1172
2020.4.24,16299,2215,136,1197
2020.4.25,17522,2357,139,1223
2020.4.26,18811,2357,144,1289
2020.4.27,20077,2784,152,1266
2020.4.28,21402,2953,157,1325
2020.4.29,22753,3163,162,1351
2020.4.30,24097,3555,169,1344
2020.5.1,25459,3765,176,1362
2020.5.2,27011,4134,184,155
2020.5.3,28656,4476,191,1645
2020.5.4,30251,5431,200,1595
2020.5.5,31938,6783,209,1687
2020.5.6,33731,7798,219,1793
2020.5.7,35432,7798,229,1701
2020.5.8,37136,10144,239,1704
2020.5.9,39048,11457,246,1912
2020.5.10,41014,12737,255,1966
2020.5.11,42925,15257,264,1
2020.5.12,44830,17622,273,1905
2020.5.13,46869,19051,283,2039
2020.5.14,49176,21869,292,2307
2020.5.15,52016,23666,302,2840
2020.5.16,54752,25722,312,2736
2020.5.17,57345,28748,320,2593
2020.5.18,57345,28748,320,0
2020.5.19,59854,31634,329,2509
2020.5.20,62545,33478,339,2691
2020.5.21,65077,36040,351,2532
2020.5.22,67719,39003,364,2642
2020.5.23,70161,41236,379,2442
2020.5.24,72560,43520,390,2399
2020.5.25,74795,45668,399,2235
2020.5.26,76726,48450,411,1931
2020.5.27,78541,51022,425,1815
2020.5.28,80185,54553,441,1644
2020.5.29,81766,57013,458,1581
2020.5.30,83384,58883,480,1618
2020.5.31,85261,62442,503,1877
2020.6.1,87142,64306,525,1881
2020.6.2,89011,65790,549,1869
2020.6.3,91182,68159,579,2171
2020.6.4,93157,68965,611,1975
2020.6.5,95748,70616,642,2591
2020.6.6,98869,71791,676,3121
2020.6.7,101914,72817,712,3045
2020.6.8,105283,74524,746,3369
2020.6.9,108571,76339,783,3288
2020.6.10,112288,77954,819,3717
2020.6.11,116021,80019,857,3733
2020.6.12,119942,81029,893,3921
2020.6.13,123308,82548,932,3366
2020.6.14,127541,84720,972,4233
2020.6.15,132048,87890,1011,4507
2020.6.16,136315,89540,1052,4267
2020.6.17,141234,91662,1091,4919
2020.6.18,145991,93915,1139,4757
2020.6.19,150292,95764,1184,4301
2020.6.20,154233,98917,1230,3941
2020.6.21,157612,101130,1267,3379
2020.6.22,161005,105175,1307,3393
2020.6.23,164144,109885,1346,3139
2020.6.24,167267,112797,1387,3123
2020.6.25,170639,117882,1428,3372
2020.6.26,174577,120471,1474,3938
2020.6.27,178504,122128,1511,3927
2020.6.28,182493,124755,1551,3989
2020.6.29,186436,127118,1599,3943
2020.6.30,190823,130766,1649,4387
2020.7.1,194225,132760,1698,3402
2020.7.2,197608,137669,1752,3383
2020.7.3,201801,140614,1802,4193
2020.7.4,205929,143256,1858,4128
2020.7.5,209509,145236,1916,3580
2020.7.6,213716,149634,1968,4207
2020.7.7,217108,154839,2017,3392
2020.7.8,220144,158050,2059,3036
2020.7.9,223327,161096,2100,3183
2020.7.10,226486,163026,2151,3159
2020.7.11,229480,165396,2181,2994
2020.7.12,232259,167138,2223,2779
2020.7.13,235111,169842,2243,2852
2020.7.14,237803,177560,2283,2692
2020.7.15,240474,183048,2325,2671
2020.7.16,243238,187622,2370,2764
2020.7.17,245851,191161,2407,2613
2020.7.18,248416,194218,2447,2565
2020.7.19,250920,197735,2486,2504
2020.7.20,253349,203259,2523,2429
2020.7.21,255825,207259,2557,2476
2020.7.22,258156,210398,2601,2331
2020.7.23,260394,213490,2635,2238
2020.7.24,262772,215731,2672,2378
2020.7.25,264973,217782,2703,2201
2020.7.26,266941,220323,2733,1968
2020.7.27,268934,222936,2760,1993
2020.7.28,270831,225624,2789,1897
2020.7.29,272590,228569,2816,1759
2020.7.30,274219,231198,2842,1629
2020.7.31,275905,235658,2866,1686
2020.8.1,277478,237548,2887,1573
2020.8.2,278835,240081,2917,1357
2020.8.3,280093,242055,2949,1258
2020.8.4,281456,243713,2984,1363
2020.8.5,282824,245314,3020,1368
2020.8.6,284226,247089,3055,1402
2020.8.7,285793,248948,3093,1567
2020.8.8,287262,250440,3130,1469
2020.8.9,288690,252039,3167,1428
2020.8.10,289947,253478,3199,1257
2020.8.11,291468,255118,3233,1521
2020.8.12,293037,257269,3269,1569
2020.8.13,294519,260393,3303,1482
2020.8.14,295902,262959,3338,1383
2020.8.15,295902,262959,3338,0
2020.8.16,298542,266953,3408,2640
2020.8.17,299914,268385,3436,1372
2020.8.18,301323,272911,3470,1409
2020.8.19,302686,274091,3506,1363
2020.8.20,303973,275476,3548,1287
2020.8.21,305186,277067,3580,1213
2020.8.22,306370,278441,3619,1184
2020.8.23,307479,280143,3649,1109
2020.8.24,308654,282888,3691,1175
2020.8.25,309768,283932,3722,1114
2020.8.26,310836,284945,3755,1068
2020.8.27,311855,286255,3785,1019
2020.8.28,312924,287403,3813,1069
2020.8.29,313911,288441,3840,987
2020.8.30,314821,289667,3870,910
2020.8.31,315772,290796,3897,951
2020.9.1,316670,291514,3929,898
2020.9.2,317486,292510,3956,816
2020.9.3,318319,293964,3982,833
2020.9.4,319141,295063,4015,822
2020.9.5,319932,295842,4049,791
2020.9.6,320688,296737,4081,756
2020.9.7,321456,297623,4107,768
2020.9.8,322237,298246,4137,781
2020.9.9,323012,298966,4165,775
2020.9.10,323720,299998,4189,708
2020.9.11,324407,300933,4213,687
2020.9.12,325050,301836,4240,643
2020.9.13,325651,302870,4268,601
2020.9.14,326258,303930,4305,607
2020.9.15,326930,305022,4338,672
2020.9.16,327551,306004,4369,621
2020.9.17,328144,307207,4399,593
2020.9.18,328720,308352,4430,576
2020.9.19,329271,309430,4458,551
2020.9.20,329754,310439,4485,483
2020.9.21,330246,311499,4512,492
2020.9.22,330798,312684,4542,552
2020.9.23,331359,313786,4569,561
2020.9.24,331857,314793,4599,498
2020.9.25,332329,315636,4625,472
2020.9.26,332790,316405,4655,461
2020.9.27,333193,317005,4683,403
2020.9.28,333648,317846,4712,455
2020.9.29,334187,318542,4739,539
2020.9.30,334605,319154,4768,418
2020.10.1,335097,319746,4794,492
2020.10.2,335578,320348,4823,481
2020.10.3,335997,320974,4850,419
2020.10.4,336387,321485,4875,390
2020.10.5,336766,322055,4898,379
2020.10.6,337243,322612,4923,477
2020.10.7,337711,323208,4947,468
2020.10.8,338132,323769,4972,421
2020.10.9,338539,324282,4996,407
2020.10.10,338944,324737,5018,405
2020.10.11,339267,325330,5043,323
2020.10.12,339615,325839,5068,348
2020.10.13,340089,326339,5087,474
2020.10.14,340590,326820,5108,501
2020.10.15,341062,327327,5127,472
2020.10.16,341495,327795,5144,433
2020.10.17,341854,328165,5165,359
2020.10.18,342202,328538,5185,348
2020.10.19,342583,328895,5201,381
2020.10.20,342968,329270,5217,385
2020.10.21,343373,329715,5235,405
2020.10.22,343774,330181,5250,401
2020.10.23,344157,330578,5264,383
2020.10.24,344552,330995,5281,395
2020.10.25,344875,331330,5296,323
2020.10.26,345232,331691,5313,357
2020.10.27,345631,332117,5329,399
2020.10.28,346047,332550,5348,416
2020.10.29,346482,333005,5363,435
2020.10.30,346880,333409,5383,398
2020.10.31,347282,333842,5402,402
2020.11.1,347656,334236,5420,374
2020.11.2,348037,334672,5437,381
2020.11.3,348510,335153,5456,473
2020.11.4,348936,335594,5471,426
2020.11.5,349386,336068,5489,450
2020.11.6,349822,336533,5506,436
2020.11.7,350229,336966,5525,407
2020.11.8,350592,337386,5540,363
2020.11.9,350984,337788,5559,392
2020.11.10,351455,338281,5576,471
2020.11.11,351849,338702,5590,394
2020.11.12,352160,339114,5605,311
2020.11.13,352601,339568,5625,441
2020.11.14,352950,339947,5641,349
2020.11.15,353255,340304,5657,305
2020.11.16,353556,340668,5676,301
2020.11.17,353918,341104,5692,362
2020.11.18,354208,341515,5710,290
2020.11.19,354527,341956,5729,319
2020.11.20,354813,342404,5745,286
2020.11.21,355034,342882,5761,221
2020.11.22,355258,343371,5780,224
2020.11.23,355489,343816,5796,231
2020.11.24,355741,344311,5811,252
2020.11.25,356067,344787,5825,326
2020.11.26,356389,345215,5840,322
2020.11.27,356389,345215,5840,0
2020.11.28,356389,345215,5840,0
2020.11.29,356389,345215,5840,0
2020.11.30,357360,346802,5896,232
2020.12.1,357623,347176,5907,263
2020.12.2,357872,347513,5919,249
2020.12.3,358102,347881,5930,230
2020.12.4,358336,348238,5940,234
2020.12.5,358526,348562,5954,190
2020.12.6,358713,348879,5965,187
2020.12.7,358922,349168,5977,209
2020.12.8,359115,349414,5989,193
2020.12.9,359274,349624,6002,159
2020.12.10,359274,349624,6002,0
2020.12.11,359583,350108,6023,309
2020.12.12,359749,350347,6036,166
2020.12.13,359888,350549,6048,139
2020.12.14,360013,350792,6059,125
2020.12.15,360155,350993,6069,142
2020.12.16,360335,351192,6080,180
2020.12.17,360516,351365,6091,181
2020.12.18,360690,351573,6101,174
2020.12.19,360848,351722,6112,158
2020.12.20,361010,351878,6122,162
2020.12.21,361178,352089,6131,168
2020.12.22,361359,352249,6139,181
2020.12.23,361536,352418,6148,177
2020.12.24,361725,352608,6159,189
2020.12.25,361903,352815,6168,178
2020.12.26,361903,352815,6168,0
2020.12.27,362220,353179,6185,317
2020.12.28,362339,353353,6196,119
2020.12.29,362488,353512,6204,149
2020.12.30,362601,353682,6214,113
2020.12.31,362741,353853,6223,140
2021.1.1,362878,354081,6230,137
2021.1.2,362979,354263,6239,101
2021.1.3,363061,354443,6246,82
2021.1.4,363155,354609,6256,94
2021.1.5,363259,354755,6265,104
2021.1.6,363377,354899,6272,118
2021.1.7,363485,355037,6278,108
2021.1.8,363582,355208,6282,97
2021.1.9,363692,355382,6286,110
2021.1.10,363809,355548,6291,117
2021.1.11,363949,355706,6295,140
2021.1.12,364096,355857,6300,147
2021.1.13,364271,356013,6304,175
2021.1.14,364440,356201,6310,169
2021.1.15,364613,356382,6313,173
2021.1.16,364753,356541,6318,140
2021.1.17,364929,356687,6323,176
2021.1.18,365099,356848,6329,170
2021.1.19,365325,357004,6335,226
2021.1.20,365563,357177,6338,238
2021.1.21,365775,357337,6342,212
2021.1.22,365988,357525,6346,213
2021.1.23,366185,357728,6350,197
2021.1.24,366371,357939,6352,186
2021.1.25,366584,358137,6355,213
2021.1.26,366807,358340,6359,223
2021.1.27,367023,358545,6363,216
2021.1.28,367276,358753,6366,253
2021.1.29,367543,359006,6368,267
2021.1.30,367813,359299,6372,270
2021.1.31,367813,359299,6372,0
2021.2.1,368329,359839,6379,516
2021.2.2,368639,360110,6383,310
2021.2.3,368639,360110,6383,0
2021.2.4,369248,360697,6389,609
2021.2.5,369575,360954,6393,327
2021.2.6,369961,361237,6397,386
2021.2.7,370278,361515,6402,317
2021.2.8,370634,361813,6406,356
2021.2.9,370634,361813,6406,0
2021.2.10,371356,362368,6415,722
2021.2.11,371720,362642,6420,364
2021.2.12,372073,362947,6424,353
2021.2.13,372410,363303,6429,337
2021.2.14,372732,363585,6433,322
2021.2.15,373046,363926,6438,314
2021.2.16,373368,364297,6441,322
2021.2.17,373702,364646,6445,334
2021.2.18,374029,365017,6450,327
2021.2.19,374366,365363,6454,337
2021.2.20,374691,365745,6457,325
2021.2.21,375006,366094,6461,315
2021.2.22,375333,366412,6466,327
2021.2.23,375668,366735,6470,335
2021.2.24,376021,367015,6475,353
2021.2.25,376377,367323,6480,356
2021.2.26,376723,367691,6483,346
2021.2.27,377061,368011,6488,338
2021.2.28,377383,368305,6494,322
2021.3.1,377700,368640,6500,317
2021.3.2,378002,368926,6505,302
2021.3.3,378333,369277,6510,331
2021.3.4,378708,369613,6514,375
2021.3.5,379092,369922,6519,384
2021.3.6,379474,370300,6524,382
2021.3.7,379831,370614,6528,357
2021.3.8,380182,371032,6534,351
2021.3.9,380572,371338,6539,390
2021.3.10,380958,371583,6545,386
2021.3.11,381348,371850,6551,390
2021.3.12,381708,372217,6556,360
2021.3.13,382059,372456,6563,351
2021.3.14,382407,372703,6567,348
2021.3.15,382407,372703,6567,0
2021.3.16,383106,373130,6578,699
2021.3.17,383499,373361,6585,393
2021.3.18,383880,373601,6591,381
2021.3.19,383880,373601,6591,0
2021.3.20,384653,374135,6602,773
2021.3.21,385020,374412,6609,367
2021.3.22,385424,374799,6613,404
2021.3.23,385424,374799,6613,0
2021.3.24,386300,375471,6624,876
2021.3.25,386782,375831,6630,482
2021.3.26,387292,376203,6637,510
2021.3.27,387794,376558,6643,502
2021.3.28,388325,376947,6650,531
2021.3.29,388866,377304,6656,541
2021.3.30,389422,377714,6663,556
2021.3.31,390007,378083,6669,585
2021.4.1,390597,378469,6676,590
2021.4.2,391325,378873,6684,728
2021.4.3,392009,379312,6690,684
2021.4.4,392682,379816,6697,673
2021.4.5,393377,380305,6704,695
2021.4.6,393377,380305,6704,0
2021.4.7,394952,381189,6719,1575
2021.4.8,395854,381658,6728,902
2021.4.9,396758,382198,6737,904
2021.4.10,397636,382773,6747,878
2021.4.11,398435,383321,6754,799
2021.4.12,399277,384027,6765,842
2021.4.13,400228,384635,6773,951
2021.4.14,401157,385441,6781,929
2021.4.15,402142,386102,6791,985
2021.4.16,403106,387020,6801,964
2021.4.17,404054,387795,6810,948
2021.4.18,404970,388702,6823,916
2021.4.19,405940,389598,6834,970
2021.4.20,407010,390538,6846,1070
2021.4.21,408038,391362,6858,1028
