date,累计确诊,治愈,死亡,新增确诊
2020.2.22,12,4,1,0
2020.2.23,12,4,1,0
2020.2.24,12,4,1,0
2020.2.25,12,11,1,0
2020.2.26,17,11,1,5
2020.2.27,17,11,2,0
2020.2.28,38,11,2,21
2020.2.29,57,12,0,19
2020.3.1,100,12,2,43
2020.3.2,130,12,3,30
2020.3.3,191,12,3,61
2020.3.4,212,12,4,21
2020.3.5,257,12,4,45
2020.3.6,577,12,7,320
2020.3.7,653,12,10,76
2020.3.8,949,12,16,296
2020.3.9,1212,12,25,263
2020.3.10,1606,12,30,394
2020.3.11,1784,12,33,178
2020.3.12,2284,12,48,500
2020.3.13,3661,12,79,785
2020.3.14,4500,31,91,839
2020.3.15,5423,31,127,923
2020.3.16,6633,31,148,1210
2020.3.17,7730,602,175,1097
2020.3.18,9134,602,264,1404
2020.3.19,10995,1300,372,1861
2020.3.20,12612,1587,450,1617
2020.3.21,14459,1587,562,1847
2020.3.22,16018,1587,674,1559
2020.3.23,19856,1587,860,3176
2020.3.24,22302,3201,1100,2446
2020.3.25,25233,3900,1331,2933
2020.3.26,29155,4948,1696,2922
2020.3.27,32964,5700,1995,3809
2020.3.28,37575,5724,2314,4611
2020.3.29,40174,7132,2606,2599
2020.3.30,44550,7924,3024,4376
2020.3.31,52827,9513,3532,7578
2020.4.1,57749,11053,4043,4861
2020.4.2,59929,12548,4514,2116
2020.4.3,65197,14135,6520,5233
2020.4.4,90848,15572,7574,7788
2020.4.5,93755,16342,8093,2902
2020.4.6,98010,17250,8911,5171
2020.4.7,110070,19523,10343,11086
2020.4.8,113959,21452,10887,3881
2020.4.9,118781,23413,12228,4799
2020.4.10,125930,25195,13215,7120
2020.4.11,129654,26391,13832,3114
2020.4.12,132951,27186,14393,2937
2020.4.13,137875,28001,14986,4188
2020.4.14,143303,28805,15729,6524
2020.4.15,147863,30955,17167,4560
2020.4.16,165027,32812,17920,17164
2020.4.17,147969,34420,18681,1909
2020.4.18,151793,35983,19323,3824
2020.4.19,154097,37183,19744,1119
2020.4.20,155383,37409,20265,2489
2020.4.21,158050,39819,20829,2667
2020.4.22,158183,42088,21856,1827
2020.4.23,159460,42762,21889,1277
2020.4.24,159828,43493,22245,1645
2020.4.25,161488,44594,22614,1660
2020.4.26,162100,45372,22856,612
2020.4.27,165842,45681,23293,3742
2020.4.28,165911,46886,23660,2638
2020.4.29,166420,48228,24087,509
2020.4.30,167178,49476,24376,758
2020.5.1,167346,50212,24594,168
2020.5.2,168396,50562,24760,1050
2020.5.3,168693,50784,24895,168
2020.5.4,169462,51371,25201,769
2020.5.5,170551,52736,25531,1089
2020.5.6,174191,53972,25809,3640
2020.5.7,174791,55027,26230,600
2020.5.8,176079,55782,26230,1288
2020.5.9,176658,56038,26310,579
2020.5.10,176970,56217,26380,312
2020.5.11,177423,56724,26643,453
2020.5.12,178225,57785,26991,802
2020.5.13,178060,58673,27074,637
2020.5.14,178870,59605,27425,810
2020.5.15,179433,60448,27529,563
2020.5.16,179365,61066,27625,0
2020.5.17,179569,61213,28108,204
2020.5.18,179569,61213,28108,0
2020.5.19,179927,61728,28239,358
2020.5.20,180809,62563,28022,882
2020.5.21,181575,63354,28132,766
2020.5.22,181826,63858,28215,251
2020.5.23,182219,64209,28289,393
2020.5.24,182469,64547,28332,250
2020.5.25,182584,64617,28367,115
2020.5.26,182942,65199,28432,358
2020.5.27,182722,65879,28530,0
2020.5.28,182913,66584,28596,191
2020.5.29,186238,67191,28662,3325
2020.5.30,186835,67803,28714,597
2020.5.31,188625,68268,28771,1790
2020.6.1,188882,68355,28802,257
2020.6.2,189220,68440,28833,338
2020.6.3,151325,68812,28940,0
2020.6.4,151677,69455,29021,352
2020.6.5,152444,69976,29065,767
2020.6.6,153055,70504,29111,611
2020.6.7,153634,70806,29142,579
2020.6.8,153977,70842,29155,343
2020.6.9,154188,71062,29209,211
2020.6.10,154591,71506,29296,403
2020.6.11,155136,71832,29319,545
2020.6.12,155561,72149,29346,425
2020.6.13,156287,72572,29374,726
2020.6.14,156813,72808,29398,526
2020.6.15,157220,72859,29407,407
2020.6.16,157372,73044,29436,152
2020.6.17,157716,73335,29547,344
2020.6.18,158174,73667,29575,458
2020.6.19,158641,73887,29603,467
2020.6.20,159452,74117,29617,811
2020.6.21,160093,74312,29633,641
2020.6.22,160377,74372,29640,284
2020.6.23,160750,74612,29663,373
2020.6.24,161267,74871,29720,517
2020.6.25,161348,75127,29731,81
2020.6.26,161348,75351,29752,0
2020.6.27,162936,75649,29778,1588
2020.6.28,162936,75649,29778,0
2020.6.29,162936,75649,29778,0
2020.6.30,164260,75649,29813,1324
2020.7.1,164801,76274,29843,541
2020.7.2,165719,76539,29861,918
2020.7.3,166378,76802,29875,659
2020.7.4,166960,77060,29893,582
2020.7.5,166960,77060,29893,0
2020.7.6,166960,77060,29893,0
2020.7.7,168335,77308,29920,1375
2020.7.8,168810,77655,29933,475
2020.7.9,169473,77985,29965,663
2020.7.10,170094,78170,29979,621
2020.7.11,170752,78388,30004,658
2020.7.12,171421,78388,30008,669
2020.7.13,172089,78388,30011,668
2020.7.14,172377,78597,30029,288
2020.7.15,172377,78597,30029,0
2020.7.16,173304,78820,30120,927
2020.7.17,173838,79036,30138,534
2020.7.18,174674,79233,30152,836
2020.7.19,174674,79233,30152,0
2020.7.20,174674,79233,30152,0
2020.7.21,176754,79233,30177,2080
2020.7.22,177338,79734,30165,584
2020.7.23,178336,79957,30172,998
2020.7.24,179398,80472,30182,1062
2020.7.25,180528,80815,30192,1130
2020.7.26,180528,80815,30192,0
2020.7.27,180528,80815,30192,0
2020.7.28,183079,81082,30209,2551
2020.7.29,183804,81311,30223,725
2020.7.30,185196,81311,30238,1392
2020.7.31,186573,81500,30254,1377
2020.8.1,187919,81500,30265,1346
2020.8.2,187919,81500,30265,0
2020.8.3,187919,81500,30265,0
2020.8.4,191295,82166,30294,3376
2020.8.5,192334,82166,30296,1039
2020.8.6,194029,82166,30305,1695
2020.8.7,195633,82460,30312,1604
2020.8.8,197921,82836,30324,2288
2020.8.9,197921,82836,30324,0
2020.8.10,197921,82836,30324,0
2020.8.11,202775,82836,30340,4854
2020.8.12,204172,83237,30354,1397
2020.8.13,206696,83472,30371,2524
2020.8.14,209365,83472,30388,2669
2020.8.15,212211,83848,30406,2846
2020.8.16,215521,83848,30409,3310
2020.8.17,218536,83848,30410,3015
2020.8.18,219029,84065,30429,493
2020.8.19,221267,84065,30451,2238
2020.8.20,225043,84065,30468,3776
2020.8.21,229814,84065,30480,4771
2020.8.22,234400,84829,30503,4586
2020.8.23,238002,84950,30512,3602
2020.8.24,242899,84973,30513,4897
2020.8.25,244854,85199,30528,1955
2020.8.26,248158,85524,30544,3304
2020.8.27,253587,85524,30544,5429
2020.8.28,259698,85984,30576,6111
2020.8.29,267077,86177,30596,7379
2020.8.30,272530,86177,30602,5453
2020.8.31,277943,86177,30606,5413
2020.9.1,281025,86469,30635,3082
2020.9.2,286007,86712,30661,4982
2020.9.3,293024,86963,30686,7017
2020.9.4,300181,87206,30706,7157
2020.9.5,309156,87206,30724,8975
2020.9.6,317706,87447,30724,8550
2020.9.7,324777,87447,30724,7071
2020.9.8,328980,87836,30726,4203
2020.9.9,335524,88226,30764,6544
2020.9.10,344101,88524,30794,8577
2020.9.11,353944,88742,30813,9843
2020.9.12,363350,89059,30893,9406
2020.9.13,373911,89059,30910,10561
2020.9.14,381094,89059,30916,7183
2020.9.15,387252,89507,30950,6158
2020.9.16,395104,89891,30999,7852
2020.9.17,404888,90335,31045,9784
2020.9.18,415481,90840,31095,10593
2020.9.19,428696,91574,31249,13215
2020.9.20,442194,91574,31274,13498
2020.9.21,452763,91574,31285,10569
2020.9.22,458061,93008,31338,5298
2020.9.23,468069,93538,31416,10008
2020.9.24,481141,93538,31459,13072
2020.9.25,497237,94413,31511,16096
2020.9.26,513034,94891,31661,15797
2020.9.27,527446,94891,31700,14412
2020.9.28,538569,94891,31727,11123
2020.9.29,542639,95426,31808,4070
2020.9.30,550690,96327,31893,8051
2020.10.1,563535,96797,31956,12845
2020.10.2,577505,96797,32019,13970
2020.10.3,589653,97778,32155,12148
2020.10.4,606625,97778,32198,16972
2020.10.5,619190,97778,32230,12565
2020.10.6,624274,98680,32299,5084
2020.10.7,634763,99295,32365,10489
2020.10.8,653509,99793,32445,18746
2020.10.9,671638,100306,32521,18129
2020.10.10,691977,100828,32583,20339
2020.10.11,718873,100828,32637,26896
2020.10.12,734974,100828,32683,16101
2020.10.13,743479,100828,32779,8505
2020.10.14,756472,102680,32942,12993
2020.10.15,779063,103413,33037,22591
2020.10.16,809684,104082,33125,30621
2020.10.17,834770,104696,33303,25086
2020.10.18,867197,104696,33392,32427
2020.10.19,897034,104696,33477,29837
2020.10.20,910277,105935,33623,13243
2020.10.21,930745,106839,33885,20468
2020.10.22,957421,107652,34048,26676
2020.10.23,999043,108599,34210,41622
2020.10.24,1041075,109486,34508,42032
2020.10.25,1086497,109486,34645,45422
2020.10.26,1138507,110660,34761,52010
2020.10.27,1165278,111347,35018,26771
2020.10.28,1198695,112716,35541,33417
2020.10.29,1235132,113977,35785,36437
2020.10.30,1282769,115287,36020,47637
2020.10.31,1331984,116533,36565,49215
2020.11.1,1367625,117658,36788,35641
2020.11.2,1413915,118227,37019,46290
2020.11.3,1466433,119104,37435,52518
2020.11.4,1502763,120714,38289,36330
2020.11.5,1543321,122662,38674,40558
2020.11.6,1601367,124278,39037,58046
2020.11.7,1661853,126329,39865,60486
2020.11.8,1748705,127938,40169,86852
2020.11.9,1787324,128614,40439,38619
2020.11.10,1807479,129735,40987,20155
2020.11.11,1829659,131920,42207,22180
2020.11.12,1865538,133696,42535,35879
2020.11.13,1898710,134954,42960,33172
2020.11.14,1922504,137155,43892,23794
2020.11.15,1954599,139140,44246,32095
2020.11.16,1981827,139810,44548,27228
2020.11.17,1991233,140880,45054,9406
2020.11.18,2036755,143152,46273,45522
2020.11.19,2065138,145391,46698,28383
2020.11.20,2086288,147569,47127,21150
2020.11.21,2109170,149521,48265,22882
2020.11.22,2127051,149521,48518,17881
2020.11.23,2140208,149521,48732,13157
2020.11.24,2144660,152592,49232,4452
2020.11.25,2153815,154679,50237,9155
2020.11.26,2170097,156552,50618,16282
2020.11.27,2183660,158236,50957,13563
2020.11.28,2208699,161137,52127,25039
2020.11.29,2218483,161427,52325,9784
2020.12.1,2222488,162281,52731,4005
2020.12.2,2230571,164029,53506,8083
2020.12.3,2244635,165563,53816,14064
2020.12.4,2257331,166940,54140,12696
2020.12.5,2268552,168352,54767,11221
2020.12.6,2281475,169358,54981,12923
2020.12.7,2292497,169586,55155,11022
2020.12.8,2295908,170285,55521,3411
2020.12.9,2309621,171868,56352,13713
2020.12.10,2324216,173247,56648,14595
2020.12.11,2337966,174658,56940,13750
2020.12.12,2351372,175891,57567,13406
2020.12.13,2365319,175891,57761,13947
2020.12.14,2376852,176995,57911,11533
2020.12.15,2379915,177647,58282,3063
2020.12.16,2391447,179087,59072,11532
2020.12.17,2409062,180311,59361,17615
2020.12.18,2427316,181506,59619,18254
2020.12.19,2442990,182656,60229,15674
2020.12.20,2460555,183571,60418,17565
2020.12.21,2473354,183806,60549,12799
2020.12.22,2479151,184464,60900,5797
2020.12.23,2490946,186058,61702,11795
2020.12.24,2505875,187272,61978,14929
2020.12.25,2527509,188639,62268,21634
2020.12.26,2547771,189445,62427,20262
2020.12.27,2559686,189941,62746,11915
2020.12.28,2562646,190722,63109,2960
2020.12.29,2562646,190722,63109,0
2020.12.30,2574041,191806,64078,11395
2020.12.31,2600498,193045,64381,26457
2021.1.1,2620425,194221,64632,19927
2021.1.2,2639773,194221,64765,19348
2021.1.3,2643239,195174,64921,3466
2021.1.4,2655728,195174,65037,12489
2021.1.5,2659750,196037,65415,4022
2021.1.6,2680239,197503,66282,20489
2021.1.7,2705618,198756,66565,25379
2021.1.8,2727321,198756,66841,21703
2021.1.9,2747135,201286,67431,19814
2021.1.10,2767312,202165,67599,20177
2021.1.11,2783256,202429,67750,15944
2021.1.12,2786838,203072,68060,3582
2021.1.13,2806590,204390,68802,19752
2021.1.14,2830442,205672,69031,23852
2021.1.15,2851670,206802,69313,21228
2021.1.16,2872941,208071,69949,21271
2021.1.17,2894347,208071,70142,21406
2021.1.18,2910989,208071,70283,16642
2021.1.19,2914725,210200,70686,3736
2021.1.20,2938333,211816,71342,23608
2021.1.21,2965117,213242,71652,26784
2021.1.22,2987965,214538,71998,22848
2021.1.23,3011257,215822,72647,23292
2021.1.24,3035181,216725,72877,23924
2021.1.25,3053617,216965,73049,18436
2021.1.26,3057857,217708,73494,4240
2021.1.27,3079943,219152,74106,22086
2021.1.28,3106859,220570,74456,26916
2021.1.29,3130629,220570,74800,23770
2021.1.30,3153487,223174,75620,22858
2021.1.31,3177879,224120,75862,24392
2021.2.1,3197114,224406,76057,19235
2021.2.2,3201461,225319,76512,4347
2021.2.3,3224798,226896,77238,23337
2021.2.4,3251160,228472,77595,26362
2021.2.5,3274608,228472,77952,23448
2021.2.6,3296747,231549,78603,22139
2021.2.7,3317333,232693,78794,20586
2021.2.8,3337048,232977,78965,19715
2021.2.9,3341365,233993,79423,4317
2021.2.10,3360235,235717,80147,18870
2021.2.11,3385622,237113,80443,25387
2021.2.12,3406685,238753,80803,21063
2021.2.13,3427386,238753,81448,20701
2021.2.14,3448617,238753,81647,21231
2021.2.15,3465163,238753,81814,16546
2021.2.16,3469539,242528,82226,4376
2021.2.17,3489129,244238,82812,19590
2021.2.18,3514147,245737,83122,25018
2021.2.19,3536648,247127,83393,22501
2021.2.20,3560764,247127,83964,24116
2021.2.21,3583135,247127,84147,22371
2021.2.22,3605181,247127,84306,22046
2021.2.23,3609827,250532,84613,4646
2021.2.24,3629891,252083,85044,20064
2021.2.25,3661410,253450,85321,31519
2021.2.26,3686813,254868,85582,25403
2021.2.27,3712020,254868,86147,25207
2021.2.28,3736016,254868,86332,23996
2021.3.1,3755968,254868,86454,19952
2021.3.2,3760671,258384,86803,4703
2021.3.3,3783528,259893,87220,22857
2021.3.4,3810316,261289,87542,26788
2021.3.5,3835595,262690,87835,25279
2021.3.6,3859102,263919,88274,23507
2021.3.7,3882408,264909,88444,23306
2021.3.8,3904233,265295,88574,21825
2021.3.9,3909560,266096,88933,5327
2021.3.10,3932862,267539,89301,23302
2021.3.11,3963165,269019,89565,30303
2021.3.12,3990331,270433,89830,27166
2021.3.13,4015560,271678,90146,25229
2021.3.14,4045319,272615,90315,29759
2021.3.15,4071662,272960,90429,26343
2021.3.16,4078133,273771,90762,6471
2021.3.17,4108108,275360,91170,29975
2021.3.18,4146609,275360,91437,38501
2021.3.19,4181607,278263,91679,34998
2021.3.20,4181607,278263,91679,0
2021.3.21,4252022,279646,92167,70415
2021.3.22,4282603,279646,92305,30581
2021.3.23,4298395,281885,92621,15792
2021.3.24,4313073,283507,92908,14678
2021.3.25,4378446,283507,93180,65373
2021.3.26,4424087,286607,93378,45641
2021.3.27,4465956,288062,94275,41869
2021.3.28,4508575,289350,94465,42619
2021.3.29,4545589,289752,94596,37014
2021.3.30,4554683,290810,94956,9094
2021.3.31,4585385,292796,95337,30702
2021.4.1,4644423,294638,95640,59038
2021.4.2,4695082,296166,95976,50659
2021.4.3,4741759,297734,96280,46677
2021.4.4,4741759,297734,96493,0
2021.4.5,4822470,299624,96678,80711
2021.4.6,4833263,300064,96875,10793
2021.4.7,4841308,301299,97273,8045
2021.4.8,4841308,301299,97722,0
2021.4.9,4939258,303639,98065,97950
2021.4.10,4980501,303639,98395,41243
2021.4.11,5023785,303639,98602,43284
2021.4.12,5058680,309787,98750,34895
2021.4.13,5067216,310934,99135,8536
2021.4.14,5106329,313051,99480,39113
2021.4.15,5149834,4008331,99777,43505
2021.4.16,5187879,4008035,100073,38045
2021.4.17,5224321,4046205,100404,36442
2021.4.18,5260182,4081014,100593,35861
2021.4.19,5289526,4115944,100733,29344
2021.4.20,5296222,4150842,101180,6696
