date,累计确诊,治愈,死亡,新增确诊
2020.4.8,83,43,0,6
2020.4.11,86,51,0,3
2020.4.16,96,61,0,10
2020.4.19,97,69,0,1
2020.4.21,97,76,1,0
2020.4.22,107,84,1,10
2020.4.24,111,87,1,4
2020.4.27,124,91,1,13
2020.4.28,125,93,1,14
2020.4.29,126,94,1,1
2020.4.30,128,98,1,2
2020.5.5,138,111,1,5
2020.5.8,141,119,1,3
2020.5.9,144,122,1,3
2020.5.12,153,124,1,3
2020.5.15,189,124,1,2
2020.5.16,197,125,1,8
2020.5.17,197,125,1,0
2020.5.18,197,125,1,0
2020.5.19,210,131,1,13
2020.5.20,218,136,1,8
2020.5.21,237,136,1,19
2020.5.22,249,137,1,12
2020.5.23,261,141,1,12
2020.5.24,279,143,1,18
2020.5.25,328,145,1,49
2020.5.26,353,146,1,25
2020.5.27,384,146,1,31
2020.5.28,406,150,1,22
2020.5.29,436,161,1,30
2020.5.30,450,172,1,14
2020.5.31,477,185,1,27
2020.6.1,499,200,1,22
2020.6.2,517,207,1,18
2020.6.3,533,254,1,16
2020.6.4,556,296,1,23
2020.6.5,589,321,1,33
2020.6.6,639,348,1,50
2020.6.7,689,383,1,50
2020.6.8,729,400,2,40
2020.6.9,773,427,2,44
2020.6.10,773,427,2,0
2020.6.11,917,462,2,144
2020.6.12,1043,489,2,126
2020.6.13,1043,489,2,0
2020.6.14,1255,534,3,212
2020.6.15,1255,534,3,0
2020.6.16,1326,552,3,71
2020.6.17,1554,663,5,228
2020.6.18,1758,784,5,204
2020.6.19,1758,784,5,0
2020.6.20,2163,890,5,405
2020.6.21,2163,890,5,0
2020.6.22,2441,930,6,278
2020.6.23,2593,1016,8,152
2020.6.24,2593,1016,8,0
2020.6.25,2827,1056,9,234
2020.6.26,3033,1096,10,206
2020.6.27,3270,1166,11,237
2020.6.28,3461,1249,12,191
2020.6.29,3461,1249,12,0
2020.6.30,4004,1508,15,543
2020.7.1,4268,1602,16,264
2020.7.2,4444,1680,16,176
2020.7.3,4558,1777,16,114
2020.7.4,4558,1777,16,0
2020.7.5,4913,1866,16,355
2020.7.6,4913,1866,16,0
2020.7.7,5054,1984,20,141
2020.7.8,5178,2119,21,124
2020.7.9,5558,2555,22,380
2020.7.10,5558,2555,22,0
2020.7.11,5704,2785,23,146
2020.7.12,5949,2981,26,245
2020.7.13,6170,3210,29,221
2020.7.14,6170,3210,29,0
2020.7.15,6229,3472,31,59
2020.7.16,6393,3818,34,164
2020.7.17,6393,3818,34,0
2020.7.18,6509,3932,34,116
2020.7.19,6655,4272,37,146
2020.7.20,6655,4272,37,0
2020.7.21,6745,4714,38,90
2020.7.22,6851,4996,39,106
2020.7.23,6883,5277,39,32
2020.7.24,7086,5376,40,203
2020.7.25,7251,5522,41,165
2020.7.26,7332,5767,41,81
2020.7.27,7332,5767,41,0
2020.7.28,7514,6047,42,182
2020.7.29,7562,6106,43,48
2020.7.30,7647,6176,43,85
2020.7.31,7728,6270,43,81
2020.8.1,7799,6386,43,71
2020.8.2,7857,6531,43,58
2020.8.3,7857,6531,43,0
2020.8.4,7948,6767,44,91
2020.8.5,7998,6873,45,50
2020.8.6,8069,7075,47,71
2020.8.7,8127,7240,47,58
2020.8.8,8204,7320,47,77
2020.8.9,8267,7501,48,63
2020.8.10,8267,7501,48,0
2020.8.11,8324,7549,49,57
2020.8.12,8360,7632,49,36
2020.8.13,8423,7713,50,63
2020.8.14,8471,7784,51,48
2020.8.15,8549,7841,53,78
2020.8.16,8588,7893,53,39
2020.8.17,8622,7985,53,34
2020.8.18,8622,7985,53,0
2020.8.19,8657,8054,53,35
2020.8.20,8711,8112,54,54
2020.8.21,8743,8189,54,32
2020.8.22,8777,8251,55,34
2020.8.23,8797,8307,55,20
2020.8.24,8797,8307,55,0
2020.8.25,8875,8363,56,78
2020.8.26,8904,8399,56,29
2020.8.27,8936,8461,56,32
2020.8.28,8982,8508,58,46
2020.8.29,9022,8586,58,40
2020.8.30,9076,8620,58,54
2020.8.31,9076,8620,58,0
2020.9.1,9115,8654,59,39
2020.9.2,9154,8707,60,39
2020.9.3,9209,8739,61,55
2020.9.4,9276,8792,62,67
2020.9.5,9276,8792,62,0
2020.9.6,9322,8870,62,46
2020.9.7,9355,8902,62,33
2020.9.8,9355,8902,62,0
2020.9.9,9387,8946,62,32
2020.9.10,9418,8986,62,31
2020.9.11,9462,9040,63,44
2020.9.12,9494,9078,63,32
2020.9.13,9521,9132,63,27
2020.9.14,9521,9132,63,0
2020.9.15,9552,9156,63,31
2020.9.16,9578,9202,64,26
2020.9.17,9595,9235,65,17
2020.9.18,9659,9298,65,64
2020.9.19,9659,9298,65,0
2020.9.20,9692,9341,65,33
2020.9.21,9692,9341,65,0
2020.9.22,9712,9373,65,20
2020.9.23,9738,9400,65,26
2020.9.24,9762,9431,65,24
2020.9.25,9790,9456,65,28
2020.9.26,9831,9472,65,41
2020.9.27,9863,9500,65,32
2020.9.28,9895,9536,65,32
2020.9.29,9895,9536,65,0
2020.9.30,9929,9569,66,34
2020.10.1,9955,9589,66,26
2020.10.2,9966,9613,67,11
2020.10.3,9968,9637,67,2
2020.10.4,10029,9665,67,61
2020.10.5,10029,9665,67,0
2020.10.6,10070,9741,69,41
2020.10.7,10070,9741,69,0
2020.10.8,10128,9799,69,58
2020.10.9,10128,9799,69,0
2020.10.10,10144,9810,69,16
2020.10.11,10144,9834,69,0
2020.10.12,10144,9834,69,0
2020.10.13,10192,9881,69,48
2020.10.14,10192,9881,69,0
2020.10.15,10233,9894,69,41
2020.10.16,10239,9955,69,6
2020.10.17,10239,9955,69,0
2020.10.18,10243,9982,69,4
2020.10.19,10268,9995,69,25
2020.10.20,10268,9995,69,0
2020.10.21,10268,9995,69,0
2020.10.22,10295,9995,69,27
2020.10.23,10342,9995,69,47
2020.10.24,10351,9995,69,9
2020.10.25,10376,9995,69,25
2020.10.26,10376,9995,69,0
2020.10.27,10397,9995,70,21
2020.10.28,10397,9995,70,0
2020.10.29,10404,9995,70,7
2020.10.30,10425,9995,70,21
2020.10.31,10536,9995,70,111
2020.11.1,10536,9995,70,0
2020.11.2,10536,9995,70,0
2020.11.3,10567,9995,70,31
2020.11.4,10577,9995,70,10
2020.11.5,10591,9995,70,14
2020.11.6,10620,9995,70,29
2020.11.7,10647,9995,70,27
2020.11.8,10704,9995,70,57
2020.11.9,10704,9995,70,0
2020.11.10,10715,9995,70,11
2020.11.11,10729,9995,70,14
2020.11.12,10762,9995,70,33
2020.11.13,10780,9995,70,18
2020.11.14,10844,9995,70,64
2020.11.15,10844,9995,70,0
2020.11.16,10876,9995,70,32
2020.11.17,10876,9995,70,0
2020.11.18,10900,9995,70,24
2020.11.19,10930,9995,70,30
2020.11.20,10950,9995,70,20
2020.11.21,10987,9995,70,37
2020.11.22,11014,9995,70,27
2020.11.23,11014,9995,70,0
2020.11.24,11042,9995,70,28
2020.11.25,11116,9995,70,74
2020.11.26,11116,9995,70,0
2020.11.27,11138,9995,70,22
2020.11.28,11179,9995,70,41
2020.11.29,11179,9995,70,0
2020.11.30,11204,9995,70,0
2020.12.1,11204,9995,70,0
2020.12.2,11240,9995,70,36
2020.12.3,11283,9995,70,43
2020.12.4,11318,9995,70,35
2020.12.5,11334,9995,71,16
2020.12.6,11407,9995,71,73
2020.12.7,11407,9995,71,0
2020.12.8,11458,9995,71,51
2020.12.9,11513,9995,71,55
2020.12.10,11600,9995,71,87
2020.12.11,11677,9995,71,77
2020.12.12,11755,9995,71,78
2020.12.13,11800,9995,71,45
2020.12.14,11800,9995,71,0
2020.12.15,11906,9995,71,106
2020.12.16,12026,9995,71,120
2020.12.17,12163,9995,71,137
2020.12.18,12163,9995,71,0
2020.12.19,12281,9995,71,118
2020.12.20,12369,9995,71,88
2020.12.21,12369,9995,71,0
2020.12.22,12433,9995,71,64
2020.12.23,12547,9995,71,114
2020.12.24,12685,9995,71,138
2020.12.25,12685,9995,71,0
2020.12.26,12773,9995,71,88
2020.12.27,12779,9995,71,6
2020.12.28,12832,9995,71,53
2020.12.29,12896,9995,71,64
2020.12.30,13045,9995,71,149
2020.12.31,13045,9995,71,0
2021.1.1,13166,9995,71,121
2021.1.2,13288,9995,71,122
2021.1.3,13288,9995,71,0
2021.1.4,13288,9995,71,0
2021.1.5,13374,9995,72,86
2021.1.6,13497,9995,72,123
2021.1.7,13632,9995,73,135
2021.1.8,13825,9995,73,193
2021.1.9,13970,9995,74,145
2021.1.10,14113,9995,74,143
2021.1.11,14113,9995,74,0
2021.1.12,14221,9995,74,108
2021.1.13,14370,9995,74,149
2021.1.14,14526,9995,74,156
2021.1.15,14654,9995,74,128
2021.1.16,14654,9995,74,0
2021.1.17,14654,9995,74,0
2021.1.18,14975,9995,74,321
2021.1.19,15055,9995,76,80
2021.1.20,15187,9995,76,132
2021.1.21,15311,9995,76,124
2021.1.22,15431,9995,76,120
2021.1.23,15560,9995,76,129
2021.1.24,15664,9995,76,104
2021.1.25,15664,9995,76,0
2021.1.26,15702,9995,76,38
2021.1.27,15857,9995,76,155
2021.1.28,15932,9995,76,75
2021.1.29,15932,9995,76,0
2021.1.30,16028,9995,76,96
2021.1.31,16083,9995,76,55
2021.2.1,16083,9995,76,0
2021.2.2,16134,9995,76,51
2021.2.3,16185,9995,77,51
2021.2.4,16218,9995,78,33
2021.2.5,16264,9995,79,46
2021.2.6,16296,9995,79,32
2021.2.7,16296,9995,79,0
2021.2.8,16296,9995,79,0
2021.2.9,16296,9995,79,0
2021.2.10,16296,9995,79,0
2021.2.11,16296,9995,79,0
2021.2.12,16296,9995,79,0
2021.2.13,16456,9995,80,160
2021.2.14,16456,9995,80,0
2021.2.15,16456,9995,80,0
2021.2.16,16456,9995,80,0
2021.2.17,16456,9995,80,0
2021.2.18,16456,9995,80,0
2021.2.19,16456,9995,80,0
2021.2.20,16529,9995,83,73
2021.2.21,16529,9995,83,0
2021.2.22,16529,9995,83,0
2021.2.23,16529,9995,83,0
2021.2.24,16529,9995,83,0
2021.2.25,16529,9995,83,0
2021.2.26,16529,9995,83,0
2021.2.27,16627,9995,85,98
2021.2.28,16627,9995,85,0
2021.3.1,16627,9995,85,0
2021.3.2,16627,9995,85,0
2021.3.3,16627,9995,85,0
2021.3.4,16627,9995,85,0
2021.3.5,16627,9995,85,0
2021.3.6,16693,9995,87,66
2021.3.7,16693,9995,87,0
2021.3.8,16693,9995,87,0
2021.3.9,16693,9995,87,0
2021.3.10,16693,9995,87,0
2021.3.11,16693,9995,87,0
2021.3.12,16693,9995,87,0
2021.3.13,16764,9995,87,71
2021.3.14,16764,9995,87,0
2021.3.15,16764,9995,87,0
2021.3.16,16764,9995,87,0
2021.3.17,16764,9995,87,0
2021.3.18,16764,9995,87,0
2021.3.19,16764,9995,87,0
2021.3.20,16764,9995,87,0
2021.3.21,16764,9995,87,0
2021.3.22,16764,9995,87,0
2021.3.23,16764,9995,87,0
2021.3.24,16764,9995,87,0
2021.3.25,16922,9995,89,158
2021.3.26,16922,9995,89,0
2021.3.27,16922,9995,89,0
2021.3.28,16922,9995,89,0
2021.3.29,16922,9995,89,0
2021.3.30,16922,9995,89,0
2021.3.31,16922,9995,89,0
2021.4.1,17132,9995,93,210
2021.4.2,17132,9995,93,0
2021.4.3,17132,9995,93,0
2021.4.4,17132,9995,93,0
2021.4.5,17132,9995,93,0
2021.4.6,17132,9995,93,0
2021.4.7,17318,9995,94,186
2021.4.8,17318,9995,94,0
2021.4.9,17441,9995,94,123
2021.4.10,17549,9995,94,108
2021.4.11,17549,9995,94,0
2021.4.12,17549,9995,94,0
2021.4.13,17706,9995,94,157
2021.4.14,17806,9995,95,100
2021.4.15,17883,9995,95,77
2021.4.16,17965,9995,95,82
2021.4.17,18081,9995,95,116
2021.4.18,18081,9995,95,0
2021.4.19,18081,9995,95,0
2021.4.20,18261,9995,96,180
2021.4.21,18261,9995,96,0
