date,累计确诊,治愈,死亡,新增确诊
2020.4.7,794,77,33,90
2020.4.8,804,79,34,32
2020.4.9,846,101,35,40
2020.4.10,886,129,36,27
2020.4.11,937,139,37,36
2020.4.12,1009,193,39,63
2020.4.13,1037,206,39,28
2020.4.14,1110,253,41,27
2020.4.15,1155,269,43,45
2020.4.16,1199,320,46,32
2020.4.17,1214,320,46,15
2020.4.18,1285,347,48,17
2020.4.19,1309,381,49,24
2020.4.20,1342,437,51,33
2020.4.21,1368,460,53,26
2020.4.22,1413,485,54,45
2020.4.23,1421,538,55,8
2020.4.24,1486,592,57,65
2020.4.25,1516,624,59,30
2020.4.26,1565,659,60,49
2020.4.27,1585,682,63,20
2020.4.28,1677,710,65,92
2020.4.29,1757,727,69,80
2020.4.30,1781,755,70,24
2020.5.1,1839,779,72,58
2020.5.2,1857,825,77,18
2020.5.3,1926,855,78,69
2020.5.4,1946,911,79,20
2020.5.5,1987,928,86,41
2020.5.6,2027,954,90,40
2020.5.7,2070,960,98,43
2020.5.8,2090,1059,102,20
2020.5.9,2117,1106,107,27
2020.5.10,2141,1114,113,27
2020.5.11,2158,1168,117,1
2020.5.12,2181,1228,120,23
2020.5.13,2218,1272,122,37
2020.5.14,2236,1336,128,18
2020.5.15,2267,1355,129,31
2020.5.16,2290,1436,133,23
2020.5.17,2304,1464,133,14
2020.5.18,2304,1464,133,14
2020.5.19,2321,1522,134,17
2020.5.20,2338,1557,136,17
2020.5.21,2350,1596,140,12
2020.5.22,2372,1614,141,22
2020.5.23,2391,1662,141,19
2020.5.24,2401,1680,144,10
2020.5.25,2406,1696,146,5
2020.5.26,2416,1721,149,10
2020.5.27,2435,1744,151,19
2020.5.28,2462,1781,153,27
2020.5.29,2485,1803,153,23
2020.5.30,2494,1831,153,9
2020.5.31,2510,1862,153,16
2020.6.1,2524,1888,154,14
2020.6.2,2535,1910,157,11
2020.6.3,2551,1939,157,16
2020.6.4,2594,1951,159,43
2020.6.5,2606,1968,159,12
2020.6.6,2606,1968,159,0
2020.6.7,2606,1968,159,0
2020.6.8,2704,2023,160,98
2020.6.9,2728,2049,160,24
2020.6.10,2775,2063,161,47
2020.6.11,2832,2100,161,57
2020.6.12,2893,2119,163,61
2020.6.13,2893,2119,163,0
2020.6.14,2893,2119,163,0
2020.6.15,3040,2162,165,147
2020.6.16,3085,2178,168,45
2020.6.17,3141,2197,168,56
2020.6.18,3174,2219,168,33
2020.6.19,3273,2241,169,99
2020.6.20,3273,2241,169,0
2020.6.21,3273,2241,169,0
2020.6.22,3525,2270,171,252
2020.6.23,3588,2285,172,63
2020.6.24,3676,2297,173,88
2020.6.25,3796,2322,175,120
2020.6.26,3935,2338,178,139
2020.6.27,3935,2338,178,0
2020.6.28,3935,2338,178,0
2020.6.29,4325,2366,184,390
2020.6.30,4453,2402,186,128
2020.7.1,4606,2432,188,153
2020.7.2,4788,2515,189,182
2020.7.3,4962,2550,191,174
2020.7.4,4962,2550,191,0
2020.7.5,4962,2550,191,0
2020.7.6,5458,2598,199,496
2020.7.7,5621,2693,207,163
2020.7.8,5869,2769,209,248
2020.7.9,6086,2815,214,217
2020.7.10,6402,3037,216,316
2020.7.11,6719,3078,219,317
2020.7.12,6877,3115,221,158
2020.7.13,6981,3179,226,104
2020.7.14,6981,3179,226,0
2020.7.15,7411,3335,235,430
2020.7.16,7681,3534,240,270
2020.7.17,7908,3612,245,227
2020.7.18,8161,3648,246,253
2020.7.19,8340,3669,249,179
2020.7.20,8479,3755,255,139
2020.7.21,8787,4003,264,308
2020.7.22,9115,4159,268,328
2020.7.23,9462,4367,274,347
2020.7.24,9767,4555,280,305
2020.7.25,9767,4555,280,0
2020.7.26,9767,4555,280,0
2020.7.27,10498,4930,294,731
2020.7.28,10766,5220,297,268
2020.7.29,11127,5441,316,361
2020.7.30,11444,5586,328,317
2020.7.31,11876,5959,339,432
2020.8.1,11876,5959,339,0
2020.8.2,12296,6312,352,420
2020.8.3,12462,6359,362,166
2020.8.4,12856,6592,373,394
2020.8.5,13138,6839,379,282
2020.8.6,13396,7042,384,258
2020.8.7,13687,7373,394,291
2020.8.8,13687,7373,394,0
2020.8.9,13687,7373,394,0
2020.8.10,13687,7373,394,0
2020.8.11,14708,8411,447,1021
2020.8.12,14961,8827,453,253
2020.8.13,15184,9156,458,223
2020.8.14,15535,9344,469,351
2020.8.15,15535,9344,469,0
2020.8.16,15801,9619,471,266
2020.8.17,16111,9856,486,310
2020.8.18,16351,10279,495,240
2020.8.19,16691,10711,507,340
2020.8.20,17029,10881,515,338
2020.8.21,17396,11157,526,367
2020.8.22,17715,11329,532,319
2020.8.23,17715,11329,532,0
2020.8.24,18029,11861,547,314
2020.8.25,18326,12081,560,297
2020.8.26,18609,12336,571,283
2020.8.27,18920,12480,582,311
2020.8.28,19214,12733,591,294
2020.8.29,19550,12858,594,336
2020.8.30,19793,12961,598,243
2020.8.31,19964,13095,609,171
2020.9.1,20234,13435,620,270
2020.9.2,20517,13626,627,283
2020.9.3,20804,14120,636,287
2020.9.4,20804,14120,636,0
2020.9.5,21439,14636,651,635
2020.9.6,21560,14709,655,121
2020.9.7,21660,14830,664,100
2020.9.8,21961,15172,669,301
2020.9.9,22258,15208,675,297
2020.9.10,22544,15273,680,286
2020.9.11,22834,15672,686,290
2020.9.12,23138,15922,690,304
2020.9.13,23465,16038,696,327
2020.9.14,23635,16166,705,170
2020.9.15,23929,16701,725,294
2020.9.16,24211,16990,736,282
2020.9.17,24605,17219,747,394
2020.9.18,24897,17365,752,292
2020.9.19,25217,17489,758,320
2020.9.20,25428,17878,763,211
2020.9.21,25521,18109,770,93
2020.9.22,25737,18359,778,216
2020.9.23,26081,18634,790,344
2020.9.24,26316,19142,802,235
2020.9.25,26564,19507,808,248
2020.9.26,26797,19746,820,233
2020.9.27,26920,19746,822,123
2020.9.28,27001,20005,829,81
2020.9.29,27226,20322,843,225
2020.9.30,27469,20616,856,243
2020.10.1,27749,20947,861,280
2020.10.2,27975,21108,871,226
2020.10.3,27975,21108,871,0
2020.10.4,28354,21859,879,379
2020.10.5,28449,22032,888,95
2020.10.6,28710,22274,903,261
2020.10.7,29075,22614,908,365
2020.10.8,29528,22939,913,453
2020.10.9,29917,23241,926,389
2020.10.10,30345,23370,927,428
2020.10.11,30647,23461,928,302
2020.10.12,30837,23587,936,190
2020.10.13,31173,23777,947,336
2020.10.14,31655,24074,958,482
2020.10.15,32224,24356,972,569
2020.10.16,32845,24603,980,621
2020.10.17,33561,24773,981,716
2020.10.18,34112,24995,984,551
2020.10.19,34661,25442,997,549
2020.10.20,35389,25560,1017,728
2020.10.21,36315,25779,1031,926
2020.10.22,37314,25989,1051,999
2020.10.23,38493,26260,1065,1179
2020.10.24,39758,26368,1075,1265
2020.10.25,39758,26368,1075,0
2020.10.26,41596,26542,1104,1838
2020.10.27,43151,26903,1125,1555
2020.10.28,44737,27087,1161,1586
2020.10.29,46639,27580,1182,1902
2020.10.30,48137,27870,1212,1498
2020.10.31,50090,28083,1234,1953
2020.11.1,51505,28194,1248,1415
2020.11.2,52269,28567,1280,764
2020.11.3,53822,29156,1317,1553
2020.11.4,55598,29389,1358,1776
2020.11.5,57506,29689,1402,1908
2020.11.6,59427,29970,1457,1921
2020.11.7,61212,30654,1490,1785
2020.11.8,62423,30939,1510,1211
2020.11.9,63419,31222,1583,996
2020.11.10,65024,32261,1629,1605
2020.11.11,66565,32769,1701,1541
2020.11.12,68293,33690,1750,1728
2020.11.13,69625,34491,1808,1332
2020.11.14,70900,35361,1857,1275
2020.11.15,71956,35606,1889,1056
2020.11.16,72689,36473,1973,733
2020.11.17,73944,38660,2042,1255
2020.11.18,75577,39886,2089,1633
2020.11.19,76757,41031,2153,1180
2020.11.20,77994,42916,2209,1237
2020.11.21,79309,43793,2246,1315
2020.11.22,80006,44416,2276,697
2020.11.23,80553,45760,2342,547
2020.11.24,81739,47525,2394,1186
2020.11.25,83328,48210,2429,1589
2020.11.26,84252,48780,2480,924
2020.11.27,85431,50001,2542,1179
2020.11.28,86710,51068,2576,1279
2020.11.29,87374,51479,2620,664
2020.11.30,87901,52769,2681,527
2020.12.1,87901,52769,2681,0
2020.12.2,90378,54967,2773,2477
2020.12.3,91539,56050,2812,1161
2020.12.4,92793,57545,2865,1254
2020.12.5,93768,58034,2922,975
2020.12.6,94507,58625,2952,739
2020.12.7,94944,59488,3012,437
2020.12.8,96021,60210,3081,1077
2020.12.9,97317,61322,3151,1296
2020.12.10,97317,61322,3151,0
2020.12.11,99543,63733,3250,2226
2020.12.12,99543,63733,3250,0
2020.12.13,101117,65758,3336,1574
2020.12.14,101461,66486,3391,344
2020.12.15,102330,67649,3457,869
2020.12.16,103232,68245,3511,902
2020.12.17,104087,69495,3549,855
2020.12.18,104087,69495,3549,0
2020.12.19,105524,70620,3625,1437
2020.12.20,105524,70620,3625,0
2020.12.21,106222,71548,3706,698
2020.12.22,106222,71548,3706,0
2020.12.23,107570,73149,3838,1348
2020.12.24,108298,73896,3878,728
2020.12.25,108891,74667,3901,593
2020.12.26,108891,74667,3901,0
2020.12.27,109691,75717,3953,800
2020.12.28,109911,76121,3942,220
2020.12.29,110454,76802,4024,543
2020.12.30,110985,77225,4050,531
2020.12.31,110985,77225,4050,0
2021.1.1,110985,77225,4050,0
2021.1.2,112143,77682,4086,1158
2021.1.3,112143,77682,4086,0
2021.1.4,112645,77891,4131,502
2021.1.5,113392,79465,4211,747
2021.1.6,113392,79465,4211,0
2021.1.7,113392,79465,4211,0
2021.1.8,114920,80868,4285,1528
2021.1.9,114920,80868,4285,0
2021.1.10,115633,81625,4330,713
2021.1.11,115633,81625,4330,0
2021.1.12,116200,82822,4373,567
2021.1.13,116200,82822,4373,0
2021.1.14,116668,83662,4399,468
2021.1.15,117011,84650,4411,343
2021.1.16,117011,84650,4411,0
2021.1.17,117011,84650,4411,0
2021.1.18,118083,86505,4486,1072
2021.1.19,118383,88071,4509,300
2021.1.20,118383,88071,4509,0
2021.1.21,119206,89882,4536,823
2021.1.22,119420,90691,4555,214
2021.1.23,119420,90691,4555,0
2021.1.24,119420,90691,4555,0
2021.1.25,120143,92605,4593,723
2021.1.26,120143,92605,4593,0
2021.1.27,120864,93657,4643,721
2021.1.28,120864,93657,4643,0
2021.1.29,121194,94072,4659,330
2021.1.30,121497,94604,4679,303
2021.1.31,121497,94604,4679,0
2021.2.1,122199,95180,4724,702
2021.2.2,122461,95569,4737,262
2021.2.3,122828,96096,4745,367
2021.2.4,122828,96096,4745,0
2021.2.5,122828,96096,4745,0
2021.2.6,123434,97128,4775,606
2021.2.7,123434,97128,4775,0
2021.2.8,124101,98470,4813,667
2021.2.9,124443,99669,4834,342
2021.2.10,124696,100640,4853,253
2021.2.11,125123,102339,4868,427
2021.2.12,125402,104135,4881,279
2021.2.13,125402,104135,4881,0
2021.2.14,125402,104135,4881,0
2021.2.15,126139,105140,4916,737
2021.2.16,126413,106831,4935,274
2021.2.17,126781,109274,4949,368
2021.2.18,127135,110752,4962,354
2021.2.19,127537,111991,4979,402
2021.2.20,127537,111991,4979,0
2021.2.21,127537,111991,4979,0
2021.2.22,128661,112879,5016,1124
2021.2.23,129176,113688,5034,515
2021.2.24,129753,114361,5051,577
2021.2.25,130510,114995,5062,757
2021.2.26,130979,115847,5071,469
2021.2.27,130979,115847,5071,0
2021.2.28,130979,115847,5071,0
2021.3.1,130979,115847,5071,0
2021.3.2,133088,116821,5145,2109
2021.3.3,133982,117396,5174,894
2021.3.4,133982,117396,5174,0
2021.3.5,134892,117643,5200,910
2021.3.6,135513,117885,5228,621
2021.3.7,135513,117885,5228,0
2021.3.8,137291,118720,5297,1778
2021.3.9,137291,118720,5297,0
2021.3.10,139652,119336,5382,2361
2021.3.11,140990,119904,5410,1338
2021.3.12,142160,120158,5446,1170
2021.3.13,142160,120158,5446,0
2021.3.14,142160,120158,5446,0
2021.3.15,144831,121441,5584,2671
2021.3.16,146437,122107,5637,1606
2021.3.17,148163,122680,5672,1726
2021.3.18,149891,122680,5729,1728
2021.3.19,151337,123653,5773,1446
2021.3.20,151337,123653,5773,0
2021.3.21,151337,123653,5773,0
2021.3.22,151337,123653,5773,0
2021.3.23,156346,126237,6005,5009
2021.3.24,156346,126237,6005,0
2021.3.25,160163,127799,6144,3817
2021.3.26,162032,128241,6220,1869
2021.3.27,162032,128241,6220,0
2021.3.28,162032,128241,6220,0
2021.3.29,165787,128980,6427,3755
2021.3.30,167654,129918,6519,1867
2021.3.31,169626,130492,6599,1972
2021.4.1,171324,131166,6675,1698
2021.4.2,173478,131726,6763,2154
2021.4.3,173478,131726,6763,0
2021.4.4,173478,131726,6763,0
2021.4.5,176413,133262,6953,2935
2021.4.6,177506,134700,7052,1093
2021.4.7,179248,137242,7132,1742
2021.4.8,180831,138294,7216,1583
2021.4.9,181927,139419,7298,1096
2021.4.10,181927,139419,7298,0
2021.4.11,181927,139419,7298,0
2021.4.12,184698,141602,7487,2771
2021.4.13,184698,141602,7487,0
2021.4.14,186372,143944,7642,1674
2021.4.15,187715,144932,7702,1343
2021.4.16,188994,145863,7788,1279
2021.4.17,188994,145863,7788,0
2021.4.18,188994,145863,7788,0
2021.4.19,191154,148146,7938,2160
2021.4.20,191154,148146,7938,0
