date,累计确诊,治愈,死亡,新增确诊
2020.4.8,2423,940,32,54
2020.4.9,2473,940,33,50
2020.4.10,2518,1013,35,45
2020.4.11,2551,1218,38,33
2020.4.12,2579,1288,40,28
2020.4.13,2613,1405,41,34
2020.4.14,2643,1497,43,30
2020.4.15,2672,1593,46,29
2020.4.16,2700,1689,47,28
2020.4.17,2733,1787,47,33
2020.4.18,2765,1928,47,32
2020.4.19,2792,1999,47,27
2020.4.20,2811,2108,48,19
2020.4.21,2826,2352,49,15
2020.4.22,2839,2430,50,13
2020.4.23,2854,2490,50,15
2020.4.24,2907,2547,51,53
2020.4.25,2922,2594,51,15
2020.4.26,2931,2609,52,9
2020.4.27,2938,2652,54,7
2020.4.28,2947,2665,54,9
2020.4.29,2954,2687,54,7
2020.4.30,2960,2719,54,6
2020.5.1,2966,2732,54,6
2020.5.2,2969,2739,54,3
2020.5.4,2988,2747,54,1
2020.5.5,2989,2761,55,1
2020.5.6,2992,2772,55,3
2020.5.7,3000,2784,55,8
2020.5.8,3004,2787,56,4
2020.5.12,3017,2844,56,2
2020.5.13,3018,2850,56,1
2020.5.16,3025,2855,56,0
2020.5.17,3028,2856,56,3
2020.5.18,3031,2857,56,3
2020.5.19,3033,2857,56,2
2020.5.20,3034,2888,56,1
2020.5.21,3037,2897,56,3
2020.5.22,3037,2910,56,0
2020.5.23,3040,2916,56,3
2020.5.24,3040,2921,56,0
2020.5.25,3042,2928,57,2
2020.5.26,3045,2929,57,3
2020.5.27,3054,2931,57,9
2020.5.28,3065,2945,57,11
2020.5.29,3076,2945,57,11
2020.5.30,3077,2961,57,1
2020.5.31,3081,2963,57,4
2020.6.1,3082,2965,57,1
2020.6.2,3083,2966,58,1
2020.6.3,3084,2968,58,1
2020.6.4,3101,2968,58,17
2020.6.5,3102,2971,58,1
2020.6.6,3104,2971,58,2
2020.6.7,3112,2972,58,8
2020.6.8,3119,2973,58,7
2020.6.9,3121,2973,58,2
2020.6.10,3125,2981,58,4
2020.6.11,3125,2987,58,0
2020.6.12,3129,2987,58,4
2020.6.13,3134,2987,58,5
2020.6.14,3135,2987,58,1
2020.6.15,3135,2987,58,0
2020.6.16,3135,2993,58,0
2020.6.17,3135,2996,58,0
2020.6.18,3141,2997,58,6
2020.6.19,3146,3008,58,5
2020.6.20,3147,3018,58,1
2020.6.21,3148,3018,58,1
2020.6.22,3151,3022,58,3
2020.6.23,3156,3023,58,5
2020.6.24,3157,3026,58,1
2020.6.25,3158,3038,58,1
2020.6.26,3162,3040,58,4
2020.6.27,3162,3053,58,0
2020.6.28,3162,3053,58,0
2020.6.29,3169,3053,58,7
2020.6.30,3171,3056,58,2
2020.7.1,3173,3059,58,2
2020.7.2,3179,3059,58,6
2020.7.3,3180,3066,58,1
2020.7.4,3185,3066,58,5
2020.7.5,3190,3071,58,5
2020.7.6,3195,3072,58,5
2020.7.7,3195,3072,58,0
2020.7.8,3197,3074,58,2
2020.7.9,3202,3085,58,5
2020.7.10,3202,3087,58,0
2020.7.11,3216,3088,58,14
2020.7.12,3217,3088,58,1
2020.7.13,3220,3090,58,3
2020.7.14,3227,3091,58,7
2020.7.15,3232,3092,58,5
2020.7.16,3236,3095,58,4
2020.7.17,3239,3096,58,3
2020.7.18,3246,3096,58,7
2020.7.19,3249,3096,58,3
2020.7.20,3250,3096,58,1
2020.7.21,3255,3105,58,5
2020.7.22,3261,3105,58,6
2020.7.23,3269,3105,58,8
2020.7.24,3279,3107,58,10
2020.7.25,3282,3109,58,3
2020.7.26,3291,3109,58,9
2020.7.27,3295,3111,58,4
2020.7.28,3297,3111,58,2
2020.7.29,3298,3111,58,1
2020.7.30,3304,3111,58,6
2020.7.31,3310,3125,58,6
2020.8.1,3312,3135,58,2
2020.8.2,3317,3142,58,5
2020.8.3,3320,3142,58,3
2020.8.4,3321,3142,58,1
2020.8.5,3328,3144,58,7
2020.8.6,3330,3148,58,2
2020.8.7,3345,3148,58,15
2020.8.8,3348,3150,58,3
2020.8.9,3351,3151,58,3
2020.8.10,3351,3160,58,0
2020.8.11,3351,3163,58,0
2020.8.12,3356,3169,58,5
2020.8.13,3359,3169,58,3
2020.8.14,3376,3173,58,17
2020.8.15,3376,3193,58,0
2020.8.16,3377,3194,58,1
2020.8.17,3378,3194,58,1
2020.8.18,3381,3198,58,3
2020.8.19,3382,3199,58,1
2020.8.20,3389,3218,58,7
2020.8.21,3390,3219,58,1
2020.8.22,3390,3220,58,0
2020.8.23,3395,3221,58,5
2020.8.24,3397,3222,58,2
2020.8.25,3402,3229,58,5
2020.8.26,3403,3237,58,1
2020.8.27,3404,3237,58,1
2020.8.28,3410,3237,58,6
2020.8.29,3411,3242,58,1
2020.8.30,3411,3252,58,0
2020.8.31,3412,3252,58,1
2020.9.1,3417,3274,58,5
2020.9.2,3425,3274,58,8
2020.9.3,3427,3277,58,2
2020.9.4,3431,3277,58,4
2020.9.5,3438,3279,58,7
2020.9.6,3444,3281,58,6
2020.9.7,3445,3281,58,1
2020.9.8,3446,3284,58,1
2020.9.9,3447,3286,58,1
2020.9.10,3454,3310,58,7
2020.9.11,3461,3312,58,7
2020.9.12,3466,3312,58,5
2020.9.13,3473,3312,58,7
2020.9.14,3475,3312,58,2
2020.9.15,3480,3315,58,5
2020.9.16,3490,3316,58,10
2020.9.17,3490,3325,58,0
2020.9.18,3497,3328,58,7
2020.9.19,3500,3338,59,3
2020.9.20,3506,3340,59,6
2020.9.21,3506,3342,59,0
2020.9.22,3511,3343,59,5
2020.9.23,3514,3345,59,3
2020.9.24,3516,3353,59,2
2020.9.25,3519,3360,59,3
2020.9.26,3522,3362,59,3
2020.9.27,3523,3367,59,1
2020.9.28,3545,3369,59,22
2020.9.29,3559,3370,59,14
2020.9.30,3564,3374,59,5
2020.10.1,3569,3379,59,5
2020.10.2,3575,3384,59,6
2020.10.3,3583,3386,59,8
2020.10.4,3585,3388,59,2
2020.10.5,3590,3390,59,5
2020.10.6,3600,3390,59,10
2020.10.7,3615,3391,59,15
2020.10.8,3622,3439,59,7
2020.10.9,3628,3441,59,6
2020.10.10,3634,3445,59,6
2020.10.11,3636,3451,59,2
2020.10.12,3641,3454,59,5
2020.10.13,3643,3457,59,2
2020.10.14,3652,3457,59,9
2020.10.15,3665,3463,59,13
2020.10.16,3669,3467,59,4
2020.10.17,3679,3478,59,10
2020.10.18,3686,3481,59,7
2020.10.19,3691,3488,59,5
2020.10.20,3700,3491,59,9
2020.10.21,3709,3495,59,9
2020.10.22,3719,3514,59,10
2020.10.23,3727,3518,59,8
2020.10.24,3731,3529,59,4
2020.10.25,3736,3530,59,5
2020.10.26,3743,3543,59,7
2020.10.27,3746,3551,59,3
2020.10.28,3759,3561,59,13
2020.10.29,3763,3570,59,4
2020.10.30,3775,3585,59,12
2020.10.31,3780,3590,59,5
2020.11.1,3784,3592,59,4
2020.11.2,3787,3595,59,3
2020.11.3,3797,3605,59,10
2020.11.4,3804,3612,59,7
2020.11.5,3810,3623,59,6
2020.11.6,3818,3639,60,8
2020.11.7,3830,3644,60,12
2020.11.8,3837,3654,60,7
2020.11.9,3840,3661,60,3
2020.11.10,3844,3670,60,4
2020.11.11,3847,3685,60,3
2020.11.12,3852,3693,60,5
2020.11.13,3861,3697,60,9
2020.11.14,3866,3707,60,5
2020.11.15,3874,3715,60,8
2020.11.16,3875,3721,60,1
2020.11.17,3878,3724,60,3
2020.11.18,3880,3729,60,2
2020.11.19,3888,3742,60,8
2020.11.20,3892,3745,60,4
2020.11.21,3902,3756,60,10
2020.11.22,3913,3761,60,11
2020.11.23,3920,3766,60,7
2020.11.24,3922,3772,60,2
2020.11.25,3926,3780,60,4
2020.11.26,3942,3788,60,16
2020.11.27,3961,3790,60,19
2020.11.28,3966,3798,60,5
2020.11.29,3977,3800,60,11
2020.11.30,4008,3811,60,21
2020.12.1,4008,3811,60,0
2020.12.2,4026,3822,60,18
2020.12.3,4039,3832,60,13
2020.12.4,4053,3839,60,14
2020.12.5,4072,3848,60,19
2020.12.6,4086,3853,60,14
2020.12.7,4107,3868,60,21
2020.12.8,4126,3874,60,19
2020.12.9,4151,3880,60,25
2020.12.10,4169,3888,60,18
2020.12.11,4180,3903,60,11
2020.12.12,4192,3915,60,12
2020.12.13,4209,3923,60,17
2020.12.14,4237,3940,60,28
2020.12.15,4246,3949,60,9
2020.12.16,4261,3977,60,15
2020.12.17,4281,3989,60,20
2020.12.18,4297,4005,60,16
2020.12.19,4331,4024,60,34
2020.12.20,4907,4041,60,576
2020.12.21,5289,4053,60,382
2020.12.22,5716,4078,60,427
2020.12.23,5762,4095,60,46
2020.12.24,5829,4116,60,67
2020.12.25,5910,4130,60,81
2020.12.26,6020,4152,60,110
2020.12.27,6285,4180,60,265
2020.12.28,6285,4180,60,0
2020.12.29,6440,4184,61,155
2020.12.30,6690,4212,61,250
2020.12.31,6884,4240,61,194
2021.1.1,7163,4273,63,279
2021.1.2,7379,4299,64,216
2021.1.3,7694,4337,64,315
2021.1.4,8439,4352,65,745
2021.1.5,8966,4397,65,527
2021.1.6,9331,4418,66,365
2021.1.7,9636,4521,67,305
2021.1.8,9841,5255,67,205
2021.1.9,10053,5546,67,212
2021.1.10,10298,6428,67,245
2021.1.11,10547,6566,67,249
2021.1.12,10834,6732,67,287
2021.1.13,10991,6943,67,157
2021.1.14,11262,7660,69,271
2021.1.15,11450,8288,69,188
2021.1.16,11680,8906,70,230
2021.1.17,12054,9015,70,374
2021.1.18,12423,9206,70,369
2021.1.19,12594,9356,70,171
2021.1.20,12653,9621,71,59
2021.1.21,12795,9842,71,142
2021.1.22,13104,10224,71,309
2021.1.23,13302,10448,72,198
2021.1.24,13500,10567,73,198
2021.1.25,13687,10662,75,187
2021.1.26,14646,10892,75,959
2021.1.27,15465,11054,76,819
2021.1.28,16221,11287,76,756
2021.1.29,17023,11396,76,802
2021.1.30,17953,11505,77,930
2021.1.31,18782,11615,77,829
2021.2.1,19618,12514,77,836
2021.2.2,20454,13217,79,836
2021.2.3,21249,14001,79,795
2021.2.4,22058,14798,79,809
2021.2.5,22644,15331,79,586
2021.2.6,23134,16274,79,490
2021.2.7,23371,16942,79,237
2021.2.8,23557,17410,79,186
2021.2.9,23746,18366,79,189
2021.2.10,23903,18914,80,157
2021.2.11,24104,19799,80,201
2021.2.12,24279,20210,80,175
2021.2.13,24405,21180,80,126
2021.2.14,24571,22111,80,166
2021.2.15,24714,22883,82,143
2021.2.16,24786,23563,82,72
2021.2.17,24961,23697,82,175
2021.2.18,25111,23946,82,150
2021.2.19,25241,24070,83,130
2021.2.20,25323,24129,83,82
2021.2.21,25415,24285,83,92
2021.2.22,25504,24361,83,89
2021.2.23,25599,24446,83,95
2021.2.24,25692,24542,83,93
2021.2.25,25764,24734,83,72
2021.2.26,25809,24952,83,45
2021.2.27,25881,25022,83,72
2021.2.28,25951,25128,83,70
2021.3.1,26031,25324,83,80
2021.3.2,26073,25420,84,42
2021.3.3,26108,25483,84,35
2021.3.4,26162,25562,85,54
2021.3.5,26241,25641,85,79
2021.3.6,26305,25686,85,64
2021.3.7,26370,25744,85,65
2021.3.8,26441,25777,85,71
2021.3.9,26501,25851,85,60
2021.3.10,26540,25946,85,39
2021.3.11,26598,26000,85,58
2021.3.12,26679,26056,85,81
2021.3.13,26757,26086,86,78
2021.3.14,26927,26154,86,170
2021.3.15,27005,26154,87,78
2021.3.16,27154,26299,87,149
2021.3.17,27402,26339,88,248
2021.3.18,27494,26377,89,92
2021.3.19,27594,26450,90,100
2021.3.20,27713,26512,90,119
2021.3.21,27803,26598,90,90
2021.3.22,27876,26663,91,73
2021.3.23,28277,26766,92,401
2021.3.24,28346,26873,92,69
2021.3.25,28443,26946,92,97
2021.3.26,28577,27032,92,134
2021.3.27,28657,27136,93,80
2021.3.28,28734,27239,94,77
2021.3.29,28773,27313,94,39
2021.3.30,28821,27379,94,48
2021.3.31,28863,27426,94,42
2021.4.1,28889,27548,94,26
2021.4.2,28947,27606,94,58
2021.4.3,29031,27668,95,84
2021.4.4,29127,27774,95,96
2021.4.5,29321,27840,95,194
2021.4.6,29571,27948,95,250
2021.4.7,29905,28069,95,334
2021.4.8,30310,28101,95,405
2021.4.9,30869,28128,96,559
2021.4.10,31658,28161,97,789
2021.4.11,32625,28214,97,967
2021.4.12,33610,28248,97,985
2021.4.13,34575,28288,97,965
2021.4.14,35910,28322,97,1335
2021.4.15,37453,28383,97,1543
2021.4.16,39038,28480,97,1585
2021.4.17,40585,28750,99,1547
2021.4.18,42352,28750,101,1767
2021.4.19,43742,28787,104,1390
2021.4.20,45185,28958,108,1443
2021.4.21,46643,29371,110,1458
