date,累计确诊,治愈,死亡,新增确诊
2020.4.8,11,0,3,1
2020.4.10,13,0,3,2
2020.4.11,14,0,3,1
2020.4.13,17,0,3,3
2020.4.14,18,1,3,1
2020.4.15,23,1,3,6
2020.4.16,24,2,3,1
2020.4.18,25,2,3,1
2020.4.21,28,2,3,3
2020.4.23,29,2,4,1
2020.4.25,31,2,4,2
2020.4.27,32,5,4,1
2020.4.29,34,5,4,2
2020.5.6,34,5,4,0
2020.5.8,35,9,4,1
2020.5.9,36,9,4,1
2020.5.12,37,12,4,1
2020.5.15,42,13,4,5
2020.5.16,44,17,4,2
2020.5.18,44,17,4,0
2020.5.19,46,18,4,2
2020.5.20,46,18,4,0
2020.5.21,48,18,4,2
2020.5.22,51,18,4,3
2020.5.23,51,18,4,0
2020.5.24,56,23,4,5
2020.5.25,56,25,4,0
2020.5.26,56,25,4,0
2020.5.27,56,25,4,0
2020.5.28,132,25,4,76
2020.5.29,149,28,4,17
2020.5.30,160,29,4,11
2020.5.31,174,29,4,14
2020.6.1,178,29,4,4
2020.6.2,203,29,4,25
2020.6.3,206,29,4,3
2020.6.4,222,29,4,16
2020.6.5,237,31,4,15
2020.6.6,265,33,4,28
2020.6.7,279,33,4,14
2020.6.8,282,34,4,3
2020.6.9,287,46,4,5
2020.6.10,314,46,4,27
2020.6.11,320,49,4,6
2020.6.12,332,51,4,12
2020.6.13,343,51,4,11
2020.6.14,356,54,4,13
2020.6.15,383,54,4,27
2020.6.16,387,54,4,4
2020.6.17,391,62,4,4
2020.6.18,401,63,4,10
2020.6.19,463,63,4,62
2020.6.20,479,63,4,16
2020.6.21,479,63,4,0
2020.6.22,489,64,6,10
2020.6.23,512,64,6,23
2020.6.24,525,64,6,13
2020.6.25,530,123,6,5
2020.6.26,551,128,6,21
2020.6.27,561,135,6,10
2020.6.28,567,142,6,6
2020.6.29,567,142,6,0
2020.6.30,574,152,7,7
2020.7.1,591,162,7,17
2020.7.2,605,166,7,14
2020.7.3,617,173,7,12
2020.7.4,625,176,7,8
2020.7.5,698,181,8,73
2020.7.6,716,181,8,18
2020.7.7,734,197,9,18
2020.7.8,787,201,9,53
2020.7.9,885,206,9,98
2020.7.10,926,306,12,41
2020.7.11,942,320,13,16
2020.7.12,982,320,18,40
2020.7.13,985,328,18,3
2020.7.14,1034,343,19,49
2020.7.15,1064,343,20,30
2020.7.16,1089,395,20,25
2020.7.17,1362,425,23,273
2020.7.18,1420,438,24,58
2020.7.19,1478,439,25,58
2020.7.20,1611,472,25,133
2020.7.21,1713,472,26,102
2020.7.22,1820,488,26,107
2020.7.23,2034,510,26,214
2020.7.24,2124,510,28,90
2020.7.25,2296,514,32,172
2020.7.26,2434,518,34,138
2020.7.27,2512,518,34,78
2020.7.28,2704,542,36,192
2020.7.29,2817,604,40,113
2020.7.30,2879,887,41,62
2020.7.31,3092,924,53,213
2020.8.1,3169,1004,67,77
2020.8.2,3659,1011,69,490
2020.8.3,3921,1016,70,262
2020.8.4,4075,1057,80,154
2020.8.5,4221,1238,81,146
2020.8.6,4339,1264,84,118
2020.8.7,4395,1264,97,56
2020.8.8,4451,1345,102,56
2020.8.9,4575,1416,102,124
2020.8.10,4649,1437,104,74
2020.8.11,4748,1524,104,99
2020.8.12,4818,1544,104,70
2020.8.13,4893,1620,122,75
2020.8.14,4990,1927,128,97
2020.8.15,5072,1998,128,82
2020.8.16,5176,2047,130,104
2020.8.17,5261,2092,132,85
2020.8.18,5308,3848,135,47
2020.8.19,5378,4105,141,70
2020.8.20,5643,4442,150,265
2020.8.21,5745,4525,151,102
2020.8.22,5815,4587,152,70
2020.8.23,5893,4629,153,78
2020.8.24,5930,4872,155,37
2020.8.25,6070,4950,155,140
2020.8.26,6196,4961,166,126
2020.8.27,6251,5001,179,55
2020.8.28,6292,5010,189,41
2020.8.29,6388,5043,195,96
2020.8.30,6406,5056,196,18
2020.8.31,6412,5061,196,6
2020.9.1,6497,5221,202,85
2020.9.2,6559,5241,203,62
2020.9.3,6638,5250,206,79
2020.9.4,6678,5263,206,40
2020.9.5,6837,5345,206,159
2020.9.6,6837,5345,206,0
2020.9.7,7116,5373,208,279
2020.9.8,7298,5455,210,182
2020.9.9,7388,5477,218,90
2020.9.10,7429,5542,222,41
2020.9.11,7453,5635,222,24
2020.9.12,7479,5660,224,26
2020.9.13,7508,5675,224,29
2020.9.14,7526,5678,224,18
2020.9.15,7531,5690,224,5
2020.9.16,7576,5783,224,45
2020.9.17,7598,5823,224,22
2020.9.18,7633,5841,224,35
2020.9.19,7647,5883,224,14
2020.9.20,7672,5914,225,25
2020.9.21,7683,5924,225,11
2020.9.22,7683,5924,225,0
2020.9.23,7711,5979,226,28
2020.9.24,7725,6007,227,14
2020.9.25,7752,6043,227,27
2020.9.26,7787,6057,227,35
2020.9.27,7803,6067,227,16
2020.9.28,7812,6106,227,9
2020.9.29,7816,6112,228,4
2020.9.30,7837,6122,228,21
2020.10.1,7838,6303,228,1
2020.10.2,7850,6312,228,12
2020.10.3,7858,6322,228,8
2020.10.4,7885,6327,228,27
2020.10.5,7888,6359,228,3
2020.10.6,7898,6424,228,10
2020.10.7,7915,6440,229,17
2020.10.8,7919,6441,229,4
2020.10.9,7951,6446,229,32
2020.10.10,7994,6474,229,43
2020.10.11,8010,6492,230,16
2020.10.12,8011,6504,230,1
2020.10.13,8021,7627,230,10
2020.10.14,8036,7632,230,15
2020.10.15,8055,7640,231,19
2020.10.16,8075,7669,231,20
2020.10.17,8099,7673,231,24
2020.10.18,8110,7673,231,11
2020.10.19,8147,7678,231,37
2020.10.20,8159,7683,232,12
2020.10.21,8187,7692,233,28
2020.10.22,8215,7725,236,28
2020.10.23,8242,7742,236,27
2020.10.24,8257,7771,236,15
2020.10.25,8269,7785,236,12
2020.10.26,8276,7797,237,7
2020.10.27,8303,7797,242,27
2020.10.28,8315,7804,242,12
2020.10.29,8320,7845,242,5
2020.10.30,8349,7864,242,29
2020.10.31,8362,7884,242,13
2020.11.1,8367,7894,243,5
2020.11.2,8374,7927,243,7
2020.11.3,8389,7939,245,15
2020.11.4,8410,7942,246,21
2020.11.5,8427,7967,248,17
2020.11.6,8444,7975,248,17
2020.11.7,8471,7983,250,27
2020.11.8,8498,7995,251,27
2020.11.9,8531,8005,253,33
2020.11.10,8561,8023,254,30
2020.11.11,8610,8040,255,49
2020.11.12,8667,8046,255,57
2020.11.13,8696,8060,255,29
2020.11.14,8765,8090,257,69
2020.11.15,8786,8096,257,21
2020.11.16,8829,8096,257,43
2020.11.17,8897,8116,257,68
2020.11.18,8945,8164,260,48
2020.11.19,8981,8184,261,36
2020.11.20,9046,8195,265,65
2020.11.21,9120,8229,265,74
2020.11.22,9172,8235,265,52
2020.11.23,9220,8250,268,48
2020.11.24,9308,8288,273,88
2020.11.25,9398,8297,274,90
2020.11.26,9508,8336,274,110
2020.11.27,9623,8397,274,115
2020.11.28,9714,8470,275,91
2020.11.29,9822,8472,275,108
2020.11.30,10034,8489,277,128
2020.12.1,10034,8489,277,0
2020.12.2,10129,8643,277,95
2020.12.3,10129,8643,277,0
2020.12.4,10424,8754,280,295
2020.12.5,10547,8802,281,123
2020.12.6,10617,8844,291,70
2020.12.7,10718,8880,291,101
2020.12.8,10839,8972,294,121
2020.12.9,10912,9062,303,73
2020.12.10,11007,9147,304,95
2020.12.11,11081,9253,305,74
2020.12.12,11162,9324,306,81
2020.12.13,11219,9359,307,57
2020.12.14,11246,9451,307,27
2020.12.15,11358,9554,309,112
2020.12.16,11522,9599,310,164
2020.12.17,11749,9702,313,227
2020.12.18,11866,9836,314,117
2020.12.19,12047,9894,316,181
2020.12.20,12151,9984,318,104
2020.12.21,12325,10024,320,174
2020.12.22,12422,10112,322,97
2020.12.23,12544,10159,326,122
2020.12.24,12656,10259,330,112
2020.12.25,12786,10314,339,130
2020.12.26,12880,10468,341,94
2020.12.27,13077,10593,349,197
2020.12.28,13148,10705,354,71
2020.12.29,13148,10705,354,0
2020.12.30,13325,11067,359,177
2020.12.31,13625,11154,360,300
2021.1.1,13867,11250,363,242
2021.1.2,14084,11347,369,217
2021.1.3,14491,11363,377,407
2021.1.4,15265,11574,380,774
2021.1.5,15829,11716,384,564
2021.1.6,17194,11813,418,1365
2021.1.7,17804,11966,431,610
2021.1.8,18675,12083,446,871
2021.1.9,19660,12184,468,985
2021.1.10,20499,12439,483,839
2021.1.11,21477,12582,507,978
2021.1.12,22297,13213,528,820
2021.1.13,23239,13396,551,942
2021.1.14,24256,13658,589,1017
2021.1.15,25368,14714,636,1112
2021.1.16,26109,15414,666,741
2021.1.17,26881,15872,683,772
2021.1.18,27203,16512,713,322
2021.1.19,27892,17372,773,689
2021.1.20,28675,18110,825,783
2021.1.21,29408,19253,879,733
2021.1.22,30047,19569,917,639
2021.1.23,30523,21080,962,476
2021.1.24,31007,21377,974,484
2021.1.25,31320,22250,1005,313
2021.1.26,31646,22877,1075,326
2021.1.27,32004,23413,1103,358
2021.1.28,32304,23687,1122,300
2021.1.29,32646,24419,1160,342
2021.1.30,32952,24872,1178,306
2021.1.31,33273,25361,1193,321
2021.2.1,33388,26044,1217,115
2021.2.2,33548,26583,1234,160
2021.2.3,33814,26794,1254,266
2021.2.4,33964,27391,1269,150
2021.2.5,34171,27759,1288,207
2021.2.6,34331,28145,1303,160
2021.2.7,34487,28383,1316,156
2021.2.8,34552,28551,1326,65
2021.2.9,34658,28825,1339,106
2021.2.10,34781,29289,1353,123
2021.2.11,34864,29471,1364,83
2021.2.12,34864,29471,1364,0
2021.2.13,35045,29959,1393,181
2021.2.14,35104,30089,1398,59
2021.2.15,35172,30601,1400,68
2021.2.16,35222,30759,1410,50
2021.2.17,35315,30979,1414,93
2021.2.18,35423,31615,1418,108
2021.2.19,35543,31821,1420,120
2021.2.20,35710,31972,1430,167
2021.2.21,35768,32096,1432,58
2021.2.22,35796,32125,1436,28
2021.2.23,35862,32216,1441,66
2021.2.24,35910,32288,1448,48
2021.2.25,35960,32410,1456,50
2021.2.26,35994,32455,1458,34
2021.2.27,36044,32539,1463,50
2021.2.28,36058,32590,1463,14
2021.3.1,36089,32666,1463,31
2021.3.2,36115,32905,1468,26
2021.3.3,36148,32989,1472,33
2021.3.4,36179,33392,1478,31
2021.3.5,36223,33632,1483,44
2021.3.6,36248,33759,1484,25
2021.3.7,36260,33805,1485,12
2021.3.8,36271,33834,1485,11
2021.3.9,36289,33872,1487,18
2021.3.10,36321,33919,1489,32
2021.3.11,36341,33953,1489,20
2021.3.12,36377,33972,1492,36
2021.3.13,36423,33996,1496,46
2021.3.14,36471,34011,1501,48
2021.3.15,36484,34043,1503,13
2021.3.16,36504,34051,1504,20
2021.3.17,36535,34124,1507,31
2021.3.18,36552,34136,1508,17
2021.3.19,36611,34226,1509,59
2021.3.20,36652,34249,1510,41
2021.3.21,36662,34257,1510,10
2021.3.22,36665,34269,1512,3
2021.3.23,36684,34315,1514,19
2021.3.24,36717,34447,1516,33
2021.3.25,36749,34476,1516,32
2021.3.26,36778,34555,1518,29
2021.3.27,36805,34572,1518,27
2021.3.28,36818,34575,1519,13
2021.3.29,36822,34603,1520,4
2021.3.30,36839,34617,1520,17
2021.3.31,36858,34636,1521,19
2021.4.1,36882,34686,1523,24
2021.4.2,36896,34698,1523,14
2021.4.3,36903,34708,1524,7
2021.4.4,36911,34732,1524,8
2021.4.5,36923,34748,1525,12
2021.4.6,36934,34758,1525,11
2021.4.7,36966,34781,1531,32
2021.4.8,36984,34803,1531,18
2021.4.9,37052,34814,1532,68
2021.4.10,37147,34831,1535,95
2021.4.11,37273,34862,1538,126
2021.4.12,37288,34873,1538,15
2021.4.13,37307,34901,1542,19
2021.4.14,37330,34932,1543,23
2021.4.15,37369,34946,1548,39
2021.4.16,37422,34961,1550,53
2021.4.17,37534,34981,1551,112
2021.4.18,37699,35005,1552,165
2021.4.19,37751,35019,1553,52
2021.4.20,37859,35031,1553,108
2021.4.21,37875,35058,1554,16
