date,累计确诊,治愈,死亡,新增确诊
2020.4.8,343,6,23,31
2020.4.9,382,6,23,39
2020.4.10,392,7,24,10
2020.4.11,393,7,25,1
2020.4.12,397,7,25,4
2020.4.13,407,7,26,10
2020.4.14,419,7,31,12
2020.4.15,426,9,35,7
2020.4.16,442,9,41,16
2020.4.17,457,10,46,15
2020.4.18,472,15,46,15
2020.4.19,477,25,46,5
2020.4.20,494,25,46,17
2020.4.21,510,30,46,16
2020.4.22,519,31,47,9
2020.4.23,562,31,47,43
2020.4.24,591,58,55,29
2020.4.25,627,65,59,36
2020.4.26,661,69,61,34
2020.4.27,702,79,64,41
2020.4.28,738,79,66,36
2020.4.29,771,79,71,33
2020.4.30,804,112,75,33
2020.5.2,1010,116,76,111
2020.5.3,1055,118,82,45
2020.5.4,1178,122,83,123
2020.5.5,1270,122,93,92
2020.5.6,1461,132,99,191
2020.5.7,1685,154,105,224
2020.5.8,1771,192,107,86
2020.5.9,1830,195,108,59
2020.5.11,1972,206,116,128
2020.5.12,2080,211,121,108
2020.5.13,2255,237,123,175
2020.5.14,2318,253,133,63
2020.5.15,2460,264,134,142
2020.5.16,2565,278,138,105
2020.5.17,2646,319,142,81
2020.5.18,2646,319,142,0
2020.5.19,2798,340,146,152
2020.5.20,2955,349,147,157
2020.5.21,3100,355,151,145
2020.5.22,3204,397,156,104
2020.5.23,3477,439,167,273
2020.5.24,3743,455,174,266
2020.5.25,3950,468,180,207
2020.5.26,4189,473,182,239
2020.5.27,4401,493,188,212
2020.5.28,4640,506,194,239
2020.5.29,4752,519,196,112
2020.5.30,4886,528,199,134
2020.5.31,5094,536,201,208
2020.6.1,5202,537,212,108
2020.6.2,5362,549,217,160
2020.6.3,5527,563,225,165
2020.6.4,5690,617,234,163
2020.6.5,5880,648,243,190
2020.6.6,5971,677,248,91
2020.6.7,6155,697,250,184
2020.6.8,6327,712,258,172
2020.6.9,6450,740,262,123
2020.6.10,6935,787,271,485
2020.6.11,7360,809,290,425
2020.6.12,7669,837,294,309
2020.6.13,8132,844,306,463
2020.6.14,8455,894,310,323
2020.6.15,8858,967,312,403
2020.6.16,9178,1025,322,320
2020.6.17,9656,1075,330,478
2020.6.18,10299,1116,336,643
2020.6.19,10739,1179,343,440
2020.6.20,11258,1214,349,519
2020.6.21,12306,1275,358,1048
2020.6.22,12769,1293,363,463
2020.6.23,13356,1362,395,587
2020.6.24,13943,1461,405,587
2020.6.25,14571,1546,417,628
2020.6.26,15366,1600,426,795
2020.6.27,15994,1678,471,628
2020.6.28,17007,1767,479,1013
2020.6.29,18082,1875,479,1075
2020.6.30,18818,1961,485,736
2020.7.1,19558,2060,497,740
2020.7.2,20262,2123,542,704
2020.7.3,21120,2190,591,858
2020.7.4,22116,2250,605,996
2020.7.5,22921,2387,629,805
2020.7.6,23943,2490,639,1022
2020.7.7,24665,2585,656,722
2020.7.8,25428,2637,677,763
2020.7.9,25978,2721,694,550
2020.7.10,26384,2779,704,406
2020.7.11,27053,2850,750,669
2020.7.12,27583,2901,771,530
2020.7.13,28090,2957,774,507
2020.7.14,28579,3123,789,489
2020.7.15,29106,3287,807,527
2020.7.16,30036,3379,825,930
2020.7.17,30867,3420,835,831
2020.7.18,31745,3565,857,878
2020.7.19,32793,3661,891,1048
2020.7.20,33835,3801,900,1042
2020.7.21,34611,3905,935,776
2020.7.22,35345,4144,988,734
2020.7.23,36102,4315,1006,757
2020.7.24,36902,4448,1011,800
2020.7.25,37559,4607,1061,657
2020.7.26,38438,4713,1098,879
2020.7.27,39276,4922,1116,838
2020.7.28,39741,5039,1166,465
2020.7.29,40460,5103,1214,719
2020.7.30,40944,5281,1259,484
2020.7.31,41426,5443,1312,482
2020.8.1,42014,5554,1337,588
2020.8.2,42685,5694,1368,671
2020.8.3,43197,5794,1377,512
2020.8.4,43794,5854,1384,597
2020.8.5,44299,5921,1400,505
2020.8.6,45098,6116,1423,799
2020.8.7,45755,6225,1446,657
2020.8.8,46365,6355,1465,610
2020.8.9,46973,6428,1476,608
2020.8.10,47454,6597,1495,481
2020.8.11,47872,6649,1506,418
2020.8.12,48403,6805,1515,531
2020.8.13,48657,6945,1533,254
2020.8.14,49042,7032,1542,385
2020.8.15,49467,7128,1548,425
2020.8.16,49979,7255,1567,512
2020.8.17,50502,7339,1575,523
2020.8.18,50995,7450,1583,493
2020.8.19,51670,7661,1593,675
2020.8.20,52298,7867,1608,628
2020.8.21,52819,8082,1619,521
2020.8.22,53381,8271,1632,562
2020.8.23,53983,8449,1643,602
2020.8.24,54511,8532,1654,528
2020.8.25,55479,8556,1683,968
2020.8.26,55877,9124,1703,398
2020.8.27,56649,9169,1747,772
2020.8.28,57669,9586,1803,1020
2020.8.29,58810,10076,1827,1141
2020.8.30,59645,10156,1842,835
2020.8.31,60174,10242,1858,529
2020.9.1,61014,10396,1873,840
2020.9.2,61769,10430,1888,755
2020.9.3,62526,11147,1924,757
2020.9.4,63158,11618,1954,632
2020.9.5,63798,12347,1984,640
2020.9.6,64352,13115,2006,554
2020.9.7,64764,13418,2007,412
2020.9.8,64814,13828,2023,50
2020.9.9,65218,14273,2034,404
2020.9.10,65597,15064,2044,379
2020.9.11,65802,15577,2049,205
2020.9.12,66049,16613,2058,247
2020.9.13,67136,17770,2065,1087
2020.9.14,67789,17873,2079,653
2020.9.15,68620,18487,2087,831
2020.9.16,68620,18487,2087,0
2020.9.17,69660,19983,2102,1040
2020.9.18,70120,20677,2122,460
2020.9.19,70611,21149,2146,491
2020.9.20,71143,21810,2166,532
2020.9.21,71616,22065,2184,473
2020.9.22,72075,22611,2204,459
2020.9.23,72306,23230,2206,231
2020.9.24,72675,24022,2222,369
2020.9.25,73193,24580,2249,518
2020.9.26,73840,25728,2271,647
2020.9.27,74548,26088,2288,708
2020.9.28,75109,26374,2289,561
2020.9.29,75537,26957,2301,428
2020.9.30,76098,27383,2323,561
2020.10.1,76900,27922,2353,802
2020.10.2,77598,28517,2380,698
2020.10.3,78269,28978,2386,671
2020.10.4,78788,29187,2399,519
2020.10.5,79629,29305,2422,841
2020.10.6,80020,29768,2433,391
2020.10.7,80662,30131,2447,642
2020.10.8,81016,30590,2466,354
2020.10.9,81672,31089,2477,656
2020.10.10,82552,31736,2492,880
2020.10.11,83146,31931,2504,594
2020.10.12,84081,32012,2512,935
2020.10.13,84413,32214,2521,332
2020.10.14,84852,32772,2528,439
2020.10.15,85458,32990,2533,606
2020.10.16,86089,34099,2552,631
2020.10.17,86691,34546,2556,602
2020.10.18,87594,34662,2563,903
2020.10.19,88425,34964,2568,831
2020.10.20,89381,35398,2576,956
2020.10.21,90232,35930,2582,851
2020.10.22,91078,36341,2596,846
2020.10.23,91509,37132,2604,431
2020.10.24,91882,37697,2612,373
2020.10.25,92724,37866,2617,842
2020.10.26,93214,37996,2623,490
2020.10.27,93966,38536,2633,752
2020.10.28,94623,38833,2639,657
2020.10.29,95199,39126,2652,576
2020.10.30,96150,39804,2661,951
2020.10.31,96888,40129,2669,738
2020.11.1,97404,40379,2672,516
2020.11.2,98212,40687,2675,808
2020.11.3,98405,41116,2688,193
2020.11.4,98688,41848,2706,283
2020.11.5,99124,42153,2730,436
2020.11.6,99347,42574,2736,223
2020.11.7,99576,42609,2741,229
2020.11.8,100041,42815,2745,465
2020.11.9,100508,42959,2751,467
2020.11.10,100573,43177,2765,65
2020.11.11,100804,43507,2780,231
2020.11.12,101169,43857,2797,365
2020.11.13,101468,44068,2804,299
2020.11.14,102079,44236,2820,611
2020.11.15,102555,44551,2822,476
2020.11.16,103102,44778,2823,547
2020.11.17,103239,44915,2839,137
2020.11.18,103488,45082,2839,249
2020.11.19,103488,45082,2839,0
2020.11.20,103488,45082,2839,0
2020.11.21,103551,45825,2853,63
2020.11.22,104435,46208,2857,884
2020.11.23,104915,46475,2859,480
2020.11.24,105211,46616,2869,296
2020.11.25,105572,46821,2877,361
2020.11.26,106116,47006,2888,544
2020.11.27,106681,47354,2892,565
2020.11.28,107134,47576,2899,453
2020.11.29,107513,47638,2905,379
2020.11.30,108253,48073,2918,375
2020.12.1,108253,48073,2918,0
2020.12.2,108253,48073,2918,0
2020.12.3,109144,48877,2930,891
2020.12.4,109760,48953,2938,616
2020.12.5,109760,48953,2938,0
2020.12.6,110723,49311,2945,963
2020.12.7,111023,49456,2946,300
2020.12.8,111707,49781,2950,684
2020.12.9,112175,50344,2952,468
2020.12.10,112792,50888,2961,617
2020.12.11,113207,50948,2968,415
2020.12.12,113708,51244,2971,501
2020.12.13,114043,51410,2974,335
2020.12.14,114359,51478,2975,316
2020.12.15,114642,51688,2989,283
2020.12.16,114943,52392,3001,301
2020.12.17,115317,52945,3013,374
2020.12.18,115474,53499,3021,157
2020.12.19,116212,54002,3023,738
2020.12.20,116212,54002,3023,0
2020.12.21,117022,54267,3027,810
2020.12.22,117190,54304,3034,168
2020.12.23,117588,54446,3046,398
2020.12.24,118036,54806,3054,448
2020.12.25,118036,54806,3054,0
2020.12.26,118659,55587,3061,623
2020.12.27,119097,55704,3065,438
2020.12.28,119713,55959,3066,616
2020.12.29,120103,56463,3088,390
2020.12.30,120912,56580,3111,809
2020.12.31,121827,56694,3130,915
2021.1.1,122763,56936,3141,936
2021.1.2,122974,56936,3160,211
2021.1.3,123144,57348,3173,170
2021.1.4,123369,57348,3180,225
2021.1.5,123398,57348,3181,29
2021.1.6,123822,57348,3186,424
2021.1.7,124899,57348,3192,1077
2021.1.8,125118,57348,3200,219
2021.1.9,125557,58517,3244,439
2021.1.10,126943,58788,3264,1386
2021.1.11,127945,58788,3273,1002
2021.1.12,128701,59301,3285,756
2021.1.13,129805,59389,3294,1104
2021.1.14,131009,59647,3320,1204
2021.1.15,131963,59963,3335,954
2021.1.16,132412,60056,3344,449
2021.1.17,133507,60056,3348,1095
2021.1.18,134111,60132,3354,604
2021.1.19,134938,60165,3368,827
2021.1.20,136068,60200,3391,1130
2021.1.21,136898,60217,3406,830
2021.1.22,138044,60392,3422,1146
2021.1.23,139182,60410,3439,1138
2021.1.24,140238,60448,3441,1056
2021.1.25,140929,60469,3447,691
2021.1.26,141984,60477,3462,1055
2021.1.27,142880,60597,3486,896
2021.1.28,144007,60669,3512,1127
2021.1.29,144992,60735,3549,985
2021.1.30,146110,60821,3575,1118
2021.1.31,147100,60859,3592,990
2021.2.1,147843,60873,3610,743
2021.2.2,148951,60979,3614,1108
2021.2.3,148951,60979,3614,0
2021.2.4,151103,61284,3662,2152
2021.2.5,152225,61456,3669,1122
2021.2.6,153253,61587,3694,1028
2021.2.7,153905,61785,3710,652
2021.2.8,154568,61817,3721,663
2021.2.9,155735,61936,3742,1167
2021.2.10,156606,61968,3789,871
2021.2.11,157468,62120,3806,862
2021.2.12,158355,62991,3838,887
2021.2.13,159024,63153,3848,669
2021.2.14,159788,63170,3857,764
2021.2.15,160171,63170,3866,383
2021.2.16,160983,63346,3893,812
2021.2.17,161727,63471,3913,744
2021.2.18,162584,63618,3933,857
2021.2.19,163305,63921,3965,721
2021.2.20,164077,64168,3975,772
2021.2.21,164495,64606,3992,418
2021.2.22,165095,64678,3996,600
2021.2.23,165737,64781,4024,642
2021.2.24,166547,64891,4040,810
2021.2.25,167494,64988,4076,947
2021.2.26,168243,65425,4099,749
2021.2.27,168911,65873,4117,668
2021.2.28,169754,66447,4141,843
2021.3.1,170304,66513,4151,550
2021.3.2,170985,66709,4174,681
2021.3.3,171758,66903,4187,773
2021.3.4,172100,67239,4214,342
2021.3.5,172577,67630,4231,477
2021.3.6,173020,67900,4247,443
2021.3.7,173020,67900,4247,0
2021.3.8,173729,67989,4260,709
2021.3.9,174243,68085,4283,514
2021.3.10,174508,68284,4297,265
2021.3.11,175442,68350,4301,934
2021.3.12,176427,68500,4311,985
2021.3.13,177168,68652,4325,741
2021.3.14,177832,68652,4331,664
2021.3.15,178277,68678,4334,445
2021.3.16,178925,68725,4360,648
2021.3.17,179515,68892,4373,590
2021.3.18,180271,68919,4390,756
2021.3.19,180796,69008,4402,525
2021.3.20,181357,69105,4422,561
2021.3.21,181931,69105,4430,574
2021.3.22,182409,69105,4443,478
2021.3.23,183280,69177,4469,871
2021.3.24,184031,69458,4489,751
2021.3.25,184821,69935,4506,790
2021.3.26,185484,70427,4527,663
2021.3.27,186337,71027,4536,853
2021.3.28,187015,71384,4557,678
2021.3.29,187460,71988,4558,445
2021.3.30,187975,71988,4585,515
2021.3.31,188514,72644,4599,539
2021.4.1,189043,72732,4605,529
2021.4.2,189726,73308,4622,683
2021.4.3,189726,73308,4622,0
2021.4.4,190478,73308,4640,752
2021.4.5,190631,73373,4644,153
2021.4.6,191136,73463,4681,505
2021.4.7,192413,73688,4686,1277
2021.4.8,193029,74299,4703,616
2021.4.9,193783,74759,4715,754
2021.4.10,194548,75233,4766,765
2021.4.11,195525,75553,4770,977
2021.4.12,195780,75796,4804,255
2021.4.13,196086,75952,4861,306
2021.4.14,196704,76081,4873,618
2021.4.15,198214,76130,4905,1510
2021.4.16,198975,76214,4929,761
2021.4.17,199682,76235,4934,707
2021.4.18,200259,76235,4954,577
2021.4.19,200935,76339,4957,676
2021.4.20,201677,76339,4963,742
2021.4.21,202413,76446,4976,736
