date,累计确诊,治愈,死亡,新增确诊
2020.3.9,1,0,0,1
2020.3.10,2,0,0,1
2020.3.12,3,0,0,1
2020.3.16,6,0,0,3
2020.3.18,7,0,0,1
2020.3.19,11,0,0,2
2020.3.20,12,0,0,1
2020.3.21,32,0,0,20
2020.3.23,36,0,0,4
2020.3.25,46,0,0,10
2020.3.26,66,0,1,20
2020.3.27,88,0,1,22
2020.3.28,97,0,1,9
2020.3.29,108,0,2,11
2020.3.30,141,0,2,33
2020.3.31,172,0,3,31
2020.4.2,193,0,3,21
2020.4.3,232,13,4,39
2020.4.4,262,13,5,30
2020.4.5,309,27,6,47
2020.4.6,323,27,7,14
2020.4.7,335,34,7,12
2020.4.8,351,38,8,16
2020.4.9,361,40,8,10
2020.4.10,398,40,9,37
2020.4.11,407,48,9,9
2020.4.12,431,48,9,24
2020.4.13,436,48,9,5
2020.4.14,440,48,13,4
2020.4.15,447,67,15,7
2020.4.16,457,73,19,10
2020.4.17,470,73,20,13
2020.4.18,484,73,21,14
2020.4.19,488,94,21,4
2020.4.21,496,256,24,8
2020.4.22,498,284,29,2
2020.4.23,521,295,29,23
2020.4.24,523,295,34,2
2020.4.25,525,332,35,2
2020.4.26,525,332,35,0
2020.4.27,530,352,36,5
2020.4.29,537,386,38,7
2020.4.30,538,406,40,1
2020.5.2,543,406,40,5
2020.5.5,545,406,40,1
2020.5.7,545,430,40,0
2020.5.10,546,452,41,0
2020.5.12,547,455,42,1
2020.5.14,548,456,43,1
2020.5.15,549,457,43,0
2020.5.16,554,458,43,5
2020.5.17,554,458,43,0
2020.5.18,554,458,43,0
2020.5.19,555,475,43,1
2020.5.20,555,479,44,0
2020.5.21,558,492,45,3
2020.5.22,558,508,45,0
2020.5.23,558,508,45,0
2020.5.24,558,508,45,0
2020.5.25,558,508,45,0
2020.5.26,559,508,45,1
2020.5.27,559,512,45,0
2020.5.28,560,512,45,1
2020.5.29,560,512,45,0
2020.5.30,560,512,45,0
2020.5.31,560,512,45,0
2020.6.1,560,512,45,0
2020.6.2,560,512,45,0
2020.6.3,560,512,45,0
2020.6.4,561,512,46,1
2020.6.5,561,512,46,0
2020.6.6,561,512,46,0
2020.6.7,563,512,46,2
2020.6.8,563,512,46,0
2020.6.9,564,512,46,1
2020.6.10,565,512,48,1
2020.6.11,565,512,48,0
2020.6.12,565,512,48,0
2020.6.13,565,512,48,0
2020.6.14,565,512,48,0
2020.6.15,565,512,48,0
2020.6.16,565,512,48,0
2020.6.17,565,512,48,0
2020.6.18,570,512,48,5
2020.6.19,570,512,48,0
2020.6.20,570,512,48,0
2020.6.21,570,512,48,0
2020.6.22,570,512,48,0
2020.6.23,570,512,48,0
2020.6.24,570,512,47,0
2020.6.25,571,512,47,1
2020.6.26,571,512,47,0
2020.6.27,571,512,47,0
2020.6.28,571,512,47,0
2020.6.29,571,512,47,0
2020.6.30,571,512,47,0
2020.7.1,571,512,47,0
2020.7.2,571,512,47,0
2020.7.3,571,512,47,0
2020.7.4,571,512,47,0
2020.7.5,571,512,47,0
2020.7.6,571,512,47,0
2020.7.7,571,512,47,0
2020.7.8,577,512,47,6
2020.7.9,577,512,47,0
2020.7.10,577,512,47,0
2020.7.11,577,512,47,0
2020.7.12,577,512,47,0
2020.7.13,577,512,47,0
2020.7.14,581,512,47,4
2020.7.15,581,512,47,0
2020.7.16,581,512,47,0
2020.7.17,581,512,47,0
2020.7.18,583,529,47,2
2020.7.19,583,529,47,0
2020.7.20,583,529,47,0
2020.7.21,583,529,47,0
2020.7.22,583,529,47,0
2020.7.23,583,529,47,0
2020.7.24,583,529,47,0
2020.7.25,584,533,47,1
2020.7.26,584,533,47,0
2020.7.27,584,533,47,0
2020.7.28,584,533,47,0
2020.7.29,587,533,47,3
2020.7.30,587,533,47,0
2020.7.31,587,533,47,0
2020.8.1,587,533,47,0
2020.8.2,587,533,47,0
2020.8.3,587,533,47,0
2020.8.4,591,533,47,4
2020.8.5,595,533,47,4
2020.8.6,596,533,47,1
2020.8.7,597,533,47,1
2020.8.8,597,533,47,0
2020.8.9,597,533,47,0
2020.8.10,597,533,47,0
2020.8.11,597,533,47,0
2020.8.12,599,545,47,2
2020.8.13,603,545,47,4
2020.8.14,603,545,47,0
2020.8.15,607,545,47,4
2020.8.16,607,545,47,0
2020.8.17,607,545,47,0
2020.8.18,609,545,47,2
2020.8.19,609,545,47,0
2020.8.20,613,545,48,4
2020.8.21,613,545,48,0
2020.8.22,614,545,48,1
2020.8.23,614,545,48,0
2020.8.24,614,545,48,0
2020.8.25,614,545,48,0
2020.8.26,620,545,48,6
2020.8.27,623,545,48,3
2020.8.28,623,545,48,0
2020.8.29,625,545,48,2
2020.8.30,625,545,48,0
2020.8.31,625,545,48,0
2020.9.1,625,545,48,0
2020.9.2,630,545,48,5
2020.9.3,631,575,48,1
2020.9.4,631,575,48,0
2020.9.5,631,575,48,0
2020.9.6,631,575,48,0
2020.9.7,626,575,48,0
2020.9.8,628,575,48,2
2020.9.9,629,575,48,1
2020.9.10,631,575,48,2
2020.9.11,631,575,48,0
2020.9.12,633,575,48,2
2020.9.13,633,575,48,0
2020.9.14,633,575,48,0
2020.9.15,633,575,48,0
2020.9.16,639,575,48,6
2020.9.17,639,575,48,0
2020.9.18,644,575,48,5
2020.9.19,644,575,48,0
2020.9.20,644,575,48,0
2020.9.21,644,575,48,0
2020.9.22,652,575,48,8
2020.9.23,652,575,48,0
2020.9.24,654,575,48,2
2020.9.25,655,575,48,1
2020.9.26,656,600,48,1
2020.9.27,656,600,48,0
2020.9.28,656,600,48,0
2020.9.29,664,600,48,8
2020.9.30,664,600,48,0
2020.10.1,665,600,48,1
2020.10.2,677,600,48,12
2020.10.3,677,600,48,0
2020.10.4,678,600,48,1
2020.10.5,678,600,48,0
2020.10.6,686,600,48,8
2020.10.7,695,600,48,9
2020.10.8,698,600,48,3
2020.10.9,699,623,48,1
2020.10.10,699,623,48,0
2020.10.11,699,623,48,0
2020.10.12,699,623,48,0
2020.10.13,737,623,48,38
2020.10.14,745,642,48,8
2020.10.15,745,642,48,0
2020.10.16,748,648,48,3
2020.10.17,748,649,48,0
2020.10.18,748,649,48,0
2020.10.19,748,649,48,0
2020.10.20,768,659,48,20
2020.10.21,775,659,48,7
2020.10.22,784,659,48,9
2020.10.23,787,659,48,3
2020.10.24,795,659,48,8
2020.10.25,795,671,48,0
2020.10.26,796,671,48,1
2020.10.27,822,671,48,26
2020.10.28,822,671,48,0
2020.10.29,833,710,48,11
2020.10.30,836,710,48,3
2020.10.31,841,713,48,5
2020.11.1,841,713,48,0
2020.11.2,845,713,48,4
2020.11.3,845,713,48,0
2020.11.4,879,749,48,34
2020.11.5,893,751,48,14
2020.11.6,905,751,48,12
2020.11.7,921,751,48,16
2020.11.8,921,751,48,0
2020.11.9,921,766,48,0
2020.11.10,951,766,48,30
2020.11.11,972,766,48,21
2020.11.12,986,766,48,14
2020.11.13,1003,766,48,17
2020.11.14,1003,813,48,0
2020.11.15,1003,815,48,0
2020.11.16,1003,816,48,0
2020.11.17,1046,816,48,43
2020.11.18,1057,852,48,11
2020.11.19,1068,852,48,11
2020.11.20,1079,869,48,11
2020.11.21,1080,869,48,1
2020.11.22,1094,887,48,14
2020.11.23,1094,887,48,0
2020.11.24,1094,887,48,0
2020.11.25,1124,937,48,30
2020.11.26,1147,960,48,23
2020.11.27,1147,960,48,0
2020.11.28,1218,960,48,71
2020.11.29,1218,975,48,0
2020.11.30,1299,1012,48,81
2020.12.1,1299,1012,48,0
2020.12.2,1341,1012,48,42
2020.12.3,1397,1012,48,56
2020.12.4,1458,1012,48,61
2020.12.5,1526,1012,48,68
2020.12.6,1549,1012,48,23
2020.12.7,1645,1088,48,96
2020.12.8,1676,1088,48,31
2020.12.9,1748,1088,48,72
2020.12.10,1786,1088,48,38
2020.12.11,1844,1088,48,58
2020.12.12,1926,1088,48,82
2020.12.13,1977,1088,48,51
2020.12.14,2068,1291,48,91
2020.12.15,2132,1317,48,64
2020.12.16,2192,1339,48,60
2020.12.17,2292,1339,48,100
2020.12.18,2389,1339,48,97
2020.12.19,2526,1535,52,137
2020.12.20,2526,1535,52,0
2020.12.21,2629,1535,52,103
2020.12.22,2738,1535,52,109
2020.12.23,2776,1740,55,38
2020.12.24,2857,1817,56,81
2020.12.25,2880,1898,57,23
2020.12.26,2880,1898,57,0
2020.12.27,2960,2045,57,80
2020.12.28,2989,2045,57,29
2020.12.29,2989,2045,57,0
2020.12.30,3004,2180,57,15
2020.12.31,3024,2256,58,20
2021.1.1,3058,2256,58,34
2021.1.2,3059,2445,60,1
2021.1.3,3059,2445,60,0
2021.1.4,3121,2621,60,62
2021.1.5,3142,2690,63,21
2021.1.6,3164,2756,67,22
2021.1.7,3194,2756,67,30
2021.1.8,3210,2756,67,16
2021.1.9,3223,2850,73,13
2021.1.10,3260,2850,73,37
2021.1.11,3277,2850,73,17
2021.1.12,3299,2850,73,22
2021.1.13,3310,2948,75,11
2021.1.14,3324,2969,76,14
2021.1.15,3337,2997,76,13
2021.1.16,3353,2997,76,16
2021.1.17,3356,2997,76,3
2021.1.18,3363,3049,78,7
2021.1.19,3370,3073,78,7
2021.1.20,3386,3107,78,16
2021.1.21,3398,3107,78,12
2021.1.22,3407,3148,78,9
2021.1.23,3414,3148,78,7
2021.1.24,3430,3186,79,16
2021.1.25,3463,3186,79,33
2021.1.26,3486,3186,79,23
2021.1.27,3499,3227,79,13
2021.1.28,3525,3227,79,26
2021.1.29,3554,3227,79,29
2021.1.30,3592,3271,82,38
2021.1.31,3639,3271,82,47
2021.2.1,3737,3286,82,98
2021.2.2,3737,3286,82,0
2021.2.3,3776,3302,83,39
2021.2.4,3816,3328,83,40
2021.2.5,3843,3345,83,27
2021.2.6,3862,3359,83,19
2021.2.7,3885,3383,83,23
2021.2.8,3896,3405,83,11
2021.2.9,3918,3428,83,22
2021.2.10,3939,3457,83,21
2021.2.11,3950,3488,83,11
2021.2.12,3961,3534,83,11
2021.2.13,3980,3568,83,19
2021.2.14,3989,3626,83,9
2021.2.15,3999,3680,83,10
2021.2.16,4004,3712,85,5
2021.2.17,4009,3755,85,5
2021.2.18,4013,3777,85,4
2021.2.19,4016,3796,85,3
2021.2.20,4023,3821,85,7
2021.2.21,4025,3829,85,2
2021.2.22,4026,3842,85,1
2021.2.23,4030,3858,85,4
2021.2.24,4030,3879,85,0
2021.2.25,4031,3893,86,1
2021.2.26,4033,3893,86,2
2021.2.27,4034,3893,86,1
2021.2.28,4034,3893,86,0
2021.3.1,4038,3928,86,4
2021.3.2,4039,3939,86,1
2021.3.3,4039,3939,86,0
2021.3.4,4040,3944,86,1
2021.3.5,4041,3948,86,1
2021.3.6,4041,3948,86,0
2021.3.7,4041,3948,86,0
2021.3.8,4041,3948,86,0
2021.3.9,4042,3948,86,1
2021.3.10,4043,3948,86,1
2021.3.11,4043,3955,86,0
2021.3.12,4043,3955,86,0
2021.3.13,4043,3955,86,0
2021.3.14,4043,3955,86,0
2021.3.15,4043,3955,86,0
2021.3.16,4044,3955,86,1
2021.3.17,4045,3955,86,1
2021.3.18,4045,3955,86,0
2021.3.19,4045,3955,86,0
2021.3.20,4045,3955,86,0
2021.3.21,4045,3955,86,0
2021.3.22,4045,3955,86,0
2021.3.23,4045,3955,86,0
2021.3.24,4046,3960,86,1
2021.3.25,4046,3960,86,0
2021.3.26,4046,3960,86,0
2021.3.27,4046,3960,86,0
2021.3.28,4046,3960,86,0
2021.3.29,4046,3956,86,0
2021.3.30,4046,3956,86,0
2021.3.31,4049,3956,86,3
2021.4.1,4049,3956,86,0
2021.4.2,4050,3956,86,1
2021.4.3,4050,3956,86,0
2021.4.4,4050,3956,86,0
2021.4.5,4050,3956,86,0
2021.4.6,4050,3956,86,0
2021.4.7,4051,3956,86,1
2021.4.8,4051,3956,86,0
2021.4.9,4051,3956,86,0
2021.4.10,4051,3956,86,0
2021.4.11,4051,3956,86,0
2021.4.12,4051,3956,86,0
2021.4.13,4053,3956,86,2
2021.4.14,4053,3956,86,0
2021.4.15,4053,3956,86,0
2021.4.16,4053,3956,86,0
2021.4.17,4053,3956,86,0
2021.4.18,4053,3956,86,0
2021.4.19,4053,3956,86,0
2021.4.20,4053,3956,86,0
