date,累计确诊,治愈,死亡,新增确诊
2020.4.7,6013,2813,50,24
2020.4.8,6013,2813,50,25
2020.4.9,6152,2987,51,100
2020.4.10,6238,3141,54,86
2020.4.11,6303,3265,57,86
2020.4.12,6322,3338,59,9
2020.4.13,6366,3494,61,7
2020.4.15,6494,3702,63,15
2020.4.16,6497,3747,63,29
2020.4.17,6560,4132,67,27
2020.4.18,6586,4167,70,53
2020.4.19,6612,4230,71,26
2020.4.20,6625,4258,71,13
2020.4.21,6647,4920,74,2
2020.4.22,6660,5034,75,11
2020.4.23,6667,5045,75,18
2020.4.24,6692,5357,80,17
2020.4.25,6710,5517,81,15
2020.4.26,6716,5560,83,21
2020.4.27,6725,5602,84,5
2020.4.28,6746,5667,89,8
2020.4.29,6752,5715,91,6
2020.4.30,6766,5739,93,12
2020.5.1,6780,5782,93,13
2020.5.2,6799,5814,94,18
2020.5.3,6825,5859,95,21
2020.5.4,6847,5886,96,22
2020.5.5,6875,5975,97,26
2020.5.6,6894,6040,97,19
2020.5.7,6901,6066,97,5
2020.5.9,6941,6163,97,12
2020.5.11,6964,6229,97,22
2020.5.12,6980,6270,98,16
2020.5.15,7032,6353,98,1
2020.5.16,7036,6362,98,4
2020.5.17,7054,6392,99,9
2020.5.18,7060,6392,99,6
2020.5.19,7068,6413,100,8
2020.5.20,7079,6444,100,11
2020.5.21,7081,6472,100,2
2020.5.22,7095,6479,101,14
2020.5.23,7111,6494,102,16
2020.5.24,7114,6508,102,3
2020.5.25,7118,6531,102,4
2020.5.26,7133,6553,102,15
2020.5.27,7139,6566,103,6
2020.5.28,7150,6580,103,11
2020.5.29,7173,6582,103,23
2020.5.30,7185,6606,103,12
2020.5.31,7195,6614,103,10
2020.6.1,7204,6619,103,9
2020.6.2,7221,6626,102,17
2020.6.3,7229,6640,102,8
2020.6.4,7240,6648,102,11
2020.6.5,7251,6683,102,11
2020.6.6,7255,6690,102,4
2020.6.7,7260,6703,102,5
2020.6.8,7265,6706,102,5
2020.6.9,7267,6720,102,2
2020.6.10,7276,6744,102,9
2020.6.11,7285,6761,102,9
2020.6.12,7290,6783,102,5
2020.6.13,7302,6812,102,12
2020.6.14,7320,6838,102,18
2020.6.15,7335,6851,102,15
2020.6.16,7347,6853,102,12
2020.6.17,7370,6859,102,23
2020.6.18,7391,6877,102,21
2020.6.19,7409,6878,102,18
2020.6.20,7436,6881,102,27
2020.6.21,7461,6896,102,25
2020.6.22,7474,6903,102,13
2020.6.23,7492,6904,102,18
2020.6.24,7521,6915,103,29
2020.6.25,7558,6931,104,37
2020.6.26,7595,6958,104,37
2020.6.27,7641,6979,104,46
2020.6.28,7686,6979,104,45
2020.6.29,7767,7008,104,81
2020.6.30,7836,7008,104,69
2020.7.1,7920,7040,104,84
2020.7.2,8001,7090,104,81
2020.7.3,8255,7319,104,254
2020.7.4,8362,7355,104,107
2020.7.5,8449,7399,104,87
2020.7.6,8586,7420,106,137
2020.7.7,8755,7455,106,169
2020.7.8,8886,7487,106,131
2020.7.9,9059,7573,106,173
2020.7.10,9359,7576,106,300
2020.7.11,9553,7730,107,194
2020.7.12,9796,7727,108,243
2020.7.13,9980,7768,108,184
2020.7.14,10250,7835,108,270
2020.7.15,10487,7928,111,237
2020.7.16,10810,8035,113,323
2020.7.17,11235,8117,116,425
2020.7.18,11441,8161,118,206
2020.7.19,11802,8273,122,361
2020.7.20,12069,8444,123,267
2020.7.21,12428,8444,126,359
2020.7.22,12894,8545,128,466
2020.7.23,13302,8656,133,408
2020.7.24,13595,8775,139,293
2020.7.25,13948,9017,145,353
2020.7.26,14403,9019,155,455
2020.7.27,14935,9171,161,532
2020.7.28,15302,9311,167,367
2020.7.29,15580,9431,176,278
2020.7.30,16303,10619,189,723
2020.7.31,16905,9982,197,602
2020.8.1,17282,10202,201,377
2020.8.2,17923,10420,208,641
2020.8.3,18318,10622,221,395
2020.8.4,18730,10622,232,412
2020.8.5,19444,10799,247,714
2020.8.6,19890,10941,255,446
2020.8.7,20272,11147,266,382
2020.8.8,20698,11320,278,426
2020.8.9,21084,11561,295,386
2020.8.10,21407,11876,314,323
2020.8.11,21713,12144,331,306
2020.8.12,22127,12393,352,414
2020.8.13,22358,13001,361,231
2020.8.14,22743,13350,375,385
2020.8.15,23035,13355,379,292
2020.8.16,23287,13634,396,252
2020.8.17,23559,14539,421,272
2020.8.18,23773,14929,438,214
2020.8.19,23993,15246,450,220
2020.8.20,24236,17854,463,243
2020.8.21,24407,18460,472,171
2020.8.22,24602,18759,485,195
2020.8.23,24812,19233,502,210
2020.8.24,24916,19603,517,104
2020.8.25,25053,19603,525,137
2020.8.26,25204,20100,549,151
2020.8.27,25322,20366,572,118
2020.8.28,25448,20633,583,126
2020.8.29,25547,20856,600,99
2020.8.30,25670,21116,611,123
2020.8.31,25746,21350,652,76
2020.9.1,25819,21503,657,73
2020.9.2,25923,21690,663,104
2020.9.3,26049,21912,678,126
2020.9.4,26136,22169,737,87
2020.9.5,26207,22330,748,71
2020.9.6,26278,22462,753,71
2020.9.7,26322,22603,762,44
2020.9.8,26374,22724,770,52
2020.9.9,26465,22863,781,91
2020.9.10,26513,23036,788,48
2020.9.11,26565,23217,797,52
2020.9.12,26607,23329,803,42
2020.9.13,26651,23462,810,44
2020.9.14,26692,23578,816,41
2020.9.15,26739,23652,816,47
2020.9.16,26779,23726,824,40
2020.9.17,26813,23792,832,34
2020.9.18,26861,23855,837,48
2020.9.19,26885,23962,844,24
2020.9.20,26898,24062,849,13
2020.9.21,26912,24063,851,14
2020.9.22,26942,24218,854,30
2020.9.23,26974,24416,859,32
2020.9.24,26980,24448,861,6
2020.9.25,27000,24523,869,20
2020.9.26,27016,24571,870,16
2020.9.27,27040,24573,872,24
2020.9.28,27044,24676,875,4
2020.9.29,27055,24676,882,11
2020.9.30,27078,24754,886,23
2020.10.1,27096,24784,888,18
2020.10.2,27109,24788,890,13
2020.10.3,27121,24850,893,12
2020.10.4,27136,24866,894,15
2020.10.5,27149,24892,894,13
2020.10.6,27173,24892,895,24
2020.10.7,27182,24937,897,9
2020.10.8,27204,24939,897,22
2020.10.9,27229,24972,897,25
2020.10.10,27244,24987,897,15
2020.10.11,27265,24998,898,21
2020.10.12,27285,24998,898,20
2020.10.13,27316,25037,899,31
2020.10.14,27337,25041,904,21
2020.10.15,27357,25047,904,20
2020.10.16,27371,25062,904,14
2020.10.17,27383,25098,904,12
2020.10.18,27391,25108,904,8
2020.10.19,27399,25108,905,8
2020.10.20,27429,25126,905,30
2020.10.21,27444,25147,905,15
2020.10.22,27466,25159,905,22
2020.10.23,27484,25169,905,18
2020.10.24,27499,25181,905,15
2020.10.25,27513,25181,905,14
2020.10.26,27528,25199,905,15
2020.10.27,27541,25213,905,13
2020.10.28,27554,25225,907,13
2020.10.29,27567,25236,907,13
2020.10.30,27580,25240,907,13
2020.10.31,27590,25324,907,10
2020.11.1,27595,25336,907,5
2020.11.2,27601,25350,907,6
2020.11.3,27608,25356,907,7
2020.11.4,27620,25394,907,12
2020.11.5,27634,25420,907,14
2020.11.6,27645,25428,907,11
2020.11.7,27652,25440,907,7
2020.11.8,27658,25451,907,6
2020.11.9,27668,25454,907,10
2020.11.10,27678,25457,907,10
2020.11.11,27686,25459,907,8
2020.11.12,27699,25464,907,13
2020.11.13,27702,25468,907,3
2020.11.14,27711,25478,907,9
2020.11.15,27728,25490,907,17
2020.11.16,27750,25498,907,22
2020.11.17,27760,25504,907,10
2020.11.18,27777,25506,907,17
2020.11.19,27785,25506,907,8
2020.11.20,27790,25509,907,5
2020.11.21,27806,25521,907,16
2020.11.22,27821,25522,907,15
2020.11.23,27835,25528,907,14
2020.11.24,27847,25534,907,12
2020.11.25,27854,25538,907,7
2020.11.26,27867,25565,907,13
2020.11.27,27873,25570,907,6
2020.11.28,27885,25585,907,12
2020.11.29,27893,25588,907,8
2020.11.30,27912,25602,908,9
2020.12.1,27912,25602,908,0
2020.12.2,27923,25612,908,11
2020.12.3,27939,25618,908,16
2020.12.4,27949,25629,908,10
2020.12.5,27956,25634,908,7
2020.12.6,27965,25639,908,9
2020.12.7,27972,25642,908,7
2020.12.8,27987,25646,908,15
2020.12.9,27993,25657,908,6
2020.12.10,28000,25663,908,7
2020.12.11,28011,25665,908,11
2020.12.12,28024,25669,908,13
2020.12.13,28030,25675,908,6
2020.12.14,28039,25684,908,9
2020.12.15,28045,25686,908,6
2020.12.16,28056,25690,908,11
2020.12.17,28071,25696,908,15
2020.12.18,28094,25700,908,23
2020.12.19,28128,25701,908,34
2020.12.20,28172,25708,908,44
2020.12.21,28198,25712,908,26
2020.12.22,28219,25715,908,21
2020.12.23,28237,25717,908,18
2020.12.24,28262,25722,908,25
2020.12.25,28273,25722,908,11
2020.12.26,28297,25727,908,24
2020.12.27,28337,25733,909,40
2020.12.28,28348,25747,909,11
2020.12.29,28350,25751,909,2
2020.12.30,28381,25757,909,31
2020.12.31,28405,25761,909,24
2021.1.1,28427,25762,909,22
2021.1.2,28470,25770,909,43
2021.1.3,28483,25778,909,13
2021.1.4,28504,25778,909,21
2021.1.5,28523,25790,909,19
2021.1.6,28536,25802,909,13
2021.1.7,28546,25810,909,10
2021.1.8,28571,25817,909,25
2021.1.9,28583,25822,909,12
2021.1.10,28595,25825,909,12
2021.1.11,28614,25837,909,19
2021.1.12,28633,25839,909,19
2021.1.13,28647,25860,909,14
2021.1.14,28658,25874,909,11
2021.1.15,28665,25880,909,7
2021.1.16,28689,25897,909,24
2021.1.17,28708,25918,909,19
2021.1.18,28721,25920,909,13
2021.1.19,28730,25931,909,9
2021.1.20,28740,25944,909,10
2021.1.21,28750,25956,909,10
2021.1.22,28755,25961,909,5
2021.1.23,28762,25975,909,7
2021.1.24,28766,25985,909,4
2021.1.25,28777,25999,909,11
2021.1.26,28780,26003,909,3
2021.1.27,28785,26019,909,5
2021.1.28,28793,26029,909,8
2021.1.29,28800,26035,909,7
2021.1.30,28806,26045,909,6
2021.1.31,28809,26057,909,3
2021.2.1,28818,26061,909,9
2021.2.2,28824,26070,909,6
2021.2.3,28829,26071,909,5
2021.2.4,28838,26079,909,9
2021.2.5,28842,26080,909,4
2021.2.6,28848,26083,909,6
2021.2.7,28850,26086,909,2
2021.2.8,28857,26089,909,7
2021.2.9,28860,26096,909,3
2021.2.10,28871,26105,909,11
2021.2.11,28877,26107,909,6
2021.2.12,28887,26111,909,10
2021.2.13,28892,26113,909,5
2021.2.14,28898,26120,909,6
2021.2.15,28900,26126,909,2
2021.2.16,28905,26128,909,5
2021.2.17,28911,26133,909,6
2021.2.18,28912,26134,909,1
2021.2.19,28918,26138,909,6
2021.2.20,28920,26142,909,2
2021.2.21,28926,26145,909,6
2021.2.22,28930,26146,909,4
2021.2.23,28937,26149,909,7
2021.2.24,28939,26156,909,2
2021.2.25,28947,26161,909,8
2021.2.26,28958,26164,909,11
2021.2.27,28965,26166,909,7
2021.2.28,28970,26168,909,5
2021.3.1,28975,26175,909,5
2021.3.2,28986,26180,909,11
2021.3.3,28996,26183,909,10
2021.3.4,29007,26186,909,11
2021.3.5,29021,26189,909,14
2021.3.6,29030,26192,909,9
2021.3.7,29037,26194,909,7
2021.3.8,29046,26195,909,9
2021.3.9,29061,26204,909,15
2021.3.10,29074,26209,909,13
2021.3.11,29090,26218,909,16
2021.3.12,29102,26222,909,12
2021.3.13,29112,26225,909,10
2021.3.14,29117,26230,909,5
2021.3.15,29126,26230,909,9
2021.3.16,29137,26231,909,11
2021.3.17,29154,26233,909,17
2021.3.18,29166,26235,909,12
2021.3.19,29181,26236,909,15
2021.3.20,29191,26239,909,10
2021.3.21,29196,26240,909,5
2021.3.22,29205,26243,909,9
2021.3.23,29211,26250,909,6
2021.3.24,29218,26253,909,7
2021.3.25,29228,26257,909,10
2021.3.26,29238,26263,909,10
2021.3.27,29249,26268,909,11
2021.3.28,29255,26269,909,6
2021.3.29,29273,26275,909,18
2021.3.30,29293,26277,909,20
2021.3.31,29304,26288,909,11
2021.4.1,29319,26288,909,15
2021.4.2,29333,26290,909,14
2021.4.3,29341,26299,909,8
2021.4.4,29344,26302,909,3
2021.4.5,29357,26307,909,13
2021.4.6,29364,26318,909,7
2021.4.7,29377,26324,909,13
2021.4.8,29382,26326,909,5
2021.4.9,29388,26343,909,6
2021.4.10,29396,26352,909,8
2021.4.11,29402,26356,909,6
2021.4.12,29419,26361,909,17
2021.4.13,29426,26361,910,7
2021.4.14,29442,26380,910,16
2021.4.15,29457,26381,910,15
2021.4.16,29483,26385,910,26
2021.4.17,29494,26423,910,11
2021.4.18,29513,26435,910,19
2021.4.19,29531,26437,910,18
2021.4.20,29550,26450,910,19
2021.4.21,29574,26454,910,24
