date,累计确诊,治愈,死亡,新增确诊
2020.4.8,6074,25,235,365
2020.4.9,6574,25,263,500
2020.4.10,7054,25,288,480
2020.4.11,8928,25,320,553
2020.4.12,9655,25,334,727
2020.4.13,10647,25,365,992
2020.4.14,11479,25,406,832
2020.4.15,12547,77,444,1068
2020.4.16,13271,77,486,724
2020.4.17,13980,77,530,709
2020.4.18,14758,77,571,778
2020.4.19,15251,77,610,493
2020.4.20,15652,77,687,401
2020.4.21,16040,9233,730,388
2020.4.22,16671,9233,769,631
2020.4.23,17607,9233,794,936
2020.4.24,18184,9233,1014,577
2020.4.25,18561,9233,1063,377
2020.4.26,19262,9233,1087,701
2020.4.27,19648,9233,1102,386
2020.4.28,19877,9233,1159,229
2020.4.29,20253,13386,1190,376
2020.4.30,20612,13386,1232,359
2020.5.1,20833,13386,1265,221
2020.5.2,21176,13386,1286,343
2020.5.5,21983,13386,1339,211
2020.5.6,22248,17110,1375,265
2020.5.12,23242,17110,1488,107
2020.5.13,23401,19470,1497,159
2020.5.14,23827,19470,1506,426
2020.5.15,23956,19470,1518,129
2020.5.16,24048,19470,1533,92
2020.5.17,24112,19470,1543,64
2020.5.18,24112,19470,1543,0
2020.5.19,24200,19470,1547,88
2020.5.20,24251,19470,1561,51
2020.5.21,24315,21060,1571,64
2020.5.22,24391,21060,1583,76
2020.5.23,24506,21060,1592,115
2020.5.24,24582,21060,1604,76
2020.5.25,24639,21060,1608,57
2020.5.26,24698,21060,1606,59
2020.5.27,24735,21060,1615,37
2020.5.28,24803,22089,1631,68
2020.5.29,24841,22089,1639,38
2020.5.30,24876,22089,1645,35
2020.5.31,24929,22089,1651,53
2020.6.1,24990,22089,1652,61
2020.6.2,25062,22089,1650,72
2020.6.3,25066,22089,1658,4
2020.6.4,25111,22698,1659,45
2020.6.5,25142,22698,1664,31
2020.6.6,25163,22698,1670,21
2020.6.7,25201,22698,1679,38
2020.6.8,25201,22698,1679,0
2020.6.9,25207,22698,1683,6
2020.6.10,25215,22698,1691,8
2020.6.11,25231,22698,1695,16
2020.6.12,25238,22698,1703,7
2020.6.13,25250,22698,1705,12
2020.6.14,25295,22698,1705,45
2020.6.15,25303,22698,1706,8
2020.6.16,25321,22698,1706,18
2020.6.17,25334,22698,1709,13
2020.6.18,25341,22698,1710,7
2020.6.19,25355,22698,1714,14
2020.6.20,25368,22698,1714,13
2020.6.21,25374,22698,1715,6
2020.6.22,25379,22698,1715,5
2020.6.23,25383,22698,1717,4
2020.6.24,25391,22698,1720,8
2020.6.25,25396,23364,1726,5
2020.6.26,25405,23364,1727,9
2020.6.27,25414,23364,1730,9
2020.6.28,25437,23364,1734,23
2020.6.29,25439,23364,1735,2
2020.6.30,25462,23364,1735,23
2020.7.1,25473,23364,1736,11
2020.7.2,25477,23364,1738,4
2020.7.3,25489,23364,1738,12
2020.7.4,25498,23364,1740,9
2020.7.5,25509,23364,1741,11
2020.7.6,25527,23364,1741,18
2020.7.7,25531,23364,1741,4
2020.7.8,25538,23364,1742,7
2020.7.9,25542,23364,1738,4
2020.7.10,25565,23364,1743,23
2020.7.11,25589,23364,1744,24
2020.7.12,25611,23364,1746,22
2020.7.13,25628,23364,1746,17
2020.7.14,25638,23364,1746,10
2020.7.15,25670,23364,1746,32
2020.7.16,25683,23364,1748,13
2020.7.17,25698,23364,1749,15
2020.7.18,25730,23364,1752,32
2020.7.19,25750,23364,1753,20
2020.7.20,25760,23364,1753,10
2020.7.21,25766,23364,1753,6
2020.7.22,25802,23364,1753,36
2020.7.23,25819,23364,1754,17
2020.7.24,25826,23364,1763,7
2020.7.25,25845,23364,1763,19
2020.7.26,25869,23364,1764,24
2020.7.27,25881,23364,1764,12
2020.7.28,25892,23364,1764,11
2020.7.29,25929,23364,1764,37
2020.7.30,25942,23364,1764,13
2020.7.31,26027,23364,1763,85
2020.8.1,26065,23364,1763,38
2020.8.2,26109,23364,1763,44
2020.8.3,26162,23364,1763,53
2020.8.4,26208,23364,1763,46
2020.8.5,26253,23364,1763,45
2020.8.6,26303,23364,1763,50
2020.8.7,26372,23364,1768,69
2020.8.8,26470,23364,1772,98
2020.8.9,26644,23364,1772,174
2020.8.10,26712,23364,1772,68
2020.8.11,26768,23364,1772,56
2020.8.12,26801,23364,1773,33
2020.8.13,26838,23364,1774,37
2020.8.14,26929,23364,1774,91
2020.8.15,26995,23364,1774,66
2020.8.16,27191,23364,1774,196
2020.8.17,27257,23364,1774,66
2020.8.18,27313,23364,1774,56
2020.8.19,27499,23364,1775,186
2020.8.20,27547,23364,1775,48
2020.8.21,27676,23364,1776,129
2020.8.22,27755,23364,1776,79
2020.8.23,27908,23364,1777,153
2020.8.24,27969,23364,1777,61
2020.8.25,28116,23364,1777,147
2020.8.26,28201,23364,1777,85
2020.8.27,28363,23364,1777,162
2020.8.28,28453,23364,1777,90
2020.8.29,28578,23364,1777,125
2020.8.30,28720,23364,1777,142
2020.8.31,28760,23364,1777,40
2020.9.1,28811,23364,1777,51
2020.9.2,29025,23364,1777,214
2020.9.3,29114,23364,1777,89
2020.9.4,29206,23364,1777,92
2020.9.5,29303,23364,1777,97
2020.9.6,29534,23364,1777,231
2020.9.7,29672,23364,1777,138
2020.9.8,29774,23364,1777,102
2020.9.9,30080,23364,1778,306
2020.9.10,30164,23364,1781,84
2020.9.11,30360,23364,1781,196
2020.9.12,30571,23364,1781,211
2020.9.13,30730,23364,1783,159
2020.9.14,30985,23364,1784,255
2020.9.15,31192,23364,1784,207
2020.9.16,31549,23364,1787,357
2020.9.17,31799,23364,1788,250
2020.9.18,32023,23364,1789,224
2020.9.19,32271,23364,1792,248
2020.9.20,32538,23364,1792,267
2020.9.21,32933,23364,1792,395
2020.9.22,33121,23364,1792,188
2020.9.23,33444,23364,1792,323
2020.9.24,33675,23364,1794,231
2020.9.25,33994,23364,1797,319
2020.9.26,34315,23364,1797,321
2020.9.27,34560,23364,1802,245
2020.9.28,34990,23364,1802,430
2020.9.29,35377,23364,1802,387
2020.9.30,35740,23364,1803,363
2020.10.1,36155,23364,1804,415
2020.10.2,36597,23364,1806,442
2020.10.3,37063,23364,1801,466
2020.10.4,37668,23364,1810,605
2020.10.5,38032,23364,1810,364
2020.10.6,38549,23364,1810,517
2020.10.7,38973,23364,1811,424
2020.10.8,39584,23364,1816,611
2020.10.9,40086,23364,1817,502
2020.10.10,40703,23364,1821,617
2020.10.11,41714,23364,1824,1011
2020.10.12,42528,23364,1826,814
2020.10.13,43351,23364,1827,823
2020.10.14,44159,23364,1830,808
2020.10.15,45243,23364,1835,1084
2020.10.16,46429,23364,1838,1186
2020.10.17,47427,23364,1841,998
2020.10.18,48678,23364,1849,1251
2020.10.19,49962,23364,1852,1284
2020.10.20,50993,23364,1852,1031
2020.10.21,52256,23364,1865,1263
2020.10.22,53422,23364,1868,1166
2020.10.23,54476,23364,1871,1054
2020.10.24,55261,23364,1878,785
2020.10.25,56108,23364,1882,847
2020.10.26,57128,23364,1882,1020
2020.10.27,58067,23364,1885,939
2020.10.28,58767,23364,1890,700
2020.10.29,59434,23364,1896,667
2020.10.30,60297,23364,1902,863
2020.10.31,61059,23364,1908,762
2020.11.1,61456,23364,1913,397
2020.11.2,62002,23364,1915,546
2020.11.3,62750,23364,1917,748
2020.11.4,63048,23364,1922,298
2020.11.5,63483,23364,1930,435
2020.11.6,64046,23364,1933,563
2020.11.7,64538,23364,1940,492
2020.11.8,64855,23364,1945,317
2020.11.9,65394,23364,1947,539
2020.11.10,65659,23364,1948,265
2020.11.11,65889,23364,1963,230
2020.11.12,66247,23364,1965,358
2020.11.13,66632,23364,1965,385
2020.11.14,67099,23364,1972,467
2020.11.15,67526,23364,1978,427
2020.11.16,67903,23364,1979,377
2020.11.17,68356,23364,1984,453
2020.11.18,68686,23364,1995,330
2020.11.19,69058,23364,2006,372
2020.11.20,69473,23364,2010,415
2020.11.21,69802,23364,2018,329
2020.11.22,70143,23364,2022,341
2020.11.23,70461,23364,2023,318
2020.11.24,70711,23364,2023,250
2020.11.25,70930,23364,2028,219
2020.11.26,71187,23364,2033,257
2020.11.27,71494,23364,2036,307
2020.11.28,71699,23364,2043,205
2020.11.29,71942,23364,2050,243
2020.11.30,72544,23364,2053,299
2020.12.1,72544,23364,2053,0
2020.12.2,72798,23364,2069,254
2020.12.3,73066,23364,2074,268
2020.12.4,73228,23364,2080,162
2020.12.5,73491,23364,2086,263
2020.12.6,73948,23364,2099,457
2020.12.7,74246,23364,2099,298
2020.12.8,74468,23364,2099,222
2020.12.9,74682,23364,2097,214
2020.12.10,74900,23364,2102,218
2020.12.11,75203,23364,2117,303
2020.12.12,75507,23364,2120,304
2020.12.13,75756,23364,2123,249
2020.12.14,76185,23364,2124,429
2020.12.15,76449,23364,2126,264
2020.12.16,76776,23364,2134,327
2020.12.17,77197,23364,2140,421
2020.12.18,77678,23364,2143,481
2020.12.19,78254,23364,2149,576
2020.12.20,78776,23364,2154,522
2020.12.21,79542,23364,2158,766
2020.12.22,80267,23364,2158,725
2020.12.23,81228,23364,2171,961
2020.12.24,83073,23364,2192,1845
2020.12.25,84098,23364,2194,1025
2020.12.26,84098,23364,2194,0
2020.12.27,86129,23364,2204,2031
2020.12.28,86894,23364,2205,765
2020.12.29,86894,23364,2205,0
2020.12.30,88439,23364,2213,1545
2020.12.31,90157,23364,2226,1718
2021.1.1,91779,23364,2237,1622
2021.1.2,93532,23364,2248,1753
2021.1.3,96926,23364,2252,3394
2021.1.4,101887,23364,2259,4961
2021.1.5,107997,23364,2265,6110
2021.1.6,113322,23364,2282,5325
2021.1.7,121154,23364,2299,7832
2021.1.8,127657,23364,2307,6503
2021.1.9,135884,23364,2327,8227
2021.1.10,140727,23364,2336,4843
2021.1.11,147613,23364,2344,6886
2021.1.12,152539,23364,2352,4926
2021.1.13,155591,23364,2397,3052
2021.1.14,159144,23364,2460,3553
2021.1.15,163057,23364,2488,3913
2021.1.16,166548,23364,2536,3491
2021.1.17,169780,23364,2595,3232
2021.1.18,172726,23364,2608,2946
2021.1.19,174843,23364,2616,2117
2021.1.20,176839,23364,2708,1996
2021.1.21,179324,23364,2768,2485
2021.1.22,181922,23364,2818,2598
2021.1.23,184279,23364,2870,2357
2021.1.24,186184,23364,2947,1905
2021.1.25,187554,23364,2970,1370
2021.1.26,188923,23364,2977,1369
2021.1.27,189851,23364,3066,928
2021.1.28,191182,23364,3120,1331
2021.1.29,192645,23364,3167,1463
2021.1.30,193892,23364,3214,1247
2021.1.31,195303,23364,3292,1411
2021.2.1,196547,23364,3307,1244
2021.2.2,197553,23364,3317,1006
2021.2.3,198424,23364,3418,871
2021.2.4,199430,23364,3512,1006
2021.2.5,200744,23364,3586,1314
2021.2.6,201763,23364,3621,1019
2021.2.7,202548,23364,3674,785
2021.2.8,203568,23364,3686,1020
2021.2.9,204397,23364,3687,829
2021.2.10,204940,23364,3752,543
2021.2.11,205939,23364,3794,999
2021.2.12,206801,23364,3846,862
2021.2.13,207720,23364,3865,919
2021.2.14,208796,23364,3931,1076
2021.2.15,209582,23364,3948,786
2021.2.16,210402,23364,3948,820
2021.2.17,211113,23364,3980,711
2021.2.18,211751,23364,4036,638
2021.2.19,212647,23364,4082,896
2021.2.20,213400,23364,4109,753
2021.2.21,214378,23364,4135,978
2021.2.22,215057,23364,4136,679
2021.2.23,215743,23364,4137,686
2021.2.24,216300,23364,4181,557
2021.2.25,216870,23364,4237,570
2021.2.26,217478,23364,4271,608
2021.2.27,218251,23364,4300,773
2021.2.28,218980,23364,4313,729
2021.3.1,219592,23364,4319,612
2021.3.2,220273,23364,4319,681
2021.3.3,220630,23364,4333,357
2021.3.4,221189,23364,4357,559
2021.3.5,221649,23364,4396,460
2021.3.6,222169,23364,4405,520
2021.3.7,222699,23364,4419,530
2021.3.8,223219,23364,4422,520
2021.3.9,223651,23364,4422,432
2021.3.10,223957,23364,4452,306
2021.3.11,224588,23364,4499,631
2021.3.12,225179,23364,4509,591
2021.3.13,225820,23364,4518,641
2021.3.14,226358,23364,4534,538
2021.3.15,226741,23364,4534,383
2021.3.16,227316,23364,4534,575
2021.3.17,227663,23364,4552,347
2021.3.18,228215,23364,4566,552
2021.3.19,228796,23364,4566,581
2021.3.20,229306,23364,4576,510
2021.3.21,229831,23364,4585,525
2021.3.22,230599,23364,4587,768
2021.3.23,231119,23364,4588,520
2021.3.24,231484,23364,4610,365
2021.3.25,232164,23364,4628,680
2021.3.26,232758,23364,4631,594
2021.3.27,233327,23364,4651,569
2021.3.28,233937,23364,4653,610
2021.3.29,234541,23364,4666,604
2021.3.30,235078,23364,4667,537
2021.3.31,235854,23364,4687,776
2021.4.1,235854,23364,4687,0
2021.4.2,236600,23364,4705,746
2021.4.3,237695,23364,4715,1095
2021.4.4,237695,23364,4715,0
2021.4.5,238148,23364,4718,453
2021.4.6,238466,23364,4718,318
2021.4.7,238907,23364,4727,441
2021.4.8,239325,23364,4732,418
2021.4.9,239723,23364,4737,398
2021.4.10,240643,23364,4783,920
2021.4.11,240643,23364,4783,0
2021.4.12,240945,23364,4785,302
2021.4.13,241330,23364,4785,385
2021.4.14,241684,23364,4803,354
2021.4.15,242105,222851,4812,421
2021.4.16,242402,223395,4820,297
2021.4.17,242819,223965,4831,417
2021.4.18,243238,224471,4835,419
2021.4.19,243508,224470,4836,270
2021.4.20,243911,225763,4836,403
2021.4.21,244297,225752,4847,386
