date,累计确诊,治愈,死亡,新增确诊
2020.4.7,1185,72,24,36
2020.4.8,1185,72,24,36
2020.4.9,1207,83,24,22
2020.4.10,1258,93,24,51
2020.4.11,1304,93,24,46
2020.4.12,1309,98,25,5
2020.4.13,1332,102,28,23
2020.4.14,1400,117,35,27
2020.4.15,1434,133,36,34
2020.4.16,1459,145,38,25
2020.4.17,1512,162,38,53
2020.4.18,1528,164,40,16
2020.4.19,1535,165,40,7
2020.4.20,1552,169,43,17
2020.4.21,1559,184,44,7
2020.4.22,1592,192,45,33
2020.4.23,1605,206,46,13
2020.4.24,1635,228,46,30
2020.4.25,1643,233,49,8
2020.4.26,1647,233,50,4
2020.4.27,1660,240,50,13
2020.4.28,1666,240,50,6
2020.4.29,1689,249,52,23
2020.4.30,1694,253,52,5
2020.5.1,1699,256,53,5
2020.5.2,1700,259,55,1
2020.5.3,1703,259,55,3
2020.5.4,1711,261,55,8
2020.5.5,1713,264,55,2
2020.5.6,1720,273,56,7
2020.5.7,1725,273,56,5
2020.5.8,1733,747,60,8
2020.5.9,1739,750,60,6
2020.5.10,1741,751,61,6
2020.5.11,1746,777,61,2
2020.5.12,1751,777,61,5
2020.5.13,1758,909,62,7
2020.5.14,1766,923,63,8
2020.5.15,1770,934,63,4
2020.5.16,1774,938,63,4
2020.5.17,1784,938,64,10
2020.5.18,1784,938,64,0
2020.5.19,1791,938,64,7
2020.5.20,1794,956,64,3
2020.5.21,1800,963,64,6
2020.5.22,1807,1508,64,7
2020.5.23,1821,1526,64,14
2020.5.24,1823,1532,64,2
2020.5.25,1824,1538,65,1
2020.5.26,1834,1552,65,10
2020.5.27,1840,1561,66,6
2020.5.28,1851,1574,66,11
2020.5.29,1859,1610,67,8
2020.5.30,1865,1622,67,6
2020.5.31,1869,1624,68,4
2020.6.1,1870,1625,68,1
2020.6.2,1870,1632,68,0
2020.6.3,1880,1650,69,10
2020.6.4,1890,1663,69,10
2020.6.5,1910,1667,69,20
2020.6.6,1931,1675,69,21
2020.6.7,1939,1681,69,8
2020.6.8,1940,1683,69,1
2020.6.9,1947,1684,69,7
2020.6.10,1958,1690,69,11
2020.6.11,1965,1697,69,7
2020.6.12,1970,1703,69,5
2020.6.13,1973,1705,69,3
2020.6.14,1973,1705,69,0
2020.6.15,1974,1717,69,1
2020.6.16,1975,1728,69,1
2020.6.17,1977,1743,69,2
2020.6.18,1977,1748,69,0
2020.6.19,1979,1755,69,2
2020.6.20,1981,1758,69,2
2020.6.21,1981,1764,69,0
2020.6.22,1981,1765,69,0
2020.6.23,1982,1771,69,1
2020.6.24,1983,1783,69,1
2020.6.25,1984,1790,69,1
2020.6.26,1986,1797,69,2
2020.6.27,1986,1812,69,0
2020.6.28,1987,1818,69,1
2020.6.29,1987,1818,69,0
2020.6.30,1989,1829,69,2
2020.7.1,1989,1836,69,0
2020.7.2,1990,1842,69,1
2020.7.3,1991,1859,69,1
2020.7.4,1993,1870,69,2
2020.7.5,1993,1874,69,0
2020.7.6,1994,1875,69,1
2020.7.7,1995,1880,69,1
2020.7.8,2003,1882,69,8
2020.7.9,2011,1889,69,8
2020.7.10,2013,1894,69,2
2020.7.11,2014,1895,69,1
2020.7.12,2014,1895,69,0
2020.7.13,2014,1895,69,0
2020.7.14,2015,1897,69,1
2020.7.15,2016,1901,69,1
2020.7.16,2016,1904,69,0
2020.7.17,2020,1910,69,4
2020.7.18,2021,1912,69,1
2020.7.19,2021,1912,69,0
2020.7.20,2021,1912,69,0
2020.7.21,2022,1912,69,1
2020.7.22,2025,1912,69,3
2020.7.23,2027,1912,69,2
2020.7.24,2028,1915,69,1
2020.7.25,2033,1915,69,5
2020.7.26,2034,1922,69,1
2020.7.27,2034,1923,69,0
2020.7.28,2038,1924,69,4
2020.7.29,2042,1926,69,4
2020.7.30,2051,1926,69,9
2020.7.31,2064,1930,69,13
2020.8.1,2072,1934,69,8
2020.8.2,2079,1934,69,7
2020.8.3,2080,1935,63,1
2020.8.4,2091,1937,63,11
2020.8.5,2113,1948,63,22
2020.8.6,2124,1954,63,11
2020.8.7,2133,1956,63,9
2020.8.8,2147,1961,63,14
2020.8.9,2152,1961,63,5
2020.8.10,2158,1962,63,6
2020.8.11,2167,1968,63,9
2020.8.12,2174,1975,63,7
2020.8.13,2174,1975,63,0
2020.8.14,2177,1976,63,3
2020.8.15,2184,1976,63,7
2020.8.16,2190,1976,63,6
2020.8.17,2192,1976,63,2
2020.8.18,2200,1990,63,8
2020.8.19,2207,2002,63,7
2020.8.20,2227,2009,63,20
2020.8.21,2244,2011,63,17
2020.8.22,2265,2024,63,21
2020.8.23,2272,2024,63,7
2020.8.24,2275,2025,64,3
2020.8.25,2294,2038,64,19
2020.8.26,2311,2054,64,17
2020.8.27,2325,2067,64,14
2020.8.28,2343,2076,64,18
2020.8.29,2363,2086,64,20
2020.8.30,2373,2088,64,10
2020.8.31,2375,2088,64,2
2020.9.1,2395,2112,64,20
2020.9.2,2415,2130,64,20
2020.9.3,2441,2150,64,26
2020.9.4,2456,2157,64,15
2020.9.5,2491,2165,64,35
2020.9.6,2516,2170,64,25
2020.9.7,2532,2176,64,16
2020.9.8,2564,2195,64,32
2020.9.9,2585,2213,64,21
2020.9.10,2600,2223,64,15
2020.9.11,2632,2233,64,32
2020.9.12,2655,2252,64,23
2020.9.13,2676,2256,64,21
2020.9.14,2698,2256,64,22
2020.9.15,2722,2286,64,24
2020.9.16,2756,2318,64,34
2020.9.17,2778,2337,64,22
2020.9.18,2814,2357,64,36
2020.9.19,2875,2374,64,61
2020.9.20,2924,2377,64,49
2020.9.21,2941,2379,64,17
2020.9.22,2976,2385,64,35
2020.9.23,3033,2387,64,57
2020.9.24,3076,2395,64,43
2020.9.25,3118,2417,64,42
2020.9.26,3165,2499,64,47
2020.9.27,3200,2506,64,35
2020.9.28,3267,2513,64,67
2020.9.29,3315,2564,64,48
2020.9.30,3371,2605,64,56
2020.10.1,3450,2643,65,79
2020.10.2,3507,2675,66,57
2020.10.3,3577,2727,67,70
2020.10.4,3607,2749,67,30
2020.10.5,3617,2755,67,10
2020.10.6,3659,2806,67,42
2020.10.7,3715,2813,67,56
2020.10.8,3760,2824,67,45
2020.10.9,3809,2906,68,49
2020.10.10,3846,2946,68,37
2020.10.11,3865,2958,68,19
2020.10.12,3883,2967,68,18
2020.10.13,3908,3015,68,25
2020.10.14,3947,3060,68,39
2020.10.15,3980,3093,68,33
2020.10.16,4017,3137,68,37
2020.10.17,4052,3198,68,35
2020.10.18,4078,3211,68,26
2020.10.19,4085,3229,68,7
2020.10.20,4127,3270,71,42
2020.10.21,4171,3334,71,44
2020.10.22,4247,3366,71,76
2020.10.23,4300,3418,73,53
2020.10.24,4351,3441,73,51
2020.10.25,4411,3457,73,60
2020.10.26,4428,3505,73,17
2020.10.27,4465,3561,73,37
2020.10.28,4590,3626,73,125
2020.10.29,4671,3684,73,81
2020.10.30,4771,3747,73,100
2020.10.31,4905,3811,73,134
2020.11.1,4985,3824,73,80
2020.11.2,5046,3832,73,61
2020.11.3,5125,3904,73,79
2020.11.4,5333,3954,73,208
2020.11.5,5464,4032,73,131
2020.11.6,5705,4103,73,241
2020.11.7,5933,4184,73,228
2020.11.8,6125,4193,75,192
2020.11.9,6250,4205,76,125
2020.11.10,6376,4219,76,126
2020.11.11,6508,4378,76,132
2020.11.12,6881,4453,76,373
2020.11.13,7148,4551,80,267
2020.11.14,7412,4708,80,264
2020.11.15,7637,4741,81,225
2020.11.16,7848,4749,81,211
2020.11.17,8033,4977,84,185
2020.11.18,8304,5120,85,271
2020.11.19,8715,5264,86,411
2020.11.20,9076,5296,87,361
2020.11.21,9375,5661,87,299
2020.11.22,9724,5699,88,349
2020.11.23,9956,5720,92,232
2020.11.24,10159,6014,94,203
2020.11.25,10541,6052,97,382
2020.11.26,10955,6497,99,414
2020.11.27,11323,6710,104,368
2020.11.28,11698,6974,109,375
2020.11.29,12052,7010,112,354
2020.11.30,12308,7078,118,256
2020.12.1,12497,7536,121,189
2020.12.2,13019,7608,122,522
2020.12.3,13469,8182,123,450
2020.12.4,13939,8549,125,470
2020.12.5,14500,8919,126,561
2020.12.6,14978,8959,131,478
2020.12.7,15226,9009,134,248
2020.12.8,15510,9446,137,284
2020.12.9,16054,9860,139,544
2020.12.10,16598,9945,141,544
2020.12.11,16956,10533,142,358
2020.12.12,17713,10626,148,757
2020.12.13,18055,11037,149,342
2020.12.14,18385,11121,154,330
2020.12.15,18682,11669,157,297
2020.12.16,19271,12117,160,589
2020.12.17,20004,12533,164,733
2020.12.18,20658,12922,168,654
2020.12.19,21219,13488,170,561
2020.12.20,21794,13590,174,575
2020.12.21,22083,13677,181,289
2020.12.22,22647,14395,187,564
2020.12.23,23309,14898,192,662
2020.12.24,24009,15393,195,700
2020.12.25,24582,15543,202,573
2020.12.26,25027,15688,204,445
2020.12.27,25808,15921,213,781
2020.12.28,25808,15921,213,0
2020.12.29,26283,16965,221,475
2020.12.30,27256,17664,226,973
2020.12.31,27990,18326,229,734
2021.1.1,28406,19027,234,416
2021.1.2,28789,19205,241,383
2021.1.3,29131,19323,244,342
2021.1.4,29521,19453,251,390
2021.1.5,29950,20507,258,429
2021.1.6,30667,21071,261,717
2021.1.7,31751,21567,265,1084
2021.1.8,32537,22124,270,786
2021.1.9,33089,22752,278,552
2021.1.10,33516,22876,283,427
2021.1.11,33805,23007,287,289
2021.1.12,34138,23811,292,333
2021.1.13,34991,24360,301,853
2021.1.14,35621,25032,311,630
2021.1.15,36096,25553,316,475
2021.1.16,36691,26225,320,595
2021.1.17,37079,26443,325,388
2021.1.18,37344,26669,333,265
2021.1.19,37941,27416,344,597
2021.1.20,38544,28107,349,603
2021.1.21,39212,28743,354,668
2021.1.22,39701,29167,358,489
2021.1.23,40184,29747,368,483
2021.1.24,40716,30010,376,532
2021.1.25,40975,30120,383,259
2021.1.26,41330,31039,392,355
2021.1.27,41966,31695,398,636
2021.1.28,42656,32398,406,690
2021.1.29,43343,32968,409,687
2021.1.30,43747,33056,411,404
2021.1.31,44208,33738,419,461
2021.2.1,44575,33948,422,367
2021.2.2,44978,34927,424,403
2021.2.3,45663,35677,433,685
2021.2.4,46334,36329,443,671
2021.2.5,46925,36881,447,591
2021.2.6,47512,37648,456,587
2021.2.7,47928,37785,461,416
2021.2.8,48267,37908,466,339
2021.2.9,48809,38730,474,542
2021.2.10,49605,39386,477,796
2021.2.11,50280,39928,480,675
2021.2.12,50993,40476,486,713
2021.2.13,51749,41199,491,756
2021.2.14,52416,41327,495,667
2021.2.15,52827,41461,501,411
2021.2.16,53444,42403,508,617
2021.2.17,54300,43054,510,856
2021.2.18,55295,43663,514,995
2021.2.19,56246,44248,518,951
2021.2.20,57033,45080,528,787
2021.2.21,57616,45233,535,583
2021.2.22,58445,45352,540,829
2021.2.23,59407,46335,553,962
2021.2.24,60475,47139,557,1068
2021.2.25,61627,47460,567,1152
2021.2.26,62830,48491,575,1203
2021.2.27,64399,49709,584,1569
2021.2.28,65600,49908,589,1201
2021.3.1,66628,50103,598,1028
2021.3.2,67739,50351,605,1111
2021.3.3,69193,50640,615,1454
2021.3.4,70610,53360,623,1417
2021.3.5,72144,54126,637,1534
2021.3.6,73684,55161,644,1540
2021.3.7,75003,55396,653,1319
2021.3.8,76183,55641,667,1180
2021.3.9,77491,57206,669,1308
2021.3.10,78973,57463,677,1482
2021.3.11,80929,57716,686,1956
2021.3.12,82286,58043,695,1357
2021.3.13,83872,59385,710,1586
2021.3.14,84807,59744,719,935
2021.3.15,86086,60007,728,1279
2021.3.16,87548,60376,739,1462
2021.3.17,89331,60743,745,1783
2021.3.18,91031,64690,758,1700
2021.3.19,92780,65039,769,1749
2021.3.20,94028,67498,780,1248
2021.3.21,95401,67814,787,1373
2021.3.22,96394,68249,797,993
2021.3.23,97456,70346,809,1062
2021.3.24,99008,70913,823,1552
2021.3.25,100437,71376,836,1429
2021.3.26,101587,72025,847,1150
2021.3.27,102738,76631,860,1151
2021.3.28,103630,77270,868,892
2021.3.29,104214,77867,879,584
2021.3.30,105416,80092,896,1202
2021.3.31,106424,81859,902,1008
2021.4.1,107253,83417,908,829
2021.4.2,108418,85053,922,1165
2021.4.3,108937,85900,931,519
2021.4.4,109399,86524,941,462
2021.4.5,109781,87092,950,382
2021.4.6,110680,89105,964,899
2021.4.7,111664,90551,976,984
2021.4.8,112421,91789,990,757
2021.4.9,113098,92862,1006,677
2021.4.10,113736,94206,1020,638
2021.4.11,114174,94807,1028,438
2021.4.12,114443,95246,1037,269
2021.4.13,115080,96844,1049,637
2021.4.14,115629,97889,1057,549
2021.4.15,116200,99096,1064,571
2021.4.16,116678,100176,1070,478
2021.4.17,117011,101471,1082,333
2021.4.18,117554,101879,1092,543
2021.4.19,117782,102226,1100,228
2021.4.20,118317,103586,1104,535
2021.4.21,118789,104653,1109,472
