date,累计确诊,治愈,死亡,新增确诊
2020.4.8,63,10,4,3
2020.4.9,63,12,4,0
2020.4.10,65,13,4,2
2020.4.11,69,13,4,6
2020.4.12,72,16,4,3
2020.4.13,73,19,4,1
2020.4.14,105,19,4,32
2020.4.15,125,21,5,20
2020.4.16,143,21,5,18
2020.4.17,163,25,5,20
2020.4.18,173,25,5,10
2020.4.19,196,27,5,23
2020.4.20,223,27,5,50
2020.4.21,233,27,6,10
2020.4.22,252,27,6,24
2020.4.23,257,28,6,5
2020.4.24,288,28,7,31
2020.4.25,305,28,7,17
2020.4.26,350,28,7,45
2020.4.27,364,29,7,14
2020.4.28,381,29,7,17
2020.4.30,396,29,7,51
2020.5.1,432,31,8,10
2020.5.2,463,33,8,31
2020.5.3,469,38,9,6
2020.5.4,471,49,9,2
2020.5.5,473,56,9,2
2020.5.6,478,57,9,5
2020.5.7,488,58,9,10
2020.5.10,502,90,9,4
2020.5.12,507,100,9,3
2020.5.15,509,118,9,2
2020.5.16,511,121,9,2
2020.5.17,517,121,9,6
2020.5.18,520,127,9,3
2020.5.19,520,131,9,0
2020.5.20,520,145,9,0
2020.5.21,529,171,9,9
2020.5.22,534,181,9,5
2020.5.23,544,191,9,10
2020.5.24,550,200,9,6
2020.5.25,552,211,9,2
2020.5.26,556,238,9,4
2020.5.27,564,267,9,8
2020.5.28,569,279,9,5
2020.5.29,569,284,9,0
2020.5.30,575,289,9,6
2020.5.31,581,290,9,6
2020.6.1,586,311,9,5
2020.6.2,588,322,9,2
2020.6.3,590,356,9,2
2020.6.4,591,361,10,1
2020.6.5,591,368,10,0
2020.6.6,595,385,10,4
2020.6.7,596,404,10,1
2020.6.8,598,405,10,2
2020.6.9,599,405,10,1
2020.6.10,605,405,10,6
2020.6.11,605,407,10,0
2020.6.12,611,408,10,6
2020.6.13,614,417,10,3
2020.6.14,615,420,10,1
2020.6.15,617,420,10,2
2020.6.16,621,430,10,4
2020.6.17,621,449,10,0
2020.6.18,626,451,10,5
2020.6.19,638,458,10,12
2020.6.20,652,458,10,14
2020.6.21,657,462,10,5
2020.6.22,659,516,10,2
2020.6.23,665,516,10,6
2020.6.24,670,518,10,5
2020.6.25,678,521,10,8
2020.6.26,684,526,10,6
2020.6.27,686,539,10,2
2020.6.28,690,552,10,4
2020.6.29,696,552,10,6
2020.6.30,698,553,10,2
2020.7.1,702,553,10,4
2020.7.2,707,555,10,5
2020.7.3,715,560,10,8
2020.7.4,721,565,10,6
2020.7.5,728,569,10,7
2020.7.6,732,584,10,4
2020.7.7,737,591,10,5
2020.7.8,745,599,10,8
2020.7.9,751,600,10,6
2020.7.10,753,603,10,2
2020.7.11,753,605,10,0
2020.7.12,758,615,10,5
2020.7.13,758,620,10,0
2020.7.14,759,628,10,1
2020.7.15,762,643,10,3
2020.7.16,763,647,10,1
2020.7.17,765,647,10,2
2020.7.18,768,678,10,3
2020.7.19,774,679,10,6
2020.7.20,790,693,10,16
2020.7.21,809,706,10,19
2020.7.22,810,709,10,1
2020.7.23,816,710,10,6
2020.7.24,821,711,10,5
2020.7.25,831,711,10,10
2020.7.26,837,711,10,6
2020.7.27,842,714,10,5
2020.7.28,853,714,10,11
2020.7.29,855,724,10,2
2020.7.30,856,724,10,1
2020.7.31,864,724,10,8
2020.8.1,878,726,10,14
2020.8.2,883,743,10,5
2020.8.3,894,743,12,11
2020.8.4,905,743,12,11
2020.8.5,920,745,12,15
2020.8.6,928,745,12,8
2020.8.7,958,745,12,30
2020.8.8,987,745,13,29
2020.8.9,1003,745,13,16
2020.8.10,1023,745,14,20
2020.8.11,1031,745,14,8
2020.8.12,1047,753,14,16
2020.8.13,1065,753,14,18
2020.8.14,1071,754,14,6
2020.8.15,1082,761,14,11
2020.8.16,1106,761,14,24
2020.8.17,1113,764,14,7
2020.8.18,1129,764,14,16
2020.8.19,1146,770,14,17
2020.8.20,1192,772,14,46
2020.8.21,1290,788,15,98
2020.8.22,1346,788,16,56
2020.8.23,1413,817,16,67
2020.8.24,1529,819,16,116
2020.8.25,1612,819,16,83
2020.8.26,1732,840,19,120
2020.8.27,1804,846,19,72
2020.8.28,1870,846,19,66
2020.8.29,2011,888,19,141
2020.8.30,2113,890,20,102
2020.8.31,2357,890,21,244
2020.9.1,2459,890,21,102
2020.9.2,2683,898,24,224
2020.9.3,2822,900,27,139
2020.9.4,2896,921,29,74
2020.9.5,2964,922,30,68
2020.9.6,3024,950,32,60
2020.9.7,3103,958,33,79
2020.9.8,3183,974,34,80
2020.9.9,3323,992,36,140
2020.9.10,3437,1019,38,114
2020.9.11,3511,1019,40,74
2020.9.12,3511,1019,40,0
2020.9.13,3623,1072,40,112
2020.9.14,3771,1149,42,148
2020.9.15,3933,1161,44,162
2020.9.16,4164,1180,46,231
2020.9.17,4164,1180,46,0
2020.9.18,4374,1225,51,210
2020.9.19,4571,1264,55,197
2020.9.20,4758,1327,60,187
2020.9.21,5143,1407,70,385
2020.9.22,5270,1444,75,127
2020.9.23,5395,1444,76,125
2020.9.24,5588,1490,77,193
2020.9.25,5723,1496,80,135
2020.9.26,5854,1624,88,131
2020.9.27,6017,1706,89,163
2020.9.28,6170,1741,93,153
2020.9.29,6170,1741,93,0
2020.9.30,6482,1867,107,312
2020.10.1,6555,1991,111,73
2020.10.2,6704,2112,116,149
2020.10.3,6795,2345,119,91
2020.10.4,6895,2460,120,100
2020.10.5,7012,2635,120,117
2020.10.6,7109,2674,123,97
2020.10.7,7191,2700,126,82
2020.10.8,7273,2732,128,82
2020.10.9,7363,3102,132,90
2020.10.10,7559,3142,138,196
2020.10.11,7718,3162,139,159
2020.10.12,7813,3237,146,95
2020.10.13,7910,3303,146,97
2020.10.14,7989,3431,151,79
2020.10.15,8067,3481,160,78
2020.10.16,8132,3653,162,65
2020.10.17,8195,3653,168,63
2020.10.18,8274,3859,171,79
2020.10.19,8321,3951,173,47
2020.10.20,8374,4002,174,53
2020.10.21,8445,4016,174,71
2020.10.22,8600,4095,179,155
2020.10.23,8638,4156,182,38
2020.10.24,8670,4209,186,32
2020.10.25,8714,4282,188,44
2020.10.26,8749,4303,192,35
2020.10.27,8787,4347,196,38
2020.10.28,8787,4347,196,0
2020.10.29,8927,4429,202,140
2020.10.30,9005,4442,205,78
2020.10.31,9094,4510,206,89
2020.11.1,9094,4510,206,0
2020.11.2,9257,4637,210,163
2020.11.3,9296,4666,214,39
2020.11.4,9326,4704,215,30
2020.11.5,9373,4745,217,47
2020.11.6,9426,4801,218,53
2020.11.7,9472,4878,218,46
2020.11.8,9506,4934,221,34
2020.11.9,9542,4952,221,36
2020.11.10,9542,4952,221,0
2020.11.11,9581,4995,225,39
2020.11.12,9634,5043,225,53
2020.11.13,9723,5168,227,89
2020.11.14,9780,5228,229,57
2020.11.15,9884,5248,231,104
2020.11.16,9929,5330,231,45
2020.11.17,9929,5330,231,0
2020.11.18,10019,5369,233,90
2020.11.19,10088,5407,235,69
2020.11.20,10151,5432,235,63
2020.11.21,10240,5481,237,89
2020.11.22,10284,5505,238,44
2020.11.23,10343,5518,239,59
2020.11.24,10422,5572,243,79
2020.11.25,10488,5623,247,66
2020.11.26,10541,5721,248,53
2020.11.27,10600,5829,250,59
2020.11.28,10669,5953,251,69
2020.11.29,10709,6066,256,40
2020.11.30,10763,6219,257,54
2020.12.1,10810,6364,258,47
2020.12.2,10864,6500,258,54
2020.12.3,10911,6614,259,47
2020.12.4,10987,6730,260,76
2020.12.5,11063,6866,261,76
2020.12.6,11120,6998,265,57
2020.12.7,11120,6998,265,0
2020.12.8,11271,7292,265,151
2020.12.9,11369,7390,266,98
2020.12.10,11443,7522,270,74
2020.12.11,11509,7667,270,66
2020.12.12,11608,7799,271,99
2020.12.13,11710,7954,273,102
2020.12.14,11792,8098,273,82
2020.12.15,11875,8212,276,83
2020.12.16,11907,8371,276,32
2020.12.17,11907,8371,276,0
2020.12.18,12039,8668,283,132
2020.12.19,12135,8812,285,96
2020.12.20,12224,8966,286,89
2020.12.21,12289,9113,286,65
2020.12.22,12354,9266,288,65
2020.12.23,12423,9416,290,69
2020.12.24,12519,9579,292,96
2020.12.25,12597,9737,294,78
2020.12.26,12684,9881,294,87
2020.12.27,12723,10019,295,39
2020.12.28,12732,10161,298,9
2020.12.29,12752,10207,298,20
2020.12.30,12793,10319,302,41
2020.12.31,12827,10383,302,34
2021.1.1,12915,10532,303,88
2021.1.2,12931,10679,303,16
2021.1.3,13049,10833,304,118
2021.1.4,13049,10833,304,0
2021.1.5,13246,11106,305,197
2021.1.6,13330,11182,306,84
2021.1.7,13368,11253,306,38
2021.1.8,13411,11323,307,43
2021.1.9,13455,11379,311,44
2021.1.10,13548,11429,312,93
2021.1.11,13637,11506,313,89
2021.1.12,13760,11526,315,123
2021.1.13,13852,11568,317,92
2021.1.14,13852,11568,317,0
2021.1.15,13992,11630,323,140
2021.1.16,14096,11674,323,104
2021.1.17,14161,11709,324,65
2021.1.18,14274,11727,326,113
2021.1.19,14419,11743,329,145
2021.1.20,14487,11777,331,68
2021.1.21,14550,11809,331,63
2021.1.22,14658,11833,332,108
2021.1.23,14772,11850,336,114
2021.1.24,14772,11850,336,0
2021.1.25,15012,11889,338,240
2021.1.26,15153,11911,339,141
2021.1.27,15241,11942,342,88
2021.1.28,15435,11961,344,194
2021.1.29,15462,11981,345,27
2021.1.30,15527,12004,348,65
2021.1.31,15653,12043,350,126
2021.2.1,15778,12068,352,125
2021.2.2,15973,12108,353,195
2021.2.3,16073,12137,355,100
2021.2.4,16250,12174,355,177
2021.2.5,16250,12174,355,0
2021.2.6,16841,12225,357,591
2021.2.7,16841,12225,357,0
2021.2.8,17298,12318,358,457
2021.2.9,17701,12362,359,403
2021.2.10,17701,12362,359,0
2021.2.11,18237,12456,363,536
2021.2.12,18237,12456,363,0
2021.2.13,18527,12504,368,290
2021.2.14,19035,12593,374,508
2021.2.15,19305,12635,378,270
2021.2.16,19773,12684,378,468
2021.2.17,20016,12735,381,243
2021.2.18,20016,12735,381,0
2021.2.19,20581,12828,391,565
2021.2.20,20924,12883,391,343
2021.2.21,21382,12931,396,458
2021.2.22,21679,12988,399,297
2021.2.23,21826,13046,405,147
2021.2.24,22019,13107,406,193
2021.2.25,22267,13173,410,248
2021.2.26,22471,13231,413,204
2021.2.27,22817,13318,417,346
2021.2.28,23263,13410,422,446
2021.3.1,23263,13410,422,0
2021.3.2,23838,13625,432,575
2021.3.3,24103,13745,435,265
2021.3.4,24103,13745,435,0
2021.3.5,24444,13869,436,341
2021.3.6,25303,14159,446,859
2021.3.7,26026,14301,453,723
2021.3.8,26026,14301,453,0
2021.3.9,26904,14447,454,878
2021.3.10,27465,14595,460,561
2021.3.11,28968,14781,475,1503
2021.3.12,29387,14912,480,419
2021.3.13,29387,14912,480,0
2021.3.14,30499,15139,485,1112
2021.3.15,31305,15253,492,806
2021.3.16,31305,15253,492,0
2021.3.17,31907,15371,494,602
2021.3.18,33366,15615,511,1459
2021.3.19,33970,15810,519,604
2021.3.20,34665,15939,524,695
2021.3.21,35338,16130,533,673
2021.3.22,35338,16130,533,0
2021.3.23,36231,16490,542,893
2021.3.24,36670,16618,545,439
2021.3.25,37128,16739,546,458
2021.3.26,37128,16739,546,0
2021.3.27,37747,17016,566,619
2021.3.28,38227,17197,570,480
2021.3.29,38514,17334,586,287
2021.3.30,38848,17474,587,334
2021.3.31,38848,17474,587,0
2021.4.1,39237,17598,596,389
2021.4.2,39967,17861,607,730
2021.4.3,40449,18014,613,482
2021.4.4,40663,18149,615,214
2021.4.5,41013,18297,618,350
2021.4.6,41013,18297,618,0
2021.4.7,41328,18444,622,315
2021.4.8,41400,18444,631,72
2021.4.9,41604,18566,646,204
2021.4.10,41843,18690,661,239
2021.4.11,42119,18785,669,276
2021.4.12,42500,18896,672,381
2021.4.13,42924,19136,682,424
2021.4.14,42924,19136,682,0
2021.4.15,43240,19369,697,316
2021.4.16,43240,19369,697,0
2021.4.17,43684,19599,721,444
2021.4.18,43684,19599,721,0
2021.4.19,44136,19832,727,452
2021.4.20,44254,19962,738,118
