date,累计确诊,治愈,死亡,新增确诊
2020.4.11,9,0,1,1
2020.4.13,10,0,1,1
2020.4.16,11,0,1,1
2020.4.22,11,4,1,0
2020.4.26,12,4,1,1
2020.5.15,12,10,1,0
2020.5.16,12,10,1,0
2020.5.17,12,10,1,0
2020.5.18,12,10,1,0
2020.5.19,12,10,1,0
2020.5.20,12,10,1,0
2020.5.21,12,10,1,0
2020.5.22,12,10,1,0
2020.5.23,12,10,1,0
2020.5.24,12,10,1,0
2020.5.25,12,10,1,0
2020.5.26,12,10,1,0
2020.5.27,12,10,1,0
2020.5.28,12,10,1,0
2020.5.29,12,10,1,0
2020.5.30,12,10,1,0
2020.5.31,12,11,1,0
2020.6.1,12,11,1,0
2020.6.2,12,11,1,0
2020.6.3,12,11,1,0
2020.6.4,12,11,1,0
2020.6.5,12,11,1,0
2020.6.6,12,11,1,0
2020.6.7,12,11,1,0
2020.6.8,12,11,1,0
2020.6.9,12,11,1,0
2020.6.10,12,11,1,0
2020.6.11,12,11,1,0
2020.6.12,12,11,1,0
2020.6.13,12,11,1,0
2020.6.14,12,11,1,0
2020.6.15,12,11,1,0
2020.6.16,12,11,1,0
2020.6.17,12,11,1,0
2020.6.18,12,11,1,0
2020.6.19,12,11,1,0
2020.6.20,12,11,1,0
2020.6.21,14,11,1,2
2020.6.22,14,11,1,0
2020.6.23,14,11,1,0
2020.6.24,14,11,1,0
2020.6.25,15,11,1,1
2020.6.26,16,11,1,1
2020.6.27,16,11,1,0
2020.6.28,28,11,1,12
2020.6.29,41,11,1,13
2020.6.30,41,11,2,0
2020.7.1,42,11,2,1
2020.7.2,42,11,2,0
2020.7.3,44,11,2,2
2020.7.4,45,11,2,1
2020.7.5,47,11,2,2
2020.7.6,48,11,2,1
2020.7.7,49,11,2,1
2020.7.8,55,11,2,6
2020.7.9,55,11,2,0
2020.7.10,66,11,2,11
2020.7.11,66,11,2,0
2020.7.12,71,11,2,5
2020.7.13,72,11,2,1
2020.7.14,72,11,2,0
2020.7.15,72,12,2,0
2020.7.16,72,12,2,0
2020.7.17,74,12,2,2
2020.7.18,75,12,2,1
2020.7.19,75,22,2,0
2020.7.20,81,22,2,6
2020.7.21,81,22,2,0
2020.7.22,81,22,2,0
2020.7.23,82,22,2,1
2020.7.24,90,26,2,8
2020.7.25,92,28,2,2
2020.7.26,97,35,2,5
2020.7.27,97,35,2,0
2020.7.28,99,36,2,2
2020.7.29,99,37,2,0
2020.7.30,104,37,2,5
2020.7.31,107,37,2,3
2020.8.1,114,38,2,7
2020.8.2,114,38,2,0
2020.8.3,116,38,2,2
2020.8.4,116,38,2,0
2020.8.5,116,38,2,0
2020.8.6,129,39,2,13
2020.8.7,141,39,2,12
2020.8.8,170,39,2,29
2020.8.9,197,39,2,27
2020.8.10,216,39,2,19
2020.8.11,216,39,2,0
2020.8.12,224,39,2,8
2020.8.13,241,46,2,17
2020.8.14,258,52,2,17
2020.8.15,274,54,2,16
2020.8.16,298,55,2,24
2020.8.17,298,55,2,0
2020.8.18,298,55,2,0
2020.8.19,315,56,2,17
2020.8.20,327,56,2,12
2020.8.21,334,102,2,7
2020.8.22,347,102,2,13
2020.8.23,383,102,2,36
2020.8.24,383,102,2,0
2020.8.25,383,102,2,0
2020.8.26,431,102,2,48
2020.8.27,464,102,3,33
2020.8.28,482,102,3,18
2020.8.29,490,148,3,8
2020.8.30,490,148,3,0
2020.8.31,507,200,3,17
2020.9.1,508,200,4,1
2020.9.2,538,218,4,30
2020.9.3,555,220,4,17
2020.9.4,577,220,5,22
2020.9.5,591,221,5,14
2020.9.6,598,264,5,7
2020.9.7,598,264,5,0
2020.9.8,599,264,5,1
2020.9.9,614,264,5,15
2020.9.10,628,266,5,14
2020.9.11,638,270,5,10
2020.9.12,641,270,5,3
2020.9.13,644,276,5,3
2020.9.14,646,532,5,2
2020.9.15,648,532,5,2
2020.9.16,650,557,5,2
2020.9.17,659,561,5,9
2020.9.18,663,565,5,4
2020.9.19,667,567,5,4
2020.9.20,668,572,5,1
2020.9.21,668,572,5,0
2020.9.22,668,572,5,0
2020.9.23,672,581,5,4
2020.9.24,676,588,5,4
2020.9.25,679,602,5,3
2020.9.26,680,617,5,1
2020.9.27,681,620,5,1
2020.9.28,682,620,5,1
2020.9.29,682,631,5,0
2020.9.30,686,642,6,4
2020.10.1,689,645,6,3
2020.10.2,690,648,6,1
2020.10.3,695,651,6,5
2020.10.4,695,651,6,0
2020.10.5,695,656,6,0
2020.10.6,695,656,6,0
2020.10.7,695,656,6,0
2020.10.8,695,656,6,0
2020.10.9,695,671,6,0
2020.10.10,695,672,6,0
2020.10.11,696,672,6,1
2020.10.12,696,672,6,0
2020.10.13,696,672,6,0
2020.10.14,696,673,6,0
2020.10.15,696,673,6,0
2020.10.16,696,673,6,0
2020.10.17,697,674,6,1
2020.10.18,698,673,6,1
2020.10.19,698,684,6,0
2020.10.20,698,689,6,0
2020.10.21,698,689,6,0
2020.10.22,698,689,6,0
2020.10.23,698,689,6,0
2020.10.24,699,689,6,1
2020.10.25,701,689,6,2
2020.10.26,701,689,6,0
2020.10.27,701,689,6,0
2020.10.28,703,689,6,2
2020.10.29,703,689,6,0
2020.10.30,703,689,6,0
2020.10.31,703,689,6,0
2020.11.1,704,689,6,1
2020.11.2,704,689,6,0
2020.11.3,704,689,6,0
2020.11.4,704,689,6,0
2020.11.5,705,691,6,1
2020.11.6,705,691,6,0
2020.11.7,707,691,6,2
2020.11.8,707,691,6,0
2020.11.9,707,691,6,0
2020.11.10,707,695,6,0
2020.11.11,711,695,6,4
2020.11.12,716,695,6,5
2020.11.13,716,695,6,0
2020.11.14,716,695,6,0
2020.11.15,720,695,6,4
2020.11.16,720,695,6,0
2020.11.17,720,695,6,0
2020.11.18,720,695,6,0
2020.11.19,720,695,6,0
2020.11.20,726,698,6,6
2020.11.21,740,700,6,14
2020.11.22,746,700,6,6
2020.11.23,746,700,6,0
2020.11.24,746,700,6,0
2020.11.25,746,700,6,0
2020.11.26,746,700,6,0
2020.11.27,746,700,6,0
2020.11.28,748,705,6,0
2020.11.29,748,706,6,0
2020.11.30,748,717,6,0
2020.12.1,748,717,6,0
2020.12.2,750,720,6,2
2020.12.3,751,733,6,1
2020.12.4,751,733,6,0
2020.12.5,755,738,6,4
2020.12.6,756,740,6,1
2020.12.7,756,740,6,0
2020.12.8,756,740,6,0
2020.12.9,761,740,6,5
2020.12.10,768,740,6,7
2020.12.11,768,740,6,0
2020.12.12,769,741,6,1
2020.12.13,769,741,6,0
2020.12.14,769,741,6,0
2020.12.15,769,741,6,0
2020.12.16,771,741,6,2
2020.12.17,772,741,6,1
2020.12.18,772,741,6,0
2020.12.19,781,741,6,9
2020.12.20,789,755,6,8
2020.12.21,798,759,6,9
2020.12.22,798,759,6,0
2020.12.23,807,761,6,9
2020.12.24,810,761,6,3
2020.12.25,829,761,6,19
2020.12.26,844,761,6,15
2020.12.27,849,763,6,5
2020.12.28,849,763,6,0
2020.12.29,865,763,6,16
2020.12.30,865,763,6,0
2020.12.31,874,764,6,9
2021.1.1,893,783,6,19
2021.1.2,908,783,6,15
2021.1.3,909,783,6,1
2021.1.4,910,783,6,1
2021.1.5,910,783,6,0
2021.1.6,918,795,6,8
2021.1.7,941,799,6,23
2021.1.8,956,799,6,15
2021.1.9,965,811,6,9
2021.1.10,994,812,6,29
2021.1.11,994,812,6,0
2021.1.12,994,812,6,0
2021.1.13,1011,819,6,17
2021.1.14,1011,819,6,0
2021.1.15,1030,847,6,19
2021.1.16,1062,862,6,32
2021.1.17,1079,863,6,17
2021.1.18,1102,890,6,23
2021.1.19,1105,902,7,3
2021.1.20,1125,931,7,20
2021.1.21,1164,935,7,39
2021.1.22,1193,954,7,29
2021.1.23,1244,960,7,51
2021.1.24,1287,998,7,43
2021.1.25,1287,998,7,0
2021.1.26,1287,1000,7,0
2021.1.27,1312,1020,8,25
2021.1.28,1387,1051,8,75
2021.1.29,1435,1051,8,48
2021.1.30,1459,1094,8,24
2021.1.31,1503,1127,9,44
2021.2.1,1504,1140,9,1
2021.2.2,1504,1140,9,0
2021.2.3,1504,1214,9,0
2021.2.4,1553,1238,9,49
2021.2.5,1590,1254,9,37
2021.2.6,1654,1274,9,64
2021.2.7,1654,1274,9,0
2021.2.8,1695,1319,9,41
2021.2.9,1695,1319,9,0
2021.2.10,1738,1362,9,43
2021.2.11,1784,1379,12,46
2021.2.12,1812,1424,12,28
2021.2.13,1833,1433,12,21
2021.2.14,1869,1547,12,36
2021.2.15,1873,1547,13,4
2021.2.16,1874,1551,13,1
2021.2.17,1874,1551,13,0
2021.2.18,1909,1596,13,35
2021.2.19,1928,1628,13,19
2021.2.20,1984,1690,13,56
2021.2.21,2028,1721,14,44
2021.2.22,2028,1721,14,0
2021.2.23,2029,1721,14,1
2021.2.24,2051,1796,14,22
2021.2.25,2070,1819,14,19
2021.2.26,2088,1847,14,18
2021.2.27,2099,1870,14,11
2021.2.28,2114,1873,14,15
2021.3.1,2114,1873,14,0
2021.3.2,2114,1873,14,0
2021.3.3,2132,1940,14,18
2021.3.4,2132,1940,14,0
2021.3.5,2161,1976,14,29
2021.3.6,2172,2007,14,11
2021.3.7,2177,2020,15,5
2021.3.8,2177,2020,15,0
2021.3.9,2177,2020,15,0
2021.3.10,2177,2020,15,0
2021.3.11,2190,2071,15,13
2021.3.12,2200,2081,15,10
2021.3.13,2200,2081,15,0
2021.3.14,2233,2097,15,33
2021.3.15,2233,2097,15,0
2021.3.16,2233,2098,15,0
2021.3.17,2250,2109,15,17
2021.3.18,2253,2109,15,3
2021.3.19,2274,2118,15,21
2021.3.20,2290,2124,15,16
2021.3.21,2294,2127,16,4
2021.3.22,2294,2127,16,0
2021.3.23,2294,2127,17,0
2021.3.24,2307,2174,17,13
2021.3.25,2315,2183,17,8
2021.3.26,2318,2187,17,3
2021.3.27,2325,2197,17,7
2021.3.28,2326,2201,17,1
2021.3.29,2327,2203,17,1
2021.3.30,2327,2203,17,0
2021.3.31,2329,2212,17,2
2021.4.1,2331,2268,17,2
2021.4.2,2337,2268,17,6
2021.4.3,2344,2271,17,7
2021.4.4,2344,2271,17,0
2021.4.5,2344,2271,17,0
2021.4.6,2344,2271,17,0
2021.4.7,2344,2276,17,0
2021.4.8,2344,2276,17,0
2021.4.9,2344,2279,17,0
2021.4.10,2344,2279,17,0
2021.4.11,2357,2280,17,13
2021.4.12,2357,2280,17,0
2021.4.13,2357,2283,17,0
2021.4.14,2360,2285,17,3
2021.4.15,2367,2285,17,7
2021.4.16,2367,2285,17,0
2021.4.17,2369,2290,17,2
2021.4.18,2369,2291,17,0
2021.4.19,2369,2291,17,0
2021.4.20,2369,2291,17,0
2021.4.21,2369,2291,17,0
