date,累计确诊,治愈,死亡,新增确诊
2020.2.22,1,0,0,0
2020.2.23,1,0,0,0
2020.2.24,1,0,0,0
2020.2.25,1,0,0,0
2020.2.26,1,0,0,0
2020.2.27,2,0,0,1
2020.2.28,7,0,0,5
2020.2.29,12,0,0,5
2020.3.1,13,0,0,1
2020.3.2,14,0,0,1
2020.3.3,24,0,0,10
2020.3.4,35,0,0,11
2020.3.5,60,0,0,25
2020.3.6,101,0,0,41
2020.3.7,161,0,0,60
2020.3.8,203,0,0,42
2020.3.9,248,0,0,45
2020.3.10,346,0,0,98
2020.3.11,464,0,0,118
2020.3.12,635,0,0,171
2020.3.14,961,1,2,147
2020.3.15,1023,1,3,62
2020.3.17,1191,1,8,168
2020.3.18,1301,15,10,110
2020.3.19,1423,15,11,144
2020.3.20,1639,16,16,200
2020.3.21,1746,16,20,123
2020.3.22,1906,16,21,160
2020.3.23,2016,16,25,110
2020.3.24,2272,16,36,256
2020.3.25,2510,16,42,238
2020.3.26,2840,16,70,296
2020.3.27,3046,16,92,240
2020.3.28,3447,16,102,401
2020.3.29,3700,16,110,253
2020.3.30,4028,16,146,328
2020.3.31,4435,16,180,407
2020.4.1,4947,16,239,512
2020.4.2,5568,103,308,621
2020.4.3,6131,205,358,563
2020.4.4,6443,205,373,365
2020.4.5,7206,205,477,376
2020.4.6,7693,205,591,487
2020.4.7,8419,205,687,726
2020.4.8,8419,205,687,726
2020.4.9,9141,205,793,722
2020.4.10,9685,381,870,544
2020.4.11,10151,381,887,466
2020.4.12,10483,381,899,332
2020.4.13,11445,381,1033,497
2020.4.14,11927,381,1203,482
2020.4.16,13216,550,1400,676
2020.4.18,14385,550,1540,563
2020.4.19,14777,550,1580,392
2020.4.20,15322,550,1765,545
2020.4.21,16004,550,1937,682
2020.4.22,16755,550,2021,751
2020.4.23,17567,550,2152,812
2020.4.24,18177,1005,2192,610
2020.4.25,18640,1005,2194,463
2020.4.26,18926,1005,2274,286
2020.4.27,19621,1005,2355,695
2020.4.28,20302,1005,2462,681
2020.4.29,21092,1005,2586,790
2020.4.30,21520,1005,2653,428
2020.5.1,22082,1005,2669,562
2020.5.2,22317,1005,2679,23
2020.5.3,22721,1005,2769,404
2020.5.4,23216,4074,2854,495
2020.5.5,23918,4074,2941,702
2020.5.6,24623,4074,3040,705
2020.5.7,25265,4971,3175,642
2020.5.8,25921,4971,3220,656
2020.5.9,26322,4971,3225,401
2020.5.10,26670,4971,3256,348
2020.5.11,27272,4971,3313,602
2020.5.12,27909,4971,3460,63
2020.5.13,28582,4971,3529,673
2020.5.14,29207,4971,3646,625
2020.5.15,29677,4971,3674,470
2020.5.16,30143,4971,3679,466
2020.5.17,30377,4971,3698,234
2020.5.18,30377,4971,3698,0
2020.5.19,30799,4971,3743,422
2020.5.20,31523,4971,3831,724
2020.5.21,32172,4971,3871,649
2020.5.22,32809,4971,3925,637
2020.5.23,33188,4971,3992,379
2020.5.24,33459,4971,3998,271
2020.5.25,33843,4971,4029,384
2020.5.26,34440,4971,4125,597
2020.5.27,35088,4971,4220,648
2020.5.28,35727,4971,4266,639
2020.5.29,36476,4971,4350,749
2020.5.30,37113,4971,4395,637
2020.5.31,37542,4971,4395,429
2020.6.1,37814,4971,4403,272
2020.6.2,38589,4971,4468,775
2020.6.3,40803,4971,4542,2214
2020.6.4,40803,4971,4542,0
2020.6.5,41883,4971,4562,1080
2020.6.6,43887,4971,4656,2004
2020.6.7,44730,4971,4659,843
2020.6.8,45133,4971,4694,403
2020.6.9,45924,4971,4717,791
2020.6.10,46814,4971,4795,890
2020.6.11,48288,4971,4814,1474
2020.6.12,49684,4971,4854,1396
2020.6.13,50931,4971,4874,1247
2020.6.14,51614,4971,4874,683
2020.6.15,52383,4971,4891,769
2020.6.16,53323,4971,4939,940
2020.6.17,54562,4971,5041,1239
2020.6.18,56043,4971,5053,1481
2020.6.19,56043,4971,5053,0
2020.6.20,56043,4971,5053,0
2020.6.21,56043,4971,5053,0
2020.6.22,56043,4971,5053,0
2020.6.23,60837,4971,5161,4794
2020.6.24,60837,4971,5161,0
2020.6.25,63890,4971,5230,3053
2020.6.26,65137,4971,5280,1247
2020.6.27,65137,4971,5280,0
2020.6.28,65137,4971,5280,0
2020.6.29,65137,4971,5280,0
2020.6.30,67667,4971,5310,2530
2020.7.1,68451,4971,5333,784
2020.7.2,69692,4971,5370,1241
2020.7.3,70639,4971,5411,947
2020.7.4,71419,4971,5420,780
2020.7.5,71419,4971,5420,0
2020.7.6,71419,4971,5420,0
2020.7.7,73344,4971,5447,1925
2020.7.8,73344,4971,5447,0
2020.7.9,74333,4971,5500,989
2020.7.10,74333,4971,5500,0
2020.7.11,74898,4971,5526,565
2020.7.12,74898,4971,5526,0
2020.7.13,74898,4971,5526,0
2020.7.14,76001,4971,5545,1103
2020.7.15,76001,4971,5545,0
2020.7.16,76492,4971,5572,491
2020.7.17,76877,4971,5593,385
2020.7.18,77281,4971,5619,404
2020.7.19,77281,4971,5619,0
2020.7.20,78048,4971,5639,767
2020.7.21,78166,4971,5646,118
2020.7.22,78504,4971,5667,338
2020.7.23,78504,4971,5667,0
2020.7.24,78763,4971,5676,259
2020.7.25,78997,4971,5697,234
2020.7.26,78997,4971,5697,0
2020.7.27,78997,4971,5697,0
2020.7.28,79395,4971,5700,398
2020.7.29,79494,4971,5702,99
2020.7.30,79782,4971,5730,288
2020.7.31,80422,4971,5743,640
2020.8.1,80422,4971,5743,0
2020.8.2,80422,4971,5743,0
2020.8.3,81012,4971,5744,590
2020.8.4,81181,4971,5747,169
2020.8.5,81540,4971,5760,359
2020.8.6,81967,4971,5766,427
2020.8.7,82323,4971,5763,356
2020.8.8,82323,4971,5763,0
2020.8.9,82323,4971,5763,0
2020.8.10,82972,4971,5766,649
2020.8.11,83126,4971,5770,154
2020.8.12,83455,4971,5774,329
2020.8.13,83852,4971,5770,397
2020.8.14,84294,4971,5783,442
2020.8.15,84294,4971,5783,0
2020.8.16,84294,4971,5783,0
2020.8.17,85045,4971,5787,751
2020.8.18,85219,4971,5790,174
2020.8.19,85411,4971,5802,192
2020.8.20,85810,4971,5805,399
2020.8.21,86068,4971,5810,258
2020.8.22,86068,4971,5810,0
2020.8.23,86068,4971,5810,0
2020.8.24,86721,4971,5813,653
2020.8.25,86891,4971,5814,170
2020.8.26,87072,4971,5817,181
2020.8.27,87072,4971,5817,0
2020.8.28,83958,4971,5821,0
2020.8.29,83958,4971,5821,0
2020.8.30,83958,4971,5821,0
2020.8.31,84379,4971,5808,421
2020.9.1,84521,4971,5813,142
2020.9.2,84532,4971,5820,11
2020.9.3,84729,4971,5832,197
2020.9.4,84985,4971,5835,256
2020.9.5,84985,4971,5835,0
2020.9.6,84985,4971,5835,0
2020.9.7,85558,4971,5837,573
2020.9.8,85707,4971,5838,149
2020.9.9,85880,4971,5842,173
2020.9.10,86194,4971,5843,314
2020.9.11,86505,4971,5846,311
2020.9.12,86505,4971,5846,0
2020.9.13,86505,4971,5846,0
2020.9.14,86505,4971,5846,0
2020.9.15,87345,4971,5851,840
2020.9.16,87575,4971,5860,230
2020.9.17,87885,4971,5864,310
2020.9.18,88237,4971,5865,352
2020.9.19,88237,4971,5865,0
2020.9.20,88237,4971,5865,0
2020.9.21,88237,4971,5865,0
2020.9.22,89436,4971,5870,1199
2020.9.23,89756,4971,5876,320
2020.9.24,90289,4971,5878,533
2020.9.25,90923,4971,5880,634
2020.9.26,90923,4971,5880,0
2020.9.27,90923,4971,5880,0
2020.9.28,90923,4971,5880,0
2020.9.29,92466,4971,5890,1543
2020.9.30,92863,4971,5893,397
2020.10.1,93615,4971,5893,752
2020.10.2,94283,4971,5895,668
2020.10.3,94283,4971,5895,0
2020.10.4,94283,4971,5895,0
2020.10.5,94283,4971,5895,0
2020.10.6,96145,4971,5883,1862
2020.10.7,96677,4971,5892,532
2020.10.8,97532,4971,5892,855
2020.10.9,98451,4971,5894,919
2020.10.10,98451,4971,5894,0
2020.10.11,98451,4971,5894,0
2020.10.12,98451,4971,5894,0
2020.10.13,100654,4971,5899,2203
2020.10.14,101332,4971,5907,678
2020.10.15,102407,4971,5910,1075
2020.10.16,103200,4971,5918,793
2020.10.17,103200,4971,5918,0
2020.10.18,103200,4971,5918,0
2020.10.19,103200,4971,5918,0
2020.10.20,106380,4971,5922,3180
2020.10.21,107355,4971,5929,975
2020.10.22,108969,4971,5930,1614
2020.10.23,110594,4971,5933,1625
2020.10.24,110594,4971,5933,0
2020.10.25,110594,4971,5933,0
2020.10.26,110594,4971,5933,0
2020.10.27,115785,4971,5918,5191
2020.10.28,117913,4971,5927,2128
2020.10.29,121167,4971,5934,3254
2020.10.30,124355,4971,5938,3188
2020.10.31,124355,4971,5938,0
2020.11.1,124355,4971,5938,0
2020.11.2,124355,4971,5938,0
2020.11.3,134532,4971,5969,10177
2020.11.4,137730,4971,5997,3198
2020.11.5,141764,4971,6002,4034
2020.11.6,146461,4971,6022,4697
2020.11.7,146461,4971,6022,0
2020.11.8,146461,4971,6022,0
2020.11.9,146461,4971,6022,0
2020.11.10,162240,4971,6057,15779
2020.11.11,166707,4971,6082,4467
2020.11.12,171365,4971,6122,4658
2020.11.13,177355,4971,6164,5990
2020.11.14,177355,4971,6164,0
2020.11.15,177355,4971,6164,0
2020.11.16,177355,4971,6164,0
2020.11.17,192439,4971,6225,15084
2020.11.18,196446,4971,6321,4007
2020.11.19,201055,4971,6340,4609
2020.11.20,208295,4971,6406,7240
2020.11.21,208295,4971,6406,0
2020.11.22,208295,4971,6406,0
2020.11.23,208295,4971,6406,0
2020.11.24,225560,4971,6500,17265
2020.11.25,230514,4971,6555,4954
2020.11.26,243129,4971,6681,5841
2020.11.27,243129,4971,6681,6774
2020.11.28,243129,4971,6681,0
2020.11.29,243129,4971,6681,0
2020.11.30,243129,4971,6681,0
2020.12.1,260758,4971,6798,17629
2020.12.2,266158,4971,6972,5400
2020.12.3,272643,4971,7007,6485
2020.12.4,278912,4971,7067,6269
2020.12.5,278912,4971,7067,0
2020.12.6,278912,4971,7067,0
2020.12.7,278912,4971,7067,0
2020.12.8,297732,4971,7200,18820
2020.12.9,304793,4971,7296,7061
2020.12.10,312728,4971,7354,7935
2020.12.11,320098,4971,7514,7370
2020.12.12,320098,4971,7514,0
2020.12.13,320098,4971,7514,0
2020.12.14,320098,4971,7514,0
2020.12.15,341029,4971,7667,20931
2020.12.16,348585,4971,7802,7556
2020.12.17,357466,4971,7893,8881
2020.12.18,367120,4971,7993,9654
2020.12.19,367120,4971,7993,0
2020.12.20,367120,4971,7993,0
2020.12.21,367120,4971,7993,0
2020.12.22,389439,4971,8167,22319
2020.12.23,396048,4971,8279,6609
2020.12.24,396048,4971,8279,0
2020.12.25,396048,4971,8279,0
2020.12.26,396048,4971,8279,0
2020.12.27,396048,4971,8279,0
2020.12.28,396048,4971,8279,0
2020.12.29,428533,4971,8484,32485
2020.12.30,437379,4971,8727,8846
2020.12.31,437379,4971,8727,0
2021.1.1,437379,4971,8727,0
2021.1.2,437379,4971,8727,0
2021.1.3,437379,4971,8727,0
2021.1.4,437379,4971,8727,0
2021.1.5,469748,4971,8985,32369
2021.1.6,469748,4971,8985,0
2021.1.7,482284,4971,9262,12536
2021.1.8,489471,4971,9433,7187
2021.1.9,489471,4971,9433,0
2021.1.10,489471,4971,9433,0
2021.1.11,489471,4971,9433,0
2021.1.12,506866,4971,9667,17395
2021.1.13,512203,4971,9834,5337
2021.1.14,518783,4971,10185,6580
2021.1.15,523486,4971,10323,4703
2021.1.16,523486,4971,10323,0
2021.1.17,523486,4971,10323,0
2021.1.18,523486,4971,10323,0
2021.1.19,533265,4971,10591,9779
2021.1.20,537967,4971,10797,4702
2021.1.21,542952,4971,10921,4985
2021.1.22,547166,4971,11005,4214
2021.1.23,547166,4971,11005,0
2021.1.24,547166,4971,11005,0
2021.1.25,547166,4971,11005,0
2021.1.26,556289,4971,11247,9123
2021.1.27,560472,4971,11425,4183
2021.1.28,564557,4971,11520,4085
2021.1.29,566957,4971,11591,2400
2021.1.30,566957,4971,11591,0
2021.1.31,566957,4971,11591,0
2021.2.1,566957,4971,11591,0
2021.2.2,576606,4971,11815,9649
2021.2.3,580916,4971,11939,4310
2021.2.4,584674,4971,12028,3758
2021.2.5,588062,4971,12115,3388
2021.2.6,588062,4971,12115,0
2021.2.7,588062,4971,12115,0
2021.2.8,588062,4971,12115,0
2021.2.9,596174,4971,12188,8112
2021.2.10,600244,4971,12326,4070
2021.2.11,604577,4971,12370,4333
2021.2.12,608411,4971,12428,3834
2021.2.13,608411,4971,12428,0
2021.2.14,608411,4971,12428,0
2021.2.15,608411,4971,12428,0
2021.2.16,617869,4971,12487,9458
2021.2.17,622102,4971,12569,4233
2021.2.18,627022,4971,12598,4920
2021.2.19,631166,4971,12649,4144
2021.2.20,631166,4971,12649,0
2021.2.21,631166,4971,12649,0
2021.2.22,631166,4971,12649,0
2021.2.23,642099,4971,12713,10933
2021.2.24,647470,4971,12793,5371
2021.2.25,652465,4971,12798,4995
2021.2.26,657309,4971,12826,4844
2021.2.27,657309,4971,12826,0
2021.2.28,657309,4971,12826,0
2021.3.1,657309,4971,12826,0
2021.3.2,669113,4971,12882,11804
2021.3.3,675292,4971,12964,6179
2021.3.4,680130,4971,12977,4838
2021.3.5,684961,4971,13003,4831
2021.3.6,684961,4971,13003,0
2021.3.7,684961,4971,13003,0
2021.3.8,684961,4971,13003,0
2021.3.9,695975,4971,13042,11014
2021.3.10,701892,4971,13088,5917
2021.3.11,707192,4971,13111,5300
2021.3.12,712527,4971,13146,5335
2021.3.13,712527,4971,13146,0
2021.3.14,712527,4971,13146,0
2021.3.15,712527,4971,13146,0
2021.3.16,725289,4971,13172,12762
2021.3.17,732070,4971,13228,6781
2021.3.18,738537,4971,13236,6467
2021.3.19,744272,4971,13262,5735
2021.3.20,744272,4971,13262,0
2021.3.21,744272,4971,13262,0
2021.3.22,744272,4971,13262,0
2021.3.23,758335,4971,13315,14063
2021.3.24,765984,4971,13357,7649
2021.3.25,773690,4971,13373,7706
2021.3.26,780018,4971,13402,6328
2021.3.27,780018,4971,13402,0
2021.3.28,780018,4971,13402,0
2021.3.29,780018,4971,13402,0
2021.3.30,796445,4971,13430,16427
2021.3.31,804886,4971,13465,8441
2021.4.1,813191,4971,13498,8305
2021.4.2,813191,4971,13498,0
2021.4.3,813191,4971,13498,0
2021.4.4,813191,4971,13498,0
2021.4.5,813191,4971,13498,0
2021.4.6,834993,4971,13533,21802
2021.4.7,841807,4971,13578,6814
2021.4.8,849629,4971,13595,7822
2021.4.9,857401,4971,13621,7772
2021.4.10,857401,4971,13621,0
2021.4.11,857401,4971,13621,0
2021.4.12,857401,4971,13621,0
2021.4.13,876506,4971,13660,19105
2021.4.14,885385,4971,13720,8879
2021.4.15,892480,718278,13761,7095
2021.4.16,900138,724684,13788,7658
2021.4.17,900138,724648,13788,0
2021.4.18,900138,730387,13788,0
2021.4.19,900138,740174,13788,0
2021.4.20,900138,740174,13788,0
