date,累计确诊,治愈,死亡,新增确诊
2020.4.8,362,40,0,4
2020.4.10,382,40,0,20
2020.4.11,388,40,0,6
2020.4.12,389,40,0,1
2020.4.16,394,237,0,3
2020.4.17,402,237,0,8
2020.4.19,408,237,0,1
2020.4.20,410,238,0,2
2020.4.23,412,238,0,2
2020.4.24,412,300,0,0
2020.4.25,417,300,0,5
2020.4.28,418,300,0,1
2020.4.30,420,300,0,2
2020.5.2,423,300,0,1
2020.5.4,424,300,0,1
2020.5.5,425,300,0,1
2020.5.7,427,354,0,2
2020.5.9,431,354,0,5
2020.5.10,436,354,0,5
2020.5.12,437,354,0,5
2020.5.13,439,354,0,2
2020.5.15,441,354,0,1
2020.5.16,443,354,0,0
2020.5.17,443,354,0,2
2020.5.18,443,354,0,0
2020.5.19,446,354,0,3
2020.5.20,447,411,1,1
2020.5.21,449,411,1,2
2020.5.22,449,411,1,0
2020.5.23,452,411,1,3
2020.5.24,452,411,1,0
2020.5.25,452,411,1,0
2020.5.26,459,411,1,7
2020.5.27,460,411,1,1
2020.5.28,465,411,1,5
2020.5.29,470,411,1,5
2020.5.30,471,411,1,1
2020.5.31,471,411,1,0
2020.6.1,471,411,1,0
2020.6.2,477,411,1,6
2020.6.3,478,411,1,1
2020.6.4,479,411,1,1
2020.6.5,479,411,1,0
2020.6.6,480,411,1,1
2020.6.7,480,411,1,0
2020.6.8,480,411,1,0
2020.6.9,481,447,1,1
2020.6.10,486,447,1,5
2020.6.11,486,447,1,0
2020.6.12,488,460,1,2
2020.6.13,488,460,1,0
2020.6.14,495,460,1,7
2020.6.15,495,460,1,0
2020.6.16,496,460,1,1
2020.6.17,495,460,1,0
2020.6.18,497,460,1,2
2020.6.19,502,460,1,5
2020.6.20,504,460,1,2
2020.6.21,505,460,1,1
2020.6.22,506,460,1,1
2020.6.23,507,460,1,1
2020.6.24,507,460,1,0
2020.6.25,516,460,2,9
2020.6.26,516,460,2,0
2020.6.27,520,472,2,4
2020.6.28,520,472,2,0
2020.6.29,521,472,2,1
2020.6.30,526,472,2,5
2020.7.1,528,472,2,2
2020.7.2,531,472,2,3
2020.7.3,533,472,2,2
2020.7.4,533,472,2,0
2020.7.5,536,472,2,3
2020.7.6,547,472,2,11
2020.7.7,550,472,2,3
2020.7.8,551,472,3,1
2020.7.9,566,472,3,15
2020.7.10,566,472,3,0
2020.7.11,571,472,3,5
2020.7.12,577,472,3,6
2020.7.13,596,472,3,19
2020.7.14,596,472,3,0
2020.7.15,599,472,3,3
2020.7.16,608,472,3,9
2020.7.17,614,472,3,6
2020.7.18,614,472,3,0
2020.7.19,628,472,3,14
2020.7.20,628,472,3,0
2020.7.21,631,472,3,3
2020.7.22,639,472,3,8
2020.7.23,646,558,3,7
2020.7.24,646,558,3,0
2020.7.25,654,558,3,8
2020.7.26,657,558,3,3
2020.7.27,657,558,3,0
2020.7.28,657,592,4,0
2020.7.29,657,592,4,0
2020.7.30,657,592,4,0
2020.7.31,660,592,4,3
2020.8.1,660,592,4,0
2020.8.2,664,592,4,4
2020.8.3,667,592,4,3
2020.8.4,667,592,4,0
2020.8.5,669,592,4,2
2020.8.6,671,592,5,2
2020.8.7,671,592,5,0
2020.8.8,675,631,5,4
2020.8.9,681,631,5,6
2020.8.10,687,631,5,6
2020.8.11,690,631,5,3
2020.8.12,702,631,5,12
2020.8.13,734,631,5,32
2020.8.14,754,631,5,20
2020.8.15,776,657,5,22
2020.8.16,816,657,5,40
2020.8.17,855,657,5,39
2020.8.18,880,657,5,25
2020.8.19,903,657,5,23
2020.8.20,945,657,5,42
2020.8.21,996,657,5,51
2020.8.22,1117,692,6,121
2020.8.23,1117,692,6,0
2020.8.24,1209,692,6,92
2020.8.25,1244,692,6,35
2020.8.26,1292,692,6,48
2020.8.27,1372,692,6,80
2020.8.28,1487,692,6,115
2020.8.29,1487,692,6,0
2020.8.30,1634,880,6,147
2020.8.31,1634,880,9,0
2020.9.1,1679,880,9,45
2020.9.2,1796,880,10,117
2020.9.3,1796,880,10,0
2020.9.4,2002,880,10,206
2020.9.5,2115,1313,11,113
2020.9.6,2115,1313,11,0
2020.9.7,2277,1313,13,162
2020.9.8,2277,1313,13,0
2020.9.9,2416,1313,13,139
2020.9.10,2416,1313,13,0
2020.9.11,2510,1313,14,94
2020.9.12,2623,1313,14,113
2020.9.13,2805,1313,15,182
2020.9.14,2872,1313,15,67
2020.9.15,2872,1313,15,0
2020.9.16,3002,1313,15,130
2020.9.17,3002,1313,15,0
2020.9.18,3099,1794,15,97
2020.9.19,3194,1794,15,95
2020.9.20,3194,2482,15,0
2020.9.21,3194,2482,15,0
2020.9.22,3415,2482,15,221
2020.9.23,3415,2482,15,0
2020.9.24,3501,2482,11,86
2020.9.25,3501,2482,11,0
2020.9.26,3685,2819,11,184
2020.9.27,3685,2819,11,0
2020.9.28,3882,2819,14,197
2020.9.29,3882,2819,14,0
2020.9.30,3993,2819,16,111
2020.10.1,3993,2819,16,0
2020.10.2,3993,2819,16,0
2020.10.3,4178,3360,16,185
2020.10.4,4178,3360,16,0
2020.10.5,4328,3360,16,150
2020.10.6,4328,3360,16,0
2020.10.7,4328,3360,16,0
2020.10.8,4385,3360,16,57
2020.10.9,4491,3994,16,106
2020.10.10,4491,3994,16,0
2020.10.11,4491,3994,16,0
2020.10.12,4624,3994,17,133
2020.10.13,4624,3994,17,0
2020.10.14,4678,3994,17,54
2020.10.15,4678,3994,17,0
2020.10.16,4776,4445,17,98
2020.10.17,4776,4445,17,0
2020.10.18,4776,4445,17,0
2020.10.19,4921,4445,17,145
2020.10.20,4921,4445,17,0
2020.10.21,4921,4445,17,0
2020.10.22,5015,4445,19,94
2020.10.23,5149,4630,20,134
2020.10.24,5149,4630,20,0
2020.10.25,5149,4630,20,0
2020.10.26,5149,4630,20,0
2020.10.27,5361,4630,20,212
2020.10.28,5472,4630,22,111
2020.10.29,5472,4630,22,0
2020.10.30,5472,4630,22,0
2020.10.31,5659,4884,24,187
2020.11.1,5659,4884,24,0
2020.11.2,5659,4884,24,0
2020.11.3,5898,4884,26,239
2020.11.4,5898,4884,26,0
2020.11.5,6037,4884,26,139
2020.11.6,6037,4884,26,0
2020.11.7,6264,5380,27,227
2020.11.8,6264,5380,27,0
2020.11.9,6264,5380,27,0
2020.11.10,6572,5380,28,308
2020.11.11,6572,5380,28,0
2020.11.12,6735,5380,28,163
2020.11.13,6735,5380,28,0
2020.11.14,6881,5928,28,146
2020.11.15,6881,5928,28,0
2020.11.16,7161,5928,31,280
2020.11.17,7161,5928,31,0
2020.11.18,7161,5928,31,0
2020.11.19,7298,5928,34,137
2020.11.20,7298,5928,34,0
2020.11.21,7501,6660,35,203
2020.11.22,7501,6660,35,0
2020.11.23,7501,6660,35,0
2020.11.24,7689,6660,35,188
2020.11.25,7836,6660,39,147
2020.11.26,7836,6660,39,0
2020.11.27,7940,6660,40,104
2020.11.28,7940,6660,40,0
2020.11.29,7940,7172,39,0
2020.11.30,8054,7172,40,114
2020.12.1,8054,7172,40,0
2020.12.2,8054,7172,40,0
2020.12.3,8102,7172,40,48
2020.12.4,8200,7729,41,98
2020.12.5,8200,7729,41,0
2020.12.6,8200,7729,41,0
2020.12.7,8200,7729,41,0
2020.12.8,8294,7729,41,94
2020.12.9,8345,7729,41,51
2020.12.10,8345,7729,41,0
2020.12.11,8345,7729,41,0
2020.12.12,8431,8037,41,86
2020.12.13,8431,8037,41,0
2020.12.14,8534,8037,42,103
2020.12.15,8534,8037,42,0
2020.12.16,8534,8037,42,0
2020.12.17,8588,8037,42,54
2020.12.18,8704,8219,42,116
2020.12.19,8704,8219,42,0
2020.12.20,8704,8219,42,0
2020.12.21,8801,8219,42,97
2020.12.22,8801,8219,42,0
2020.12.23,8801,8219,42,0
2020.12.24,8846,8219,42,45
2020.12.25,8846,8219,42,0
2020.12.26,8909,8496,42,63
2020.12.27,8909,8496,42,0
2020.12.28,8936,8496,42,27
2020.12.29,8936,8496,42,0
2020.12.30,8972,8496,42,36
2020.12.31,8972,8496,42,0
2021.1.1,8972,8496,42,0
2021.1.2,9037,8706,42,65
2021.1.3,9037,8706,42,0
2021.1.4,9118,8706,42,81
2021.1.5,9118,8706,42,0
2021.1.6,9173,8706,42,55
2021.1.7,9173,8706,42,0
2021.1.8,9173,8706,42,0
2021.1.9,9247,8830,42,74
2021.1.10,9247,8830,42,0
2021.1.11,9359,8830,42,112
2021.1.12,9359,8830,42,0
2021.1.13,9406,8830,42,47
2021.1.14,9406,8830,42,0
2021.1.15,9446,9053,45,40
2021.1.16,9446,9053,45,0
2021.1.17,9446,9053,45,0
2021.1.18,9446,9053,45,0
2021.1.19,9522,9053,45,76
2021.1.20,9522,9053,45,0
2021.1.21,9584,9053,45,62
2021.1.22,9701,9261,45,117
2021.1.23,9701,9261,45,0
2021.1.24,9701,9261,45,0
2021.1.25,9843,9261,45,142
2021.1.26,9843,9261,45,0
2021.1.27,9843,9261,45,0
2021.1.28,9904,9261,45,61
2021.1.29,9904,9261,45,0
2021.1.30,9996,9518,46,92
2021.1.31,9996,9518,46,0
2021.2.1,9996,9518,46,0
2021.2.2,10194,9528,46,198
2021.2.3,10194,9528,46,0
2021.2.4,10330,9528,47,136
2021.2.5,10330,9528,47,0
2021.2.6,10507,9769,47,177
2021.2.7,10507,9769,47,0
2021.2.8,10507,9769,47,0
2021.2.9,10507,9769,47,0
2021.2.10,10507,9769,47,0
2021.2.11,10907,10049,47,400
2021.2.12,10907,10049,47,0
2021.2.13,10907,10049,47,0
2021.2.14,10907,10049,47,0
2021.2.15,10907,10049,47,0
2021.2.16,10907,10049,47,0
2021.2.17,10907,10049,47,0
2021.2.18,11562,10576,48,655
2021.2.19,11562,10576,48,0
2021.2.20,11562,10576,48,0
2021.2.21,11562,10576,48,0
2021.2.22,11562,10576,48,0
2021.2.23,11562,10576,48,0
2021.2.24,11562,10576,48,0
2021.2.25,12416,11270,52,854
2021.2.26,12416,11270,52,0
2021.2.27,12416,11270,52,0
2021.2.28,12416,11270,52,0
2021.3.1,12416,11270,52,0
2021.3.2,12416,11270,52,0
2021.3.3,13125,11956,59,709
2021.3.4,13125,11956,59,0
2021.3.5,13125,11956,59,0
2021.3.6,13125,11956,59,0
2021.3.7,13125,11956,59,0
2021.3.8,13125,11956,59,0
2021.3.9,13125,11956,59,0
2021.3.10,13801,12389,71,676
2021.3.11,13801,12389,71,0
2021.3.12,13801,12389,71,0
2021.3.13,13801,12389,71,0
2021.3.14,13801,12389,71,0
2021.3.15,13801,12389,71,0
2021.3.16,13801,12389,71,0
2021.3.17,13801,12389,71,0
2021.3.18,13801,12389,71,0
2021.3.19,13801,12389,71,0
2021.3.20,13801,12389,71,0
2021.3.21,14631,13109,87,830
2021.3.22,14631,13109,87,0
2021.3.23,15561,14064,102,930
2021.3.24,15561,14064,102,0
2021.3.25,15561,14064,102,0
2021.3.26,15561,14064,102,0
2021.3.27,15561,14064,102,0
2021.3.28,15561,14064,102,0
2021.3.29,15561,14064,102,0
2021.3.30,15561,14064,102,0
2021.3.31,16586,14828,115,1025
2021.4.1,16586,14828,115,0
2021.4.2,16586,14828,115,0
2021.4.3,16586,14828,115,0
2021.4.4,16586,14828,115,0
2021.4.5,16586,14828,115,0
2021.4.6,16586,14828,115,0
2021.4.7,17508,16011,123,922
2021.4.8,17508,16011,123,0
2021.4.9,17508,16011,123,0
2021.4.10,17508,16011,123,0
2021.4.11,17508,16011,123,0
2021.4.12,17508,16011,123,0
2021.4.13,17508,16011,123,0
2021.4.14,18425,16794,135,917
2021.4.15,18425,16794,135,0
2021.4.16,18425,16794,135,0
2021.4.17,18425,16794,135,0
2021.4.18,18425,16794,135,0
2021.4.19,18425,16794,135,0
2021.4.20,18425,16794,135,0
