date,累计确诊,治愈,死亡,新增确诊
2020.4.7,1066,77,13,205
2020.4.8,1486,139,16,420
2020.4.9,1981,169,19,495
2020.4.11,2226,172,23,301
2020.4.12,2919,203,29,341
2020.4.13,3281,203,33,362
2020.4.14,3728,203,36,447
2020.4.15,4204,203,40,476
2020.4.16,4779,342,42,575
2020.4.19,6264,514,51,1485
2020.4.21,6723,577,55,459
2020.4.22,8022,938,60,741
2020.4.23,8773,1120,63,751
2020.4.24,9590,1573,67,817
2020.4.25,10463,1695,72,873
2020.4.26,11289,1740,75,826
2020.4.27,12208,1993,79,919
2020.4.28,13181,2072,84,973
2020.4.29,14027,2386,89,846
2020.4.30,14917,2918,93,890
2020.5.1,15828,3117,97,911
2020.5.2,16705,3196,99,877
2020.5.3,17489,3259,103,784
2020.5.4,18350,3771,107,861
2020.5.5,19255,4388,112,905
2020.5.6,20168,5067,116,913
2020.5.7,21101,5484,121,933
2020.5.8,22052,6050,126,951
2020.5.9,22973,6406,131,921
2020.5.10,23906,6531,135,921
2020.5.11,24873,6974,142,967
2020.5.12,25825,7711,146,952
2020.5.13,26772,8168,151,947
2020.5.14,27730,8807,156,958
2020.5.15,28681,9498,160,951
2020.5.16,29650,9932,165,969
2020.5.17,30572,10130,171,922
2020.5.18,30572,10130,171,0
2020.5.19,31508,10620,175,936
2020.5.20,32426,11415,179,918
2020.5.21,33371,12057,185,945
2020.5.22,34303,12833,190,932
2020.5.23,35244,13528,194,941
2020.5.24,36198,14155,199,954
2020.5.25,37144,14449,204,946
2020.5.26,38059,15086,208,915
2020.5.27,38956,15923,214,897
2020.5.28,39858,16660,219,902
2020.5.29,40764,17390,224,906
2020.5.30,41658,17964,229,894
2020.5.31,42556,18514,235,898
2020.6.1,43403,18776,240,847
2020.6.2,44255,19195,243,852
2020.6.3,45116,20171,248,861
2020.6.4,45981,21162,253,865
2020.6.5,46868,22066,259,887
2020.6.6,47751,23015,263,883
2020.6.7,48630,23647,269,879
2020.6.8,49453,23880,276,823
2020.6.9,50265,24506,282,812
2020.6.10,51066,25667,288,801
2020.6.11,51816,26643,293,750
2020.6.12,52520,27760,298,704
2020.6.13,53241,29111,303,721
2020.6.14,53973,30103,308,732
2020.6.15,54680,30420,312,707
2020.6.16,55369,31273,318,689
2020.6.17,56032,32735,324,663
2020.6.18,56657,34023,331,625
2020.6.19,57333,35275,337,676
2020.6.20,57936,36749,343,603
2020.6.21,58505,37666,346,569
2020.6.22,59023,37923,351,518
2020.6.23,59487,38688,357,464
2020.6.24,59945,40136,362,458
2020.6.25,60382,41448,367,437
2020.6.26,60713,42689,373,331
2020.6.27,61095,44126,377,382
2020.6.28,61475,45027,383,380
2020.6.29,61790,45213,387,315
2020.6.30,62118,46054,392,328
2020.7.1,62424,47553,398,306
2020.7.2,62698,48738,405,274
2020.7.3,62997,49909,412,299
2020.7.4,63270,50669,418,273
2020.7.5,63554,50871,423,284
2020.7.6,63804,51120,429,250
2020.7.7,64003,51902,436,199
2020.7.8,64224,52854,443,221
2020.7.9,64411,53609,449,187
2020.7.10,64604,54254,454,193
2020.7.11,64767,54919,459,163
2020.7.12,64932,55380,464,165
2020.7.13,65114,55492,468,182
2020.7.14,65269,55799,474,155
2020.7.15,65443,56379,480,174
2020.7.16,65623,56915,485,180
2020.7.17,65782,57370,491,159
2020.7.18,65953,57856,495,171
2020.7.19,66095,58204,499,142
2020.7.20,66213,58290,503,118
2020.7.21,66348,58592,507,135
2020.7.22,66521,59061,513,173
2020.7.23,66688,59439,519,167
2020.7.24,66846,59755,524,158
2020.7.25,67002,60092,530,156
2020.7.26,67132,60425,534,130
2020.7.27,67251,60492,538,119
2020.7.28,67366,60669,543,115
2020.7.29,67518,61442,548,152
2020.7.30,67665,61765,553,147
2020.7.31,67808,62444,559,143
2020.8.1,67946,62686,563,138
2020.8.2,68067,62896,567,121
2020.8.3,68166,62943,571,99
2020.8.4,68250,63163,574,84
2020.8.5,68376,63425,577,126
2020.8.6,68503,63756,580,127
2020.8.7,68614,64200,583,111
2020.8.8,68738,64744,585,124
2020.8.9,68850,64935,587,112
2020.8.10,68947,64991,589,97
2020.8.11,69005,65219,592,58
2020.8.12,69102,65893,595,97
2020.8.13,69203,66178,599,101
2020.8.14,69308,66452,603,105
2020.8.15,69308,66452,603,0
2020.8.16,69516,67072,610,208
2020.8.17,69589,67149,613,73
2020.8.18,69673,67339,617,84
2020.8.19,69673,67339,617,0
2020.8.20,69801,67647,622,128
2020.8.21,70111,68256,632,310
2020.8.22,70285,68577,637,174
2020.8.23,70468,68839,642,183
2020.8.24,70645,68925,646,177
2020.8.25,70727,69097,652,82
2020.8.26,70974,69378,657,247
2020.8.27,71165,69650,662,191
2020.8.28,71346,69887,667,181
2020.8.29,71523,70207,671,177
2020.8.30,71523,70207,671,0
2020.8.31,71843,70468,681,320
2020.9.1,71843,70468,681,0
2020.9.2,72141,70900,691,298
2020.9.3,72302,71205,696,161
2020.9.4,72485,71510,701,183
2020.9.5,72663,71843,705,178
2020.9.6,72859,71864,711,196
2020.9.7,73031,71883,716,172
2020.9.8,73208,71916,721,177
2020.9.9,73402,71999,726,194
2020.9.10,73591,72203,732,189
2020.9.11,73784,72369,738,193
2020.9.12,73975,72547,744,191
2020.9.13,74173,72584,750,198
2020.9.14,74360,72609,756,187
2020.9.15,74552,72661,761,192
2020.9.16,74763,72810,767,211
2020.9.17,74987,72967,771,224
2020.9.18,75230,73098,773,243
2020.9.19,75230,73098,773,0
2020.9.20,75461,73212,776,231
2020.9.21,75898,73301,785,437
2020.9.22,76104,73386,791,206
2020.9.23,76357,73564,796,253
2020.9.24,76651,73733,802,294
2020.9.25,76957,73925,807,306
2020.9.26,77289,74046,813,332
2020.9.27,77609,74120,818,320
2020.9.28,77946,74167,822,337
2020.9.29,78260,74320,828,314
2020.9.30,78631,74525,833,371
2020.10.1,79019,74777,839,388
2020.10.2,79421,74982,844,402
2020.10.3,79852,75148,851,431
2020.10.4,79852,75148,851,0
2020.10.5,80696,75303,862,844
2020.10.6,81090,75376,868,394
2020.10.7,81505,75683,874,415
2020.10.8,81982,76081,880,477
2020.10.9,82471,76543,885,489
2020.10.10,82471,76543,885,0
2020.10.11,83023,76983,891,552
2020.10.12,83998,77423,901,975
2020.10.13,84524,77797,906,526
2020.10.14,85121,78218,911,597
2020.10.15,85734,78583,916,613
2020.10.16,86392,78990,921,658
2020.10.17,86392,78990,921,0
2020.10.18,87698,79757,929,1306
2020.10.19,88290,80130,933,592
2020.10.20,88909,80503,937,619
2020.10.21,89642,80905,941,733
2020.10.22,90380,81501,945,738
2020.10.23,91167,82136,945,787
2020.10.24,91978,82670,953,811
2020.10.25,92823,83237,957,845
2020.10.26,93707,83748,961,884
2020.10.27,94609,84237,965,902
2020.10.28,95545,84690,969,936
2020.10.29,96529,85332,973,984
2020.10.30,97499,85982,977,970
2020.10.31,98482,86663,980,983
2020.11.1,99459,87188,985,977
2020.11.2,100400,87400,989,941
2020.11.3,101329,87985,992,929
2020.11.4,102313,88701,995,984
2020.11.5,103295,89131,998,982
2020.11.6,104286,89555,1001,991
2020.11.7,105283,90058,1004,997
2020.11.8,106279,90998,1007,996
2020.11.9,107262,91353,1011,983
2020.11.10,108300,91646,1016,1038
2020.11.11,109357,92266,1022,1057
2020.11.12,110455,92843,1027,1098
2020.11.13,111622,93570,1033,1167
2020.11.14,112870,94337,1039,1248
2020.11.15,114185,95843,1046,1315
2020.11.16,115448,96462,1053,1263
2020.11.17,116699,97318,1060,1251
2020.11.18,118008,98318,1067,1309
2020.11.19,119390,99584,1074,1382
2020.11.20,120847,100749,1081,1457
2020.11.21,122435,102113,1089,1588
2020.11.22,123999,103848,1096,1564
2020.11.23,125482,104698,1104,1483
2020.11.24,126953,105835,1112,1471
2020.11.25,128449,107452,1119,1496
2020.11.26,130012,108769,1128,1563
2020.11.27,131633,110152,1136,1621
2020.11.28,133324,111455,1143,1691
2020.11.29,135008,135008,1151,1684
2020.11.30,136647,114341,1158,1639
2020.12.1,138219,115587,1166,1572
2020.12.2,139908,117195,1174,1689
2020.12.3,141609,118924,1181,1701
2020.12.4,143383,120571,1190,1774
2020.12.5,145279,122339,1198,1896
2020.12.6,147157,124774,1207,1878
2020.12.7,148953,126084,1215,1796
2020.12.8,150602,127528,1222,1649
2020.12.9,152453,129950,1230,1851
2020.12.10,154392,132085,1238,1939
2020.12.11,156359,133930,1246,1967
2020.12.12,158334,135922,1254,1975
2020.12.13,160295,138464,1263,1961
2020.12.14,162148,139785,1273,1853
2020.12.15,164059,141443,1282,1911
2020.12.16,165897,143373,1291,1838
2020.12.17,167731,145397,1299,1834
2020.12.18,169648,147316,1308,1917
2020.12.19,171579,149353,1316,1931
2020.12.20,173523,151635,1324,1944
2020.12.21,175416,152930,1333,1893
2020.12.22,177274,154807,1341,1858
2020.12.23,179196,157079,1349,1922
2020.12.24,181113,159437,1358,1917
2020.12.25,183006,161832,1367,1893
2020.12.26,184922,164538,1376,1916
2020.12.27,188588,167421,1394,3666
2020.12.28,188588,167421,1394,0
2020.12.29,190404,169257,1404,1816
2020.12.30,192361,171901,1414,1957
2020.12.31,194284,175147,1424,1923
2021.1.1,196223,178102,1433,1939
2021.1.2,198125,181109,1442,1902
2021.1.3,199962,182630,1451,1837
2021.1.4,201831,183625,1461,1869
2021.1.5,203104,184574,1471,1273
2021.1.6,204958,186394,1480,1854
2021.1.7,206796,188789,1489,1838
2021.1.8,208601,190966,1498,1805
2021.1.9,210368,192620,1507,1767
2021.1.10,212201,194984,1517,1833
2021.1.11,213993,196284,1526,1792
2021.1.12,215724,197851,1535,1731
2021.1.13,217696,200132,1544,1972
2021.1.14,219663,202446,1554,1967
2021.1.15,221604,204500,1564,1941
2021.1.16,223537,206676,1573,1933
2021.1.17,225461,209208,1582,1924
2021.1.18,227360,210779,1591,1899
2021.1.19,228716,212074,1601,1356
2021.1.20,230494,214366,1610,1778
2021.1.21,232298,216744,1619,1804
2021.1.22,234111,218831,1628,1813
2021.1.23,235859,220912,1639,1748
2021.1.24,237611,223553,1649,1752
2021.1.25,238635,224171,1658,1024
2021.1.26,239482,224925,1668,847
2021.1.27,241133,227068,1678,1651
2021.1.28,242851,229199,1688,1718
2021.1.29,244718,231399,1698,1867
2021.1.30,246570,233499,1708,1852
2021.1.31,248336,235838,1718,1766
2021.2.1,249295,236516,1728,959
2021.2.2,249994,237178,1737,699
2021.2.3,251705,239191,1746,1711
2021.2.4,253413,241150,1755,1708
2021.2.5,255172,243144,1764,1759
2021.2.6,256959,244941,1773,1787
2021.2.7,258691,247177,1783,1732
2021.2.8,259499,247703,1792,808
2021.2.9,260060,248064,1801,561
2021.2.10,261859,250078,1811,1799
2021.2.11,263551,252068,1820,1692
2021.2.12,265284,254032,1830,1733
2021.2.13,267029,255980,1840,1745
2021.2.14,268687,258202,1849,1658
2021.2.15,269787,259029,1858,1100
2021.2.16,270921,260057,1867,1134
2021.2.17,272273,261568,1876,1352
2021.2.18,273659,263368,1885,1386
2021.2.19,275322,264976,1894,1663
2021.2.20,276990,266892,1903,1668
2021.2.21,278312,268530,1912,1322
2021.2.22,279456,269428,1921,1144
2021.2.23,280428,270289,1930,972
2021.2.24,281707,271733,1939,1279
2021.2.25,282898,273146,1948,1191
2021.2.26,284500,274743,1957,1602
2021.2.27,285959,276234,1966,1459
2021.2.28,287306,277995,1976,1347
2021.3.1,288267,278661,1985,961
2021.3.2,289136,279450,1993,869
2021.3.3,290447,280766,2002,1311
2021.3.4,291621,282039,2011,1174
2021.3.5,293103,283508,2020,1482
2021.3.6,294432,285036,2029,1329
2021.3.7,295511,286484,2038,1079
2021.3.8,296441,287197,2047,930
2021.3.9,297514,288049,2055,1073
2021.3.10,298123,288613,2063,609
2021.3.11,298960,289622,2070,837
2021.3.12,300146,290865,2078,1186
2021.3.13,301328,292186,2087,1182
2021.3.14,302323,293485,2095,995
2021.3.15,303270,294143,2103,947
2021.3.16,304146,294878,2112,876
2021.3.17,305270,296183,2121,1124
2021.3.18,306524,297502,2130,1254
2021.3.19,307938,298816,2139,1414
2021.3.20,309293,300096,2148,1355
2021.3.21,310445,301442,2157,1152
2021.3.22,311428,302168,2166,983
2021.3.23,312474,303030,2175,1046
2021.3.24,313852,304477,2184,1378
2021.3.25,314993,305560,2193,1141
2021.3.26,316418,307004,2202,1425
2021.3.27,317631,308216,2211,1213
2021.3.28,318681,309535,2219,1050
2021.3.29,319599,310189,2227,918
2021.3.30,320594,310983,2237,995
2021.3.31,321807,312320,2247,1213
2021.4.1,323043,313628,2257,1236
2021.4.2,324694,315226,2267,1651
2021.4.3,326065,316649,2276,1371
2021.4.4,327304,318033,2285,1239
2021.4.5,328290,318756,2294,986
2021.4.6,329258,319601,2304,968
2021.4.7,330536,320844,2314,1278
2021.4.8,331808,322223,2324,1272
2021.4.9,333430,323748,2334,1622
2021.4.10,334863,325108,2344,1433
2021.4.11,336038,326487,2354,1175
2021.4.12,336881,327087,2363,843
2021.4.13,337635,327848,2373,754
2021.4.14,338801,329135,2383,1166
2021.4.15,340023,330483,2393,1222
2021.4.16,341539,331972,2403,1516
2021.4.17,342923,333373,2413,1384
2021.4.18,344223,334852,2423,1300
2021.4.19,345110,335485,2433,887
2021.4.20,345998,336227,2443,888
2021.4.21,347316,337620,2453,1318
