date,累计确诊,治愈,死亡,新增确诊
2020.4.8,120,60,0,7
2020.4.9,123,60,0,3
2020.4.10,127,69,0,4
2020.4.11,129,84,0,2
2020.4.15,131,104,0,2
2020.4.16,132,105,0,1
2020.4.23,133,129,0,1
2020.4.25,136,131,0,3
2020.4.26,141,131,0,5
2020.4.30,144,131,0,3
2020.5.7,144,141,0,0
2020.5.8,146,142,0,2
2020.5.12,147,144,0,1
2020.5.16,147,145,0,0
2020.5.17,147,145,0,0
2020.5.18,147,145,0,0
2020.5.19,147,145,0,0
2020.5.20,149,145,0,2
2020.5.21,149,145,0,0
2020.5.22,151,147,0,2
2020.5.23,152,147,0,1
2020.5.24,154,147,0,2
2020.5.25,154,147,0,0
2020.5.26,154,147,0,0
2020.5.27,157,147,0,3
2020.5.28,158,147,0,1
2020.5.29,161,148,0,3
2020.5.30,169,149,0,8
2020.5.31,170,149,0,1
2020.6.1,170,151,0,0
2020.6.2,172,151,0,2
2020.6.3,173,153,0,1
2020.6.4,173,153,0,0
2020.6.5,174,153,0,1
2020.6.6,175,155,0,1
2020.6.7,176,164,0,1
2020.6.8,176,165,0,0
2020.6.9,176,165,0,0
2020.6.10,176,169,0,0
2020.6.11,176,169,0,0
2020.6.12,176,172,0,0
2020.6.13,176,173,0,0
2020.6.14,176,173,0,0
2020.6.15,176,174,0,0
2020.6.16,176,174,0,0
2020.6.17,176,176,0,0
2020.6.18,176,176,0,0
2020.6.19,176,176,0,0
2020.6.20,176,176,0,0
2020.6.21,176,176,0,0
2020.6.22,176,176,0,0
2020.6.23,176,176,0,0
2020.6.24,176,176,0,0
2020.6.25,176,176,0,0
2020.6.26,176,176,0,0
2020.6.27,177,176,0,1
2020.6.28,177,176,0,0
2020.6.29,177,176,0,0
2020.6.30,177,176,0,0
2020.7.1,178,176,0,1
2020.7.2,178,176,0,0
2020.7.3,178,176,0,0
2020.7.4,178,176,0,0
2020.7.5,179,176,0,1
2020.7.6,179,176,0,0
2020.7.7,179,176,0,0
2020.7.8,179,176,0,0
2020.7.9,180,176,0,1
2020.7.10,180,176,0,0
2020.7.11,180,176,0,0
2020.7.12,180,176,0,0
2020.7.13,180,176,0,0
2020.7.14,180,179,0,0
2020.7.15,180,180,0,0
2020.7.16,180,180,0,0
2020.7.17,180,180,0,0
2020.7.18,180,180,0,0
2020.7.19,180,180,0,0
2020.7.20,180,180,0,0
2020.7.21,180,180,0,0
2020.7.22,182,180,0,2
2020.7.23,182,180,0,0
2020.7.24,184,180,0,2
2020.7.25,185,180,0,1
2020.7.26,185,180,0,0
2020.7.27,185,180,0,0
2020.7.28,186,180,0,1
2020.7.29,186,180,0,0
2020.7.30,187,180,0,1
2020.7.31,187,181,0,0
2020.8.1,188,182,0,1
2020.8.2,188,183,0,0
2020.8.3,188,183,0,0
2020.8.4,189,183,0,1
2020.8.5,189,183,0,0
2020.8.6,190,184,0,1
2020.8.7,190,184,0,0
2020.8.8,197,184,0,7
2020.8.9,197,184,0,0
2020.8.10,201,186,0,4
2020.8.11,202,187,0,1
2020.8.12,203,187,0,1
2020.8.13,205,188,0,2
2020.8.14,205,188,0,0
2020.8.15,209,190,0,4
2020.8.16,215,190,0,6
2020.8.17,217,194,0,2
2020.8.18,222,195,0,5
2020.8.19,223,197,0,1
2020.8.20,223,197,0,0
2020.8.21,231,200,0,8
2020.8.22,239,201,0,8
2020.8.23,246,201,0,7
2020.8.24,248,203,0,2
2020.8.25,256,203,0,8
2020.8.26,270,203,0,14
2020.8.27,272,216,0,2
2020.8.28,274,221,0,2
2020.8.29,275,226,0,1
2020.8.30,285,228,0,10
2020.8.31,288,232,0,3
2020.9.1,290,237,0,2
2020.9.2,295,240,0,5
2020.9.3,298,246,0,3
2020.9.4,305,248,0,7
2020.9.5,312,255,0,7
2020.9.6,315,273,0,3
2020.9.7,315,273,0,0
2020.9.8,320,276,0,5
2020.9.9,322,277,0,2
2020.9.10,323,287,0,1
2020.9.11,323,289,0,0
2020.9.12,327,294,0,4
2020.9.13,330,298,0,3
2020.9.14,330,303,0,0
2020.9.15,334,307,0,4
2020.9.16,340,309,0,6
2020.9.17,343,313,0,3
2020.9.18,346,315,0,3
2020.9.19,350,322,0,4
2020.9.20,350,323,0,0
2020.9.21,350,323,0,0
2020.9.22,355,323,0,5
2020.9.23,357,324,0,2
2020.9.24,361,331,0,4
2020.9.25,364,333,0,3
2020.9.26,372,335,0,8
2020.9.27,379,341,0,7
2020.9.28,382,341,0,3
2020.9.29,391,342,0,9
2020.9.30,396,344,0,5
2020.10.1,410,349,0,14
2020.10.2,416,351,0,6
2020.10.3,428,358,0,12
2020.10.4,432,360,0,4
2020.10.5,432,363,0,0
2020.10.6,437,368,0,5
2020.10.7,445,376,0,8
2020.10.8,452,386,0,7
2020.10.9,468,398,0,16
2020.10.10,476,405,0,8
2020.10.11,485,413,0,9
2020.10.12,486,419,0,1
2020.10.13,499,424,0,13
2020.10.14,516,435,0,17
2020.10.15,531,439,0,15
2020.10.16,544,441,0,13
2020.10.17,558,449,0,14
2020.10.18,571,455,0,13
2020.10.19,577,462,0,6
2020.10.20,577,462,0,0
2020.10.21,621,481,0,44
2020.10.22,630,495,0,9
2020.10.23,641,500,0,11
2020.10.24,660,507,0,19
2020.10.25,667,516,0,7
2020.10.26,670,532,0,3
2020.10.27,670,532,0,0
2020.10.28,682,562,0,12
2020.10.29,688,584,0,6
2020.10.30,693,590,0,5
2020.10.31,697,618,0,4
2020.11.1,703,620,0,6
2020.11.2,707,629,0,4
2020.11.3,707,629,0,0
2020.11.4,743,650,0,36
2020.11.5,754,655,0,11
2020.11.6,770,673,0,16
2020.11.7,785,682,0,15
2020.11.8,793,685,0,8
2020.11.9,805,692,0,12
2020.11.10,814,702,0,9
2020.11.11,842,712,1,28
2020.11.12,864,719,1,22
2020.11.13,876,729,1,12
2020.11.14,887,742,1,11
2020.11.15,902,754,1,15
2020.11.16,907,768,1,5
2020.11.17,907,768,1,0
2020.11.18,915,775,2,8
2020.11.19,926,790,3,11
2020.11.20,943,820,3,17
2020.11.21,953,848,3,10
2020.11.22,958,860,4,5
2020.11.23,967,871,5,9
2020.11.24,981,885,5,14
2020.11.25,991,895,5,10
2020.11.26,991,903,5,0
2020.11.27,999,905,5,8
2020.11.28,1009,920,5,10
2020.11.29,1014,932,5,5
2020.11.30,1020,939,5,6
2020.12.1,1030,950,5,10
2020.12.2,1035,954,5,5
2020.12.3,1038,960,5,3
2020.12.4,1042,969,5,4
2020.12.5,1048,980,5,6
2020.12.6,1053,990,5,5
2020.12.7,1055,990,5,2
2020.12.8,1058,1004,5,3
2020.12.9,1065,1009,5,7
2020.12.10,1069,1015,5,4
2020.12.11,1070,1022,5,1
2020.12.12,1072,1028,5,2
2020.12.13,1075,1032,5,3
2020.12.14,1082,1036,6,7
2020.12.15,1104,1040,6,22
2020.12.16,1125,1046,6,21
2020.12.17,1153,1050,6,28
2020.12.18,1184,1054,6,31
2020.12.19,1211,1058,6,27
2020.12.20,1244,1065,6,33
2020.12.21,1282,1069,6,38
2020.12.22,1330,1075,6,48
2020.12.23,1330,1075,6,0
2020.12.24,1476,1075,6,146
2020.12.25,1534,1076,6,58
2020.12.26,1593,1108,6,59
2020.12.27,1706,1149,6,113
2020.12.28,1706,1149,6,0
2020.12.29,1793,1176,6,87
2020.12.30,1973,1216,6,180
2020.12.31,2040,1238,7,67
2021.1.1,2212,1249,7,172
2021.1.2,2304,1274,7,92
2021.1.3,2304,1274,7,0
2021.1.4,2513,1504,8,209
2021.1.5,2513,1504,8,0
2021.1.6,2798,1579,11,285
2021.1.7,2798,1579,11,0
2021.1.8,3021,1692,12,223
2021.1.9,3109,1842,12,88
2021.1.10,3109,1842,12,0
2021.1.11,3170,1989,16,61
2021.1.12,3240,2119,16,70
2021.1.13,3431,2259,20,191
2021.1.14,3509,2343,25,78
2021.1.15,3575,2432,30,66
2021.1.16,3575,2432,34,0
2021.1.17,3637,2588,34,62
2021.1.18,3670,2689,43,33
2021.1.19,3793,2914,47,123
2021.1.20,3793,2914,47,0
2021.1.21,3845,2994,53,52
2021.1.22,3881,3033,59,36
2021.1.23,3905,3097,59,24
2021.1.24,3935,3194,62,30
2021.1.25,3992,3349,65,57
2021.1.26,4024,3401,69,32
2021.1.27,4057,3462,70,33
2021.1.28,4082,3530,70,25
2021.1.29,4082,3530,70,0
2021.1.30,4108,3666,75,26
2021.1.31,4114,3705,77,6
2021.2.1,4128,3745,78,14
2021.2.2,4143,3786,79,15
2021.2.3,4143,3786,79,0
2021.2.4,4163,3852,79,20
2021.2.5,4163,3852,79,0
2021.2.6,4177,3923,80,14
2021.2.7,4177,3923,80,0
2021.2.8,4187,3970,83,10
2021.2.9,4190,3990,83,3
2021.2.10,4190,3990,83,0
2021.2.11,4203,4021,83,13
2021.2.12,4203,4021,83,0
2021.2.13,4215,4054,84,12
2021.2.14,4219,4064,84,4
2021.2.15,4223,4069,87,4
2021.2.16,4223,4069,87,0
2021.2.17,4226,4082,87,3
2021.2.18,4226,4082,87,0
2021.2.19,4227,4086,88,1
2021.2.20,4228,4092,88,1
2021.2.21,4228,4097,90,0
2021.2.22,4228,4097,90,0
2021.2.23,4232,4103,91,4
2021.2.24,4234,4113,91,2
2021.2.25,4235,4119,92,1
2021.2.26,4236,4122,92,1
2021.2.27,4238,4122,93,2
2021.2.28,4239,4124,93,1
2021.3.1,4239,4125,93,0
2021.3.2,4239,4125,93,0
2021.3.3,4243,4127,93,4
2021.3.4,4243,4127,93,0
2021.3.5,4244,4131,93,1
2021.3.6,4247,4132,93,3
2021.3.7,4247,4132,93,0
2021.3.8,4249,4134,93,2
2021.3.9,4255,4136,93,6
2021.3.10,4255,4136,93,0
2021.3.11,4256,4139,93,1
2021.3.12,4263,4140,93,7
2021.3.13,4263,4142,94,0
2021.3.14,4263,4143,94,0
2021.3.15,4263,4143,94,0
2021.3.16,4263,4143,94,0
2021.3.17,4270,4143,94,7
2021.3.18,4270,4148,94,0
2021.3.19,4270,4148,94,0
2021.3.20,4270,4148,94,0
2021.3.21,4270,4148,94,0
2021.3.22,4270,4148,94,0
2021.3.23,4271,4156,94,1
2021.3.24,4271,4160,94,0
2021.3.25,4271,4160,94,0
2021.3.26,4272,4161,94,1
2021.3.27,4273,4166,94,1
2021.3.28,4273,4167,94,0
2021.3.29,4273,4167,94,0
2021.3.30,4274,4167,94,1
2021.3.31,4274,4168,94,0
2021.4.1,4275,4169,94,1
2021.4.2,4275,4169,94,0
2021.4.3,4275,4169,94,0
2021.4.4,4275,4170,94,0
2021.4.5,4275,4171,94,0
2021.4.6,4275,4171,94,0
2021.4.7,4275,4171,94,0
2021.4.8,4275,4171,94,0
2021.4.9,4276,4178,94,1
2021.4.10,4277,4180,94,1
2021.4.11,4277,4180,94,0
2021.4.12,4277,4181,94,0
2021.4.13,4277,4181,94,0
2021.4.14,4290,4181,94,13
2021.4.15,4290,4181,94,0
2021.4.16,4291,4181,94,1
2021.4.17,4291,4181,94,0
2021.4.18,4291,4181,94,0
2021.4.19,4291,4181,94,0
2021.4.20,4291,4181,94,0
2021.4.21,4291,4181,94,0
