date,累计确诊,治愈,死亡,新增确诊
2020.4.7,855,111,1,112
2020.4.8,855,112,1,112
2020.4.9,910,111,1,55
2020.4.10,993,133,1,0
2020.4.12,1300,150,2,66
2020.4.13,1355,176,3,55
2020.4.14,1405,206,3,50
2020.4.15,1524,225,3,119
2020.4.16,1658,258,5,134
2020.4.17,1751,280,5,93
2020.4.18,1915,305,7,164
2020.4.19,1995,367,7,80
2020.4.20,2080,412,11,85
2020.4.21,2248,443,13,168
2020.4.22,2399,498,14,151
2020.4.23,2614,613,15,215
2020.4.24,2892,656,19,278
2020.4.25,3075,806,20,183
2020.4.26,3288,1012,22,213
2020.4.27,3440,1176,23,152
2020.4.28,3740,1389,24,300
2020.4.29,4024,1539,26,284
2020.4.30,4377,1602,30,353
2020.5.1,4619,1703,33,242
2020.5.2,4983,1776,38,364
2020.5.3,5278,1947,40,295
2020.5.4,5804,2032,40,526
2020.5.5,6289,2219,42,485
2020.5.6,6567,2381,44,278
2020.5.7,7208,2466,47,641
2020.5.8,7623,2622,49,415
2020.5.9,8688,2729,58,1065
2020.5.10,9286,2907,65,598
2020.5.11,10277,3101,75,991
2020.5.12,11028,3263,82,751
2020.5.13,11975,3451,88,947
2020.5.14,12860,3640,96,885
2020.5.15,13802,3843,107,942
2020.5.16,14850,4093,112,1048
2020.5.17,15691,4339,118,841
2020.5.18,15691,4339,118,0
2020.5.19,16764,4681,121,1073
2020.5.20,17568,4885,124,804
2020.5.21,18609,5205,129,1041
2020.5.22,19564,5515,138,955
2020.5.23,20464,5747,148,900
2020.5.24,21302,6117,156,838
2020.5.25,21967,6621,165,665
2020.5.26,22575,7306,172,608
2020.5.27,23267,7946,175,692
2020.5.28,24112,8698,185,845
2020.5.29,25184,9273,194,1072
2020.5.30,26192,10156,205,1008
2020.5.31,27043,11386,212,851
2020.6.1,27762,12899,220,719
2020.6.2,28649,14281,226,887
2020.6.3,29359,15750,230,710
2020.6.4,29921,17223,236,562
2020.6.5,30644,18277,244,723
2020.6.6,31131,19282,254,487
2020.6.7,31848,20205,264,717
2020.6.8,32510,21242,269,662
2020.6.9,33140,22162,273,630
2020.6.10,33823,23288,275,683
2020.6.11,34432,24137,279,609
2020.6.12,34952,25048,285,520
2020.6.13,35466,25882,289,514
2020.6.14,35920,26759,296,454
2020.6.15,36431,27531,298,511
2020.6.16,36958,28206,303,527
2020.6.17,37533,28896,306,575
2020.6.18,38074,29512,308,541
2020.6.19,38678,30190,313,604
2020.6.20,39145,30726,319,467
2020.6.21,39650,31240,326,505
2020.6.22,40291,31770,330,641
2020.6.23,41033,32304,334,742
2020.6.24,41879,32809,337,846
2020.6.25,42788,33367,339,909
2020.6.26,43703,33969,341,915
2020.6.27,44391,34586,344,688
2020.6.28,44942,35494,348,551
2020.6.29,45524,36313,350,582
2020.6.30,46195,37030,354,671
2020.7.1,46940,37715,358,745
2020.7.2,47859,38390,359,919
2020.7.3,48672,39276,360,813
2020.7.4,49303,39943,365,631
2020.7.5,49941,40463,368,638
2020.7.6,50644,41001,373,703
2020.7.7,51245,41515,377,601
2020.7.8,52007,42108,379,762
2020.7.9,52840,42686,382,833
2020.7.10,53580,43214,383,740
2020.7.11,54058,43961,386,478
2020.7.12,54894,44610,390,836
2020.7.13,55508,45356,393,614
2020.7.14,56174,46161,396,666
2020.7.15,56877,46897,399,703
2020.7.16,57668,47545,402,791
2020.7.17,58221,48381,404,553
2020.7.18,58904,49020,407,683
2020.7.19,59204,49687,408,300
2020.7.20,59763,50339,408,559
2020.7.21,60434,50919,412,671
2020.7.22,61185,51520,417,751
2020.7.23,61872,52247,421,687
2020.7.24,62625,52915,425,753
2020.7.25,63309,53607,429,684
2020.7.26,63773,54373,433,464
2020.7.27,64379,55057,438,606
2020.7.28,65149,55681,442,770
2020.7.29,65903,56467,444,754
2020.7.30,66529,57330,445,626
2020.7.31,66957,57932,447,428
2020.8.1,67448,58525,453,491
2020.8.2,67911,59213,457,463
2020.8.3,68299,59739,461,388
2020.8.4,68774,60326,465,475
2020.8.5,69425,60906,468,651
2020.8.6,70045,61610,469,620
2020.8.7,70727,62330,471,682
2020.8.8,71199,62806,474,472
2020.8.9,71713,63519,478,514
2020.8.10,72400,64028,482,687
2020.8.11,73068,64759,486,668
2020.8.12,73785,65451,489,717
2020.8.13,74486,66099,489,701
2020.8.14,74486,66099,489,0
2020.8.15,75185,66740,494,699
2020.8.16,76205,68135,501,1020
2020.8.17,76827,68633,502,622
2020.8.18,77470,69243,505,643
2020.8.19,78145,69771,507,675
2020.8.20,78767,70642,509,622
2020.8.21,79269,71264,511,502
2020.8.22,79957,71770,513,688
2020.8.23,80528,72307,515,571
2020.8.24,80960,72925,518,432
2020.8.25,81573,73402,519,613
2020.8.26,82271,73906,521,698
2020.8.27,82945,74522,522,674
2020.8.28,83578,75320,525,633
2020.8.29,84224,75993,528,646
2020.8.30,84636,76650,530,412
2020.8.31,85109,77224,531,473
2020.9.1,85811,77657,534,702
2020.9.2,86478,78209,535,667
2020.9.3,87378,78791,536,900
2020.9.4,88243,79417,537,865
2020.9.5,88963,79903,540,720
2020.9.6,89582,80521,544,619
2020.9.7,90387,81037,546,805
2020.9.8,91244,81654,548,857
2020.9.9,92082,82222,552,838
2020.9.10,92822,83040,556,740
2020.9.11,93475,83660,557,653
2020.9.12,94211,84404,558,736
2020.9.13,94764,84995,560,553
2020.9.14,95472,85501,563,708
2020.9.15,96301,86219,568,829
2020.9.16,96999,87187,571,698
2020.9.17,97824,87911,575,825
2020.9.18,98528,88776,580,704
2020.9.19,99049,89498,581,521
2020.9.20,99434,90168,584,385
2020.9.21,99964,90930,585,530
2020.9.22,100683,91612,588,719
2020.9.23,101299,92341,590,616
2020.9.24,101851,92961,592,552
2020.9.25,102441,93562,595,590
2020.9.26,103199,94211,597,758
2020.9.27,103544,94929,601,345
2020.9.28,103981,95511,605,437
2020.9.29,104568,96049,607,587
2020.9.30,105182,96688,610,614
2020.10.1,105676,97197,612,494
2020.10.2,106087,97898,615,411
2020.10.3,106458,98435,620,371
2020.10.4,107025,99040,624,567
2020.10.5,107592,99549,628,567
2020.10.6,108268,100179,632,676
2020.10.7,108743,100776,639,475
2020.10.8,109441,101314,642,698
2020.10.9,110076,102024,649,635
2020.10.10,110568,102722,655,492
2020.10.11,111116,103268,658,548
2020.10.12,111893,103802,664,777
2020.10.13,112737,104508,672,844
2020.10.14,113269,105236,676,532
2020.10.15,114015,105846,684,746
2020.10.16,114015,105846,684,0
2020.10.17,115483,107108,694,1468
2020.10.18,116146,107860,701,663
2020.10.19,116832,108606,710,686
2020.10.20,117718,109198,714,886
2020.10.21,118531,109916,721,813
2020.10.22,119420,110714,730,889
2020.10.23,120232,111440,740,812
2020.10.24,120927,112110,744,695
2020.10.25,121635,112771,746,708
2020.10.26,122317,113391,749,682
2020.10.27,123092,114116,756,775
2020.10.28,123906,114923,763,814
2020.10.29,124666,115475,767,760
2020.10.30,125337,116202,773,671
2020.10.31,125926,116862,779,589
2020.11.1,126534,117558,782,608
2020.11.2,127293,118386,786,759
2020.11.3,128080,119080,789,787
2020.11.4,128843,119742,794,763
2020.11.5,129638,120564,799,795
2020.11.6,130463,121263,804,825
2020.11.7,131205,121889,808,742
2020.11.8,131743,122576,811,538
2020.11.9,132478,123314,816,735
2020.11.10,133381,124156,821,903
2020.11.11,134159,124905,826,778
2020.11.12,134932,125593,830,773
2020.11.13,135650,126344,833,718
2020.11.14,136341,126902,835,691
2020.11.15,136840,127585,838,499
2020.11.16,137329,128414,842,489
2020.11.17,137885,129041,848,556
2020.11.18,138337,129839,857,452
2020.11.19,138822,130426,859,485
2020.11.20,139308,131049,861,486
2020.11.21,139734,131560,863,426
2020.11.22,140056,132178,866,322
2020.11.23,140393,132848,868,337
2020.11.24,140795,133407,870,402
2020.11.25,141217,134033,871,422
2020.11.26,141547,134750,872,330
2020.11.27,141876,135303,874,329
2020.11.28,142195,135889,875,319
2020.11.29,142426,136413,878,231
2020.11.30,142635,137071,880,209
2020.12.1,142992,137625,881,357
2020.12.2,143260,138134,882,268
2020.12.3,143574,138674,884,314
2020.12.4,143917,139148,886,343
2020.12.5,143917,139148,886,0
2020.12.6,144369,140035,891,452
2020.12.7,144599,140341,897,230
2020.12.8,144900,140638,900,301
2020.12.9,144900,140638,900,0
2020.12.10,145204,140989,905,304
2020.12.11,145495,141259,910,291
2020.12.12,146044,141825,911,549
2020.12.13,146218,142094,911,174
2020.12.14,146449,142357,912,231
2020.12.15,146710,142599,913,261
2020.12.16,146971,142909,913,261
2020.12.17,147192,143113,913,221
2020.12.18,147531,143355,916,339
2020.12.19,147775,143641,918,244
2020.12.20,147979,143926,921,204
2020.12.21,148209,144142,922,230
2020.12.22,148209,144142,922,0
2020.12.23,148773,144594,924,564
2020.12.24,148773,144594,924,0
2020.12.25,149277,145130,926,504
2020.12.26,149277,145130,926,0
2020.12.27,149653,145579,931,376
2020.12.28,149857,145808,932,204
2020.12.29,149857,145808,932,0
2020.12.30,150298,146284,933,441
2020.12.31,150584,146517,934,286
2021.1.1,150869,146777,936,285
2021.1.2,150869,146777,936,0
2021.1.3,151074,146990,937,205
2021.1.4,151343,147271,937,269
2021.1.5,152027,147784,938,684
2021.1.6,152438,148015,938,411
2021.1.7,152978,148239,938,540
2021.1.8,153473,148483,940,495
2021.1.9,153900,148728,942,427
2021.1.10,154314,149007,943,414
2021.1.11,154841,149373,945,527
2021.1.12,155335,149575,946,494
2021.1.13,155874,149809,946,539
2021.1.14,156434,150061,946,560
2021.1.15,156964,150329,947,530
2021.1.16,157399,150678,947,435
2021.1.17,157777,151142,947,378
2021.1.18,158244,151496,948,467
2021.1.19,158244,151496,948,0
2021.1.20,159264,152420,951,1020
2021.1.21,159834,152826,951,570
2021.1.22,159834,152826,951,0
2021.1.23,160901,153746,952,1067
2021.1.24,161285,154253,952,384
2021.1.25,161777,154766,954,492
2021.1.26,162282,155303,957,505
2021.1.27,162862,155739,957,580
2021.1.28,163450,156387,958,588
2021.1.29,164108,156903,958,658
2021.1.30,164622,157404,959,514
2021.1.31,165257,157931,959,635
2021.2.1,165843,158476,959,586
2021.2.2,166654,158986,960,811
2021.2.3,167410,159543,961,756
2021.2.4,167410,159543,961,0
2021.2.5,168250,160098,962,840
2021.2.6,169190,160554,964,940
2021.2.7,170998,161538,966,1808
2021.2.8,171994,162120,969,996
2021.2.9,172996,162711,975,1002
2021.2.10,172996,162711,975,0
2021.2.11,173983,163264,980,987
2021.2.12,175031,163895,985,1048
2021.2.13,176052,164537,992,1021
2021.2.14,176903,165254,998,851
2021.2.15,177701,166019,1003,798
2021.2.16,178524,166791,1009,823
2021.2.17,179488,167601,1014,964
2021.2.18,180505,168420,1019,1017
2021.2.19,181484,169406,1027,979
2021.2.20,182460,170326,1034,976
2021.2.21,183322,171260,1039,862
2021.2.22,184090,172227,1044,768
2021.2.23,184989,173182,1049,899
2021.2.24,186004,174088,1057,1015
2021.2.25,187005,175048,1062,1001
2021.2.26,188024,176019,1067,1019
2021.2.27,189046,177133,1072,1022
2021.2.28,189890,178197,1078,844
2021.3.1,190852,179209,1083,962
2021.3.2,192031,180155,1085,1179
2021.3.3,193372,181119,1092,1341
2021.3.4,196497,183321,1105,3125
2021.3.5,196497,183321,1105,0
2021.3.6,198110,184239,1113,1613
2021.3.7,199428,185231,1120,1318
2021.3.8,200572,186187,1127,1144
2021.3.9,201898,187122,1133,1326
2021.3.10,203055,188167,1141,1157
2021.3.11,204388,189155,1144,1333
2021.3.12,205893,190235,1148,1505
2021.3.13,207249,191417,1156,1356
2021.3.14,209523,194172,1172,2274
2021.3.15,209523,194172,1172,0
2021.3.16,210855,195507,1179,1332
2021.3.17,213673,198273,1194,2818
2021.3.18,213673,198273,1194,0
2021.3.19,215067,199549,1202,1394
2021.3.20,216586,200822,1210,1519
2021.3.21,217933,202208,1215,1347
2021.3.22,220455,204978,1233,2522
2021.3.23,220455,204978,1233,0
2021.3.24,221743,206180,1246,1288
2021.3.25,223042,207392,1256,1299
2021.3.26,224432,208771,1258,1390
2021.3.27,227178,211360,1279,2746
2021.3.28,228299,212596,1286,1121
2021.3.29,228299,212596,1286,0
2021.3.30,229550,213942,1298,1251
2021.3.31,230821,215250,1308,1271
2021.4.1,232103,216580,1313,1282
2021.4.2,233521,217873,1319,1418
2021.4.3,234754,219257,1327,1233
2021.4.4,235989,220521,1339,1235
2021.4.5,237192,221943,1353,1203
2021.4.6,238549,223269,1365,1357
2021.4.7,239952,224701,1373,1403
2021.4.8,241469,226026,1379,1517
2021.4.9,242848,227260,1383,1379
2021.4.10,244325,228627,1393,1477
2021.4.11,245704,229846,1403,1379
2021.4.12,247094,231240,1407,1390
2021.4.13,248729,232556,1412,1635
2021.4.14,250273,233757,1419,1544
2021.4.15,251675,235053,1423,1402
2021.4.16,253066,236384,1428,1391
2021.4.17,254472,237667,1436,1406
2021.4.18,255860,239027,1440,1388
2021.4.19,256987,240465,1448,1127
2021.4.20,258497,241696,1456,1510
