date,累计确诊,治愈,死亡,新增确诊
2020.4.8,384,48,3,35
2020.4.9,444,52,3,60
2020.4.10,480,54,3,36
2020.4.11,533,58,4,53
2020.4.12,574,85,5,41
2020.4.13,626,89,6,52
2020.4.14,638,114,6,12
2020.4.15,654,146,6,16
2020.4.16,688,193,6,34
2020.4.17,742,220,6,54
2020.4.18,801,239,8,54
2020.4.19,847,260,9,46
2020.4.20,879,287,10,32
2020.4.21,916,303,13,37
2020.4.22,952,320,14,36
2020.4.23,1004,359,14,52
2020.4.24,1077,419,14,73
2020.4.25,1111,449,14,34
2020.4.26,1150,468,14,39
2020.4.27,1164,499,14,14
2020.4.28,1183,525,14,19
2020.4.29,1238,557,14,55
2020.4.30,1275,574,14,37
2020.5.1,1333,597,15,58
2020.5.2,1362,622,15,29
2020.5.3,1398,653,17,36
2020.5.5,1464,701,18,32
2020.5.6,1516,721,18,52
2020.5.7,1571,742,20,55
2020.5.9,1667,769,21,65
2020.5.12,1857,820,21,127
2020.5.13,1912,902,24,55
2020.5.15,2017,942,24,46
2020.5.16,2061,987,25,44
2020.5.17,2109,1004,27,48
2020.5.18,2109,1004,27,0
2020.5.19,2119,1040,28,10
2020.5.20,2153,1050,28,34
2020.5.21,2231,1083,29,78
2020.5.22,2301,1100,29,70
2020.5.23,2341,1146,29,40
2020.5.24,2366,1188,30,25
2020.5.25,2376,1219,30,10
2020.5.26,2423,1257,30,47
2020.5.27,2477,1286,30,54
2020.5.28,2556,1302,31,79
2020.5.29,2641,1326,32,85
2020.5.30,2750,1370,32,109
2020.5.31,2799,1385,33,49
2020.6.1,2833,1435,33,34
2020.6.2,2951,1467,33,118
2020.6.3,3024,1501,33,73
2020.6.4,3110,1530,35,86
2020.6.5,3262,1584,35,152
2020.6.6,3431,1604,36,169
2020.6.7,3557,1750,36,126
2020.6.8,3739,1818,36,182
2020.6.9,3881,1869,38,142
2020.6.10,3995,2045,38,114
2020.6.11,4181,2174,41,186
2020.6.12,4404,2212,41,223
2020.6.13,4684,2263,45,280
2020.6.14,4848,2397,45,164
2020.6.15,5084,2505,45,236
2020.6.16,5439,2590,46,355
2020.6.17,5679,2637,46,240
2020.6.18,6063,2749,48,384
2020.6.19,6444,2863,49,381
2020.6.20,6874,2942,49,430
2020.6.21,7276,2992,52,402
2020.6.22,7492,3068,54,216
2020.6.23,7677,3493,56,185
2020.6.24,7904,3182,58,227
2020.6.25,8164,3419,58,260
2020.6.26,8334,3487,60,170
2020.6.27,8739,3587,64,405
2020.6.28,8944,3722,66,205
2020.6.29,9101,3808,66,157
2020.6.30,9214,3996,66,113
2020.7.1,9499,4273,68,285
2020.7.2,9702,4381,68,203
2020.7.3,9992,4660,68,290
2020.7.4,10244,4726,70,252
2020.7.5,10462,4807,72,218
2020.7.6,10772,5067,74,310
2020.7.7,10966,5384,75,194
2020.7.8,11194,5487,76,228
2020.7.9,11504,5571,78,310
2020.7.10,11750,5752,79,246
2020.7.11,12052,6080,81,302
2020.7.12,12443,6357,82,391
2020.7.13,12766,6654,84,323
2020.7.14,12872,6810,84,106
2020.7.15,13037,6908,87,165
2020.7.16,13403,7146,87,366
2020.7.17,13554,7363,87,151
2020.7.18,13696,7607,87,142
2020.7.19,13912,8000,91,216
2020.7.20,14119,8366,92,207
2020.7.21,14312,8659,92,193
2020.7.22,14531,8857,93,219
2020.7.23,14733,8995,93,202
2020.7.24,15001,9282,93,268
2020.7.25,15253,9499,94,252
2020.7.26,15494,9880,94,241
2020.7.27,15596,10178,96,102
2020.7.28,15655,10361,96,59
2020.7.29,15713,10537,98,58
2020.7.30,15813,10793,99,100
2020.7.31,15978,11160,100,165
2020.8.1,16047,11428,102,69
2020.8.2,16109,11750,102,62
2020.8.3,16182,11801,102,73
2020.8.4,16220,11887,102,38
2020.8.5,16293,11955,103,73
2020.8.6,16349,12191,103,56
2020.8.7,16447,12484,103,98
2020.8.8,16524,12802,104,77
2020.8.9,16620,12893,104,96
2020.8.10,16715,12926,105,95
2020.8.11,16798,13052,105,83
2020.8.12,16847,13321,105,49
2020.8.13,16847,13321,105,0
2020.8.14,16889,13522,107,42
2020.8.15,16935,13721,108,46
2020.8.16,16993,13759,108,58
2020.8.17,17026,13947,110,33
2020.8.18,17107,13990,110,81
2020.8.19,17150,14183,110,43
2020.8.20,17232,14422,111,82
2020.8.21,17249,14611,112,17
2020.8.22,17310,14820,112,61
2020.8.23,17374,15106,113,64
2020.8.24,17471,15301,113,97
2020.8.25,17506,15633,114,35
2020.8.26,17562,15908,114,56
2020.8.27,17603,15941,114,41
2020.8.28,17702,16139,115,99
2020.8.29,17797,16315,115,95
2020.8.30,17893,16440,115,96
2020.8.31,17948,16553,115,55
2020.9.1,18067,16699,117,119
2020.9.2,18103,16814,117,36
2020.9.3,18161,16933,117,58
2020.9.4,18208,17045,119,47
2020.9.5,18269,17162,119,61
2020.9.6,18472,17323,119,203
2020.9.7,18588,17472,119,116
2020.9.8,18701,17599,119,113
2020.9.9,18778,17688,119,77
2020.9.10,18815,17770,119,37
2020.9.11,18869,17884,119,54
2020.9.12,18916,17960,119,47
2020.9.13,18916,17960,119,0
2020.9.14,19013,18112,120,97
2020.9.15,19066,18174,120,53
2020.9.16,19100,18228,120,34
2020.9.17,19132,18289,120,32
2020.9.18,19158,18330,120,26
2020.9.19,19200,18392,120,42
2020.9.20,19269,18392,120,69
2020.9.21,19320,18460,120,51
2020.9.22,19327,18630,120,7
2020.9.23,19343,18682,120,16
2020.9.24,19430,18875,120,87
2020.9.25,19501,19003,120,71
2020.9.26,19556,19065,120,55
2020.9.27,19600,19122,120,44
2020.9.28,19629,19163,120,29
2020.9.29,19641,19202,120,12
2020.9.30,19669,19241,120,28
2020.10.1,19724,19291,120,55
2020.10.2,19755,19320,120,31
2020.10.3,19793,19357,120,38
2020.10.4,19849,19421,120,56
2020.10.5,19882,19449,120,33
2020.10.6,19885,19490,120,3
2020.10.7,19903,19539,120,18
2020.10.8,19935,19550,120,32
2020.10.9,19982,19626,120,47
2020.10.10,20036,19696,120,54
2020.10.11,20128,19752,120,92
2020.10.12,20154,19798,120,26
2020.10.13,20155,19831,120,1
2020.10.14,20183,19860,120,28
2020.10.15,20217,19872,120,34
2020.10.16,20257,19898,120,40
2020.10.17,20275,19953,121,18
2020.10.18,20301,19983,121,26
2020.10.19,20323,20021,121,22
2020.10.20,20324,20029,121,1
2020.10.21,20342,20044,121,18
2020.10.22,20363,20070,121,21
2020.10.23,20390,20088,121,27
2020.10.24,20405,20100,121,15
2020.10.25,20429,20137,121,24
2020.10.26,20470,20166,122,41
2020.10.27,20486,20212,122,16
2020.10.28,20488,20229,122,2
2020.10.29,20555,20241,124,67
2020.10.30,20628,20310,124,73
2020.10.31,20692,20349,124,64
2020.11.1,20716,20365,126,24
2020.11.2,20716,20365,126,0
2020.11.3,20753,20410,126,37
2020.11.4,20765,20427,126,12
2020.11.5,20778,20447,126,13
2020.11.6,20789,20466,126,11
2020.11.7,20801,20477,126,12
2020.11.8,20813,20489,126,12
2020.11.9,20832,20508,126,19
2020.11.10,20835,20516,126,3
2020.11.11,20847,20546,126,12
2020.11.12,20855,20572,127,8
2020.11.13,20882,20584,127,27
2020.11.14,20899,20599,127,17
2020.11.15,20945,20630,127,46
2020.11.16,20976,20647,128,31
2020.11.17,20988,20663,128,12
2020.11.18,21004,20675,129,16
2020.11.19,21045,20712,129,41
2020.11.20,21083,20729,129,38
2020.11.21,21099,20748,129,16
2020.11.22,21126,20777,129,27
2020.11.23,21138,20798,131,12
2020.11.24,21148,20819,131,10
2020.11.25,21156,20833,131,8
2020.11.26,21168,20843,131,12
2020.11.27,21199,20852,131,31
2020.11.28,21232,20873,131,33
2020.11.29,21261,20912,131,29
2020.11.30,21331,20964,132,49
2020.12.1,21331,20964,132,0
2020.12.2,21334,20981,132,3
2020.12.3,21361,21010,132,27
2020.12.4,21389,21022,132,28
2020.12.5,21412,21054,132,23
2020.12.6,21441,21090,132,29
2020.12.7,21485,21109,132,44
2020.12.8,21507,21150,132,22
2020.12.9,21513,21161,132,6
2020.12.10,21547,21176,133,34
2020.12.11,21590,21203,133,43
2020.12.12,21618,21234,133,28
2020.12.13,21639,21261,133,21
2020.12.14,21680,21298,133,41
2020.12.15,21705,21318,133,25
2020.12.16,21775,21335,133,70
2020.12.17,21741,21364,133,0
2020.12.18,21772,21401,133,31
2020.12.19,21845,21420,133,73
2020.12.20,21890,21451,133,45
2020.12.21,21918,21478,133,28
2020.12.22,21932,21517,133,14
2020.12.23,21942,21536,133,10
2020.12.24,21984,21573,133,42
2020.12.25,22071,21629,133,87
2020.12.26,22081,21697,133,10
2020.12.27,22152,21752,135,71
2020.12.28,22176,21776,137,24
2020.12.29,22176,21776,137,0
2020.12.30,22250,21872,137,74
2020.12.31,22366,21909,137,116
2021.1.1,22490,21934,137,124
2021.1.2,22563,21981,138,73
2021.1.3,22563,21981,138,0
2021.1.4,22648,21998,138,85
2021.1.5,22800,22145,138,152
2021.1.6,22855,22154,138,55
2021.1.7,22963,22212,138,108
2021.1.8,23173,22301,138,210
2021.1.9,23254,22325,139,81
2021.1.10,23482,22411,139,228
2021.1.11,23750,22570,139,268
2021.1.12,23894,22668,139,144
2021.1.13,24186,22740,140,292
2021.1.14,24369,22856,140,183
2021.1.15,24578,22856,140,209
2021.1.16,24856,23104,141,278
2021.1.17,24856,23104,141,0
2021.1.18,25241,23331,141,385
2021.1.19,25304,23527,142,63
2021.1.20,25383,23643,142,79
2021.1.21,25597,23867,142,214
2021.1.22,25751,24119,142,154
2021.1.23,26315,24356,143,564
2021.1.24,26612,24595,145,297
2021.1.25,26850,24762,146,238
2021.1.26,27096,25000,146,246
2021.1.27,27237,25196,147,141
2021.1.28,27455,25388,151,218
2021.1.29,27694,25542,151,239
2021.1.30,27934,25670,152,240
2021.1.31,28178,25818,152,244
2021.2.1,28399,26007,154,221
2021.2.2,28475,26495,156,76
2021.2.3,28607,26724,158,132
2021.2.4,28739,26960,158,132
2021.2.5,29102,27157,158,363
2021.2.6,29295,27265,160,193
2021.2.7,29567,27773,162,272
2021.2.8,29825,27981,162,258
2021.2.9,29967,28186,165,142
2021.2.10,29967,28186,165,0
2021.2.11,30240,28320,169,273
2021.2.12,30526,28736,171,286
2021.2.13,30717,28914,173,191
2021.2.14,30884,29062,173,167
2021.2.15,31140,29338,174,256
2021.2.16,31235,29446,175,95
2021.2.17,31365,29603,179,130
2021.2.18,31497,29741,180,132
2021.2.19,31612,29937,183,115
2021.2.20,31825,30056,185,213
2021.2.21,31914,30243,185,89
2021.2.22,32026,30589,186,112
2021.2.23,32039,30768,188,13
2021.2.24,32124,31096,188,85
2021.2.25,32295,31224,188,171
2021.2.26,32295,31224,188,0
2021.2.27,32478,31431,190,183
2021.2.28,32631,31516,192,153
2021.3.1,32754,31516,192,123
2021.3.2,32791,31712,193,37
2021.3.3,32929,31866,193,138
2021.3.4,33285,32037,194,356
2021.3.5,33976,32245,196,691
2021.3.6,34412,32354,199,436
2021.3.7,34935,32513,200,523
2021.3.8,35187,32708,202,252
2021.3.9,35331,32800,204,144
2021.3.10,35477,32882,206,146
2021.3.11,36028,32966,206,551
2021.3.12,36511,33128,209,483
2021.3.13,36824,33267,211,313
2021.3.14,37304,33603,211,480
2021.3.15,37653,34088,211,349
2021.3.16,37908,34616,213,255
2021.3.17,38120,35111,214,212
2021.3.18,38282,35487,214,162
2021.3.19,38923,35923,215,641
2021.3.20,39434,36152,216,511
2021.3.21,39913,36279,217,479
2021.3.22,40310,36395,220,397
2021.3.23,40601,36502,222,291
2021.3.24,40868,36944,222,267
2021.3.25,41307,37320,224,439
2021.3.26,42074,37797,229,767
2021.3.27,42468,38246,229,394
2021.3.28,42861,38590,232,393
2021.3.29,43180,38719,237,319
2021.3.30,43422,39295,239,242
2021.3.31,43542,39842,242,120
2021.4.1,43889,40254,244,347
2021.4.2,44326,40739,247,437
2021.4.3,44445,41281,250,119
2021.4.4,44618,41687,252,173
2021.4.5,44749,42071,255,131
2021.4.6,44841,42438,256,92
2021.4.7,44854,43130,256,13
2021.4.8,44880,43446,257,26
2021.4.9,44975,43758,258,95
2021.4.10,45089,44197,260,114
2021.4.11,45145,44473,261,56
2021.4.12,45206,44629,263,61
2021.4.13,45227,44683,268,21
2021.4.14,45265,44771,269,38
2021.4.15,45388,44833,271,123
2021.4.16,45444,44925,273,56
2021.4.17,45474,44993,274,30
2021.4.18,45519,45064,274,45
2021.4.19,45560,45129,274,41
2021.4.20,45570,45161,274,10
2021.4.21,45614,45199,275,44
