date,累计确诊,治愈,死亡,新增确诊
2020.4.8,4342,1333,121,1388
2020.4.9,5256,1438,138,914
2020.4.10,5897,1569,169,641
2020.4.11,6848,1739,181,951
2020.4.12,7519,1798,193,671
2020.4.13,9784,2642,216,2265
2020.4.14,10303,2869,230,519
2020.4.15,11475,3108,254,1172
2020.4.16,12491,6120,274,1016
2020.4.17,13489,6541,300,998
2020.4.18,14420,6684,348,931
2020.4.19,15628,6811,400,1208
2020.4.20,16325,6968,445,697
2020.4.21,17837,6982,484,1512
2020.4.22,19250,7027,530,1413
2020.4.23,20914,7422,572,1664
2020.4.24,21648,7496,634,734
2020.4.25,25331,7797,700,3683
2020.4.26,27517,8088,728,2186
2020.4.27,28699,8425,782,1182
2020.4.28,31190,9179,854,2491
2020.4.29,33931,10037,943,2741
2020.4.30,36976,10405,1051,3045
2020.5.1,40459,11129,1124,3483
2020.5.2,42534,12434,1200,2075
2020.5.3,45928,13550,1286,3394
2020.5.4,47372,14427,1344,1444
2020.5.5,51189,15413,1444,3817
2020.5.6,54817,17527,1533,3628
2020.5.7,58526,18388,1627,3709
2020.5.8,61847,19012,1714,3321
2020.5.9,65015,20246,1814,3168
2020.5.10,67307,21349,1889,2292
2020.5.11,68822,22406,1961,1515
2020.5.12,72059,22406,2057,3237
2020.5.13,76306,24324,2169,4247
2020.5.14,80604,25151,2267,4298
2020.5.15,84495,27147,2392,3891
2020.5.16,88541,28272,2523,4046
2020.5.17,92273,28621,2648,3732
2020.5.18,92273,28621,2648,0
2020.5.19,94933,30306,2789,2660
2020.5.20,99483,36524,2914,4550
2020.5.21,104020,41968,3024,4537
2020.5.22,108769,43587,3148,4749
2020.5.23,111698,44848,3244,2929
2020.5.24,115754,47915,3373,4056
2020.5.25,119959,49795,3456,4205
2020.5.26,123979,50949,3629,4020
2020.5.27,129751,52906,3788,5772
2020.5.28,135905,56169,3983,6154
2020.5.29,141779,59442,4099,5874
2020.5.30,148285,62791,4230,6506
2020.5.31,155671,66447,4371,7386
2020.6.1,164476,67208,4506,8805
2020.6.2,170039,68507,4634,5563
2020.6.3,174884,69257,4767,4845
2020.6.4,178914,72319,4894,4030
2020.6.5,183198,76228,5031,4284
2020.6.6,187400,79214,5162,4202
2020.6.7,191758,82731,5301,4358
2020.6.8,196515,86219,5465,4757
2020.6.9,199696,89556,5571,3181
2020.6.10,203736,92929,5738,4040
2020.6.11,208823,98031,5903,5087
2020.6.12,214788,102429,6109,5965
2020.6.13,220749,107133,6308,5961
2020.6.14,225132,111724,6498,4383
2020.6.15,229736,115579,6688,4604
2020.6.16,232992,119409,6860,3256
2020.6.17,237156,125205,7056,4164
2020.6.18,240908,128622,7257,3752
2020.6.19,244388,131190,7461,3480
2020.6.20,247925,135520,7660,3537
2020.6.21,251338,138763,7861,3413
2020.6.22,254936,141967,8045,3598
2020.6.23,257447,145320,8223,2511
2020.6.24,260810,148437,8404,3363
2020.6.25,264689,151589,8586,3879
2020.6.26,268602,156074,8761,3913
2020.6.27,272364,159806,8939,3762
2020.6.28,275989,164024,9135,3625
2020.6.29,279419,167998,9317,3430
2020.6.30,282365,171159,9504,2946
2020.7.1,285213,174535,9677,2848
2020.7.2,288477,178245,9860,3264
2020.7.3,292004,182097,10045,3527
2020.7.4,295599,185852,10226,3595
2020.7.5,299080,189621,10412,3481
2020.7.6,302718,193957,10589,3638
2020.7.7,305703,197619,10772,2985
2020.7.8,309278,200938,10952,3575
2020.7.9,312911,204748,11133,3633
2020.7.10,316448,207802,11314,3537
2020.7.11,319646,210638,11500,3198
2020.7.12,322710,214152,11682,3064
2020.7.13,326326,217111,11870,3616
2020.7.14,330123,221008,12054,3797
2020.7.15,333867,223261,12229,3744
2020.7.16,337724,226400,12417,3857
2020.7.17,341586,230994,12615,3862
2020.7.18,345537,233982,12799,3951
2020.7.19,349500,238086,12998,3963
2020.7.20,353590,241955,13187,4090
2020.7.21,357681,245081,13384,4091
2020.7.22,362087,248746,13579,4406
2020.7.23,366550,252246,17455,4463
2020.7.24,371096,255945,17654,4546
2020.7.25,375961,259423,17843,4865
2020.7.26,379884,263130,18030,3923
2020.7.27,384797,267850,18229,4913
2020.7.28,389717,272547,18418,4920
2020.7.29,395005,276452,18612,5288
2020.7.30,400683,280044,18816,5678
2020.7.31,407492,283915,19021,6809
2020.8.1,414735,287127,19217,7243
2020.8.2,422183,290835,19408,7448
2020.8.3,428850,294187,19614,6667
2020.8.4,433100,298091,19811,4250
2020.8.5,439890,302457,20007,6790
2020.8.6,447624,306430,20228,7734
2020.8.7,455409,310337,20424,7785
2020.8.8,463875,314332,20649,8466
2020.8.9,471012,319171,20844,7137
2020.8.10,478024,324020,21072,7012
2020.8.11,483133,329404,21276,5109
2020.8.12,489680,335756,21501,6547
2020.8.13,498555,341938,21713,8875
2020.8.14,507996,348006,25648,9441
2020.8.15,516296,354232,25856,8300
2020.8.16,525803,359781,26075,9507
2020.8.17,535946,365367,26281,10143
2020.8.18,541493,370717,26481,5547
2020.8.19,549321,374019,26658,7828
2020.8.20,558420,377453,26834,9099
2020.8.21,567059,380730,27034,8639
2020.8.22,576067,384908,27245,9008
2020.8.23,585236,391144,27453,9169
2020.8.24,594326,399357,27663,9090
2020.8.25,600438,407301,27813,6112
2020.8.26,607382,414577,28001,6944
2020.8.27,613378,421877,28124,5996
2020.8.28,621997,429662,28277,8619
2020.8.29,629961,438017,28471,7964
2020.8.30,639435,446675,28607,9474
2020.8.31,647166,455457,28788,7731
2020.9.1,652037,462329,28944,4871
2020.9.2,657129,471599,29068,5092
2020.9.3,663437,480177,29259,6308
2020.9.4,670145,489886,29405,6708
2020.9.5,676848,498523,29554,6703
2020.9.6,683702,506422,29687,6854
2020.9.7,689977,515039,29838,6275
2020.9.8,691575,522251,29976,1598
2020.9.9,696190,529751,30123,4615
2020.9.10,702776,536959,30236,6586
2020.9.11,710067,544745,30344,7291
2020.9.12,716670,552214,30470,6603
2020.9.13,722832,559321,30593,6162
2020.9.14,729619,566796,30710,6787
2020.9.15,733860,573364,30812,4241
2020.9.16,738020,580753,30927,4160
2020.9.17,744400,587717,31051,6380
2020.9.18,750098,594513,31146,5698
2020.9.19,756412,600795,31283,6314
2020.9.20,762865,607837,31369,6453
2020.9.21,768895,615255,31369,6030
2020.9.22,772896,622418,31474,4001
2020.9.23,776546,629094,31586,3650
2020.9.24,782695,636489,31870,6149
2020.9.25,788930,644345,31938,6235
2020.9.26,794584,650948,32037,5654
2020.9.27,800142,657836,32142,5558
2020.9.28,805302,664490,32262,5160
2020.9.29,808714,670989,32324,3412
2020.9.30,811768,676925,32396,3054
2020.10.1,814829,683815,32463,3061
2020.10.2,818297,690528,32535,3468
2020.10.3,821564,695645,32609,3267
2020.10.4,824985,700868,32665,3421
2020.10.5,828169,706223,32742,3184
2020.10.6,829999,712888,32834,1830
2020.10.7,832929,718065,32914,2930
2020.10.8,835662,723606,33009,2733
2020.10.9,838614,728216,33098,2952
2020.10.10,843355,733000,33158,4741
2020.10.11,846088,738189,33223,2733
2020.10.12,849371,743969,33305,3283
2020.10.13,851171,748097,33357,1800
2020.10.14,853974,753959,33419,2803
2020.10.15,856951,759597,33512,2977
2020.10.16,859740,764750,33577,2789
2020.10.17,862417,769077,33648,2677
2020.10.18,865549,774356,33702,3132
2020.10.19,868675,779779,33759,3126
2020.10.20,870876,784056,33820,2201
2020.10.21,874118,788494,33875,3242
2020.10.22,876885,792892,33937,2767
2020.10.23,879876,796719,33984,2991
2020.10.24,883116,800480,34033,3240
2020.10.25,886214,803846,34095,3098
2020.10.26,888715,807636,34149,2501
2020.10.27,890574,810995,34197,1859
2020.10.28,892497,814204,34257,1923
2020.10.29,894928,816688,34315,2431
2020.10.30,897594,819717,34362,2666
2020.10.31,900180,822316,34411,2586
2020.11.1,902503,825197,34476,2323
2020.11.2,904911,827613,34529,2408
2020.11.3,906545,830612,34585,1634
2020.11.4,908902,832929,34623,2357
2020.11.5,911787,835694,34671,2885
2020.11.6,914722,838265,34730,2935
2020.11.7,917503,838783,34783,2781
2020.11.8,920010,843600,34840,2507
2020.11.9,922333,843600,34879,2323
2020.11.10,923527,848346,34943,1194
2020.11.11,925431,850670,34992,1904
2020.11.12,928006,853208,35031,2575
2020.11.13,930237,856023,35067,2231
2020.11.14,932650,858388,35106,2413
2020.11.15,934899,861017,35177,2249
2020.11.16,937011,863120,35231,2112
2020.11.17,938268,865348,35271,1257
2020.11.18,939931,867306,35317,1663
2020.11.19,941951,869165,35402,2020
2020.11.20,943917,871534,35446,1966
2020.11.21,946087,873970,35484,2170
2020.11.22,948081,876399,35549,1994
2020.11.23,949670,879439,35595,1589
2020.11.24,950557,880645,35641,887
2020.11.25,952439,882600,35685,1882
2020.11.26,954459,884747,35727,2020
2020.11.27,958324,888815,35839,3865
2020.11.28,960368,891004,35879,2044
2020.11.29,962530,893061,35923,2162
2020.11.30,963605,894741,35966,2162
2020.12.1,963605,894741,35966,0
2020.12.2,965228,896978,36031,1623
2020.12.3,967075,899213,36076,1847
2020.12.4,968846,901544,36104,1771
2020.12.5,970860,903958,36195,2014
2020.12.6,972688,905696,36231,1828
2020.12.7,973912,907654,36274,1224
2020.12.8,975116,909389,36324,1204
2020.12.9,976621,911113,36401,1505
2020.12.10,977312,912501,36455,691
2020.12.11,979111,914600,36499,1799
2020.12.12,980943,916249,36544,1832
2020.12.13,983045,916335,36609,2102
2020.12.14,984973,918352,36677,1928
2020.12.15,986130,920306,36754,1157
2020.12.16,987675,922314,36817,1545
2020.12.17,989457,924120,36858,1782
2020.12.18,991518,925893,36901,2061
2020.12.19,993760,928219,36969,2242
2020.12.20,995899,930410,37034,2139
2020.12.21,997517,932295,37103,1618
2020.12.22,998475,934329,37173,958
2020.12.23,1000153,936182,37218,1678
2020.12.24,1002263,938341,37273,2110
2020.12.25,1003982,940040,37317,1719
2020.12.26,1005546,941668,37368,1564
2020.12.27,1007657,945603,37474,2111
2020.12.28,1008908,947427,37525,1251
2020.12.29,1008908,947427,37525,0
2020.12.30,1010496,949391,37574,1588
2020.12.31,1012614,951318,37621,2118
2021.1.1,1015137,953175,37680,2523
2021.1.2,1017199,954982,37724,2062
2021.1.3,1018099,956800,37773,900
2021.1.4,1019475,958682,37830,1376
2021.1.5,1021058,960703,37873,1583
2021.1.6,1022018,960896,37925,960
2021.1.7,1024432,962566,37991,2414
2021.1.8,1026690,964354,38049,2258
2021.1.9,1029471,966447,38145,2781
2021.1.10,1032275,968335,38213,2804
2021.1.11,1035184,969863,38280,2909
2021.1.12,1037350,970916,38335,2166
2021.1.13,1040231,971000,38399,2881
2021.1.14,1043640,973374,38473,3409
2021.1.15,1048662,976202,38564,5022
2021.1.16,1056023,978072,38654,7361
2021.1.17,1060567,980000,38770,4544
2021.1.18,1064909,982111,38871,4342
2021.1.19,1068802,984726,38931,3893
2021.1.20,1073214,989367,39044,4412
2021.1.21,1078675,993509,39157,5461
2021.1.22,1082907,997285,39274,4232
2021.1.23,1088096,1002516,39427,5189
2021.1.24,1093938,1007748,39608,5842
2021.1.25,1099013,1012450,39777,5075
2021.1.26,1099013,1012450,39777,0
2021.1.27,1107239,1022736,40107,8226
2021.1.28,1113970,1028120,40272,6731
2021.1.29,1119685,1033357,40484,5715
2021.1.30,1125875,1039619,40686,6190
2021.1.31,1133022,1045854,40857,7147
2021.2.1,1138239,1052050,41026,5217
2021.2.2,1142716,1057145,41181,4477
2021.2.3,1149764,1062850,41354,7048
2021.2.4,1158337,1069129,41538,8573
2021.2.5,1165052,1076446,41753,6715
2021.2.6,1173045,1086643,41933,7993
2021.2.7,1180478,1089040,42121,7433
2021.2.8,1186698,1094573,42308,6220
2021.2.9,1191221,1100053,42467,4523
2021.2.10,1196778,1111496,42626,5557
2021.2.11,1203502,1117729,42859,6724
2021.2.12,1212309,1124236,43045,8807
2021.2.13,1220748,1130923,43255,8439
2021.2.14,1227205,1137412,43491,6457
2021.2.15,1235298,1144108,43703,8093
2021.2.16,1238501,1149367,43880,3203
2021.2.17,1244729,1155956,44056,6228
2021.2.18,1252137,1156408,44308,7408
2021.2.19,1261804,1163153,44489,9667
2021.2.20,1269523,1169648,44690,7719
2021.2.21,1275899,1176128,44877,6376
2021.2.22,1283309,1183238,45097,7410
2021.2.23,1286757,1188995,45263,3448
2021.2.24,1293497,1196515,45487,6740
2021.2.25,1300799,1204050,45683,7302
2021.2.26,1308722,1210749,45903,7923
2021.2.27,1316363,1218409,46094,7641
2021.2.28,1323863,1225994,46299,7500
2021.3.1,1329805,1232528,46494,5942
2021.3.2,1332939,1236668,46685,3134
2021.3.3,1338297,1244029,46894,5358
2021.3.4,1344969,1250047,47089,6672
2021.3.5,1349847,1250047,47306,4878
2021.3.6,1358294,1262722,47491,8447
2021.3.7,1364964,1269365,47681,6670
2021.3.8,1371176,1276245,47854,6212
2021.3.9,1374467,1282228,47973,3291
2021.3.10,1380023,1288067,48163,5556
2021.3.11,1387457,1294623,48323,7434
2021.3.12,1394571,1301439,48484,7114
2021.3.13,1402610,1308175,48664,8039
2021.3.14,1407963,1313763,48841,5353
2021.3.15,1412406,1322685,49003,4443
2021.3.16,1418974,1329788,49177,6568
2021.3.17,1427064,1338478,49330,8090
2021.3.18,1435598,1347160,49523,8534
2021.3.19,1443521,1355792,49706,7923
2021.3.20,1451645,1364556,49897,8124
2021.3.21,1460779,1373178,50085,9134
2021.3.22,1466326,1381318,50198,5547
2021.3.23,1472790,1388554,50339,6464
2021.3.24,1481259,1397341,50474,8469
2021.3.25,1492519,1406304,50656,11260
2021.3.26,1500465,1414106,50831,7946
2021.3.27,1512384,1423259,51032,11919
2021.3.28,1520973,1432450,51238,8589
2021.3.29,1529882,1442405,51469,8909
2021.3.30,1533121,1451112,51635,3239
2021.3.31,1540077,1459886,51801,6956
2021.4.1,1548807,1468457,52008,8730
2021.4.2,1561723,1476782,52161,12916
2021.4.3,1568345,1485582,52331,6622
2021.4.4,1573961,1492052,52625,5616
2021.4.5,1582367,1500582,52877,8406
2021.4.6,1590209,1509493,53138,7842
2021.4.7,1598593,1518776,53411,8384
2021.4.8,1607898,1527112,53725,9305
2021.4.9,1617864,1537085,53978,9966
2021.4.10,1628519,1547807,54285,10655
2021.4.11,1639767,1557779,54669,11248
2021.4.12,1647694,1566543,54903,7927
2021.4.13,1653320,1575242,55230,5626
2021.4.14,1659707,1584425,55489,6387
2021.4.15,1667737,1592937,55812,8030
2021.4.16,1681063,1602034,56149,13326
2021.4.17,1689051,1610563,56454,7988
2021.4.18,1697626,1619680,56797,8575
2021.4.19,1704757,1627969,57230,7131
2021.4.20,1707787,1636286,57537,3030
2021.4.21,1719088,1645100,57954,11301
