date,累计确诊,治愈,死亡,新增确诊
2020.4.8,628,25,24,5
2020.4.9,643,25,25,15
2020.4.10,671,25,25,28
2020.4.11,685,43,28,14
2020.4.12,707,43,31,22
2020.4.13,726,43,34,19
2020.4.14,747,43,34,21
2020.4.15,780,43,35,33
2020.4.16,822,43,37,42
2020.4.17,864,43,37,42
2020.4.18,866,43,37,2
2020.4.19,879,43,38,13
2020.4.20,884,148,38,5
2020.4.21,901,170,38,17
2020.4.22,909,190,38,8
2020.4.23,918,190,38,9
2020.4.24,922,194,38,4
2020.4.25,939,207,38,17
2020.4.26,949,216,38,10
2020.4.27,967,279,39,18
2020.4.28,975,279,40,8
2020.4.29,980,294,40,5
2020.4.30,994,305,41,14
2020.5.1,998,316,41,4
2020.5.2,1009,323,42,11
2020.5.4,1018,406,43,5
2020.5.5,1022,482,43,4
2020.5.6,1025,591,43,3
2020.5.8,1030,638,45,4
2020.5.14,1032,759,45,0
2020.5.15,1035,802,45,0
2020.5.16,1037,807,45,2
2020.5.17,1037,816,45,0
2020.5.18,1037,816,45,0
2020.5.19,1043,819,46,6
2020.5.20,1044,826,47,1
2020.5.21,1045,862,47,1
2020.5.22,1046,883,47,1
2020.5.23,1048,903,47,2
2020.5.24,1048,914,48,0
2020.5.25,1051,917,48,3
2020.5.26,1051,919,48,0
2020.5.27,1051,929,48,0
2020.5.28,1068,938,48,17
2020.5.29,1071,946,48,3
2020.5.30,1076,950,48,5
2020.5.31,1077,960,48,1
2020.6.1,1084,964,48,7
2020.6.2,1086,965,48,2
2020.6.3,1087,965,49,1
2020.6.4,1087,968,49,0
2020.6.5,1087,969,49,0
2020.6.6,1087,977,49,0
2020.6.7,1087,982,49,0
2020.6.8,1087,982,49,0
2020.6.9,1087,982,49,0
2020.6.10,1087,983,49,0
2020.6.11,1087,989,49,0
2020.6.12,1093,995,49,6
2020.6.13,1094,995,49,1
2020.6.14,1096,998,49,2
2020.6.15,1110,999,49,14
2020.6.16,1125,1002,49,15
2020.6.17,1128,1004,50,3
2020.6.18,1132,1006,50,4
2020.6.19,1146,1014,50,14
2020.6.20,1156,1017,50,10
2020.6.21,1157,1020,50,1
2020.6.22,1159,1020,50,2
2020.6.23,1159,1023,50,0
2020.6.24,1159,1023,50,0
2020.6.25,1162,1023,50,3
2020.6.26,1164,1023,50,2
2020.6.27,1164,1023,50,0
2020.6.28,1169,1029,50,5
2020.6.29,1169,1029,50,0
2020.6.30,1172,1029,50,3
2020.7.1,1175,1038,50,3
2020.7.2,1178,1039,50,3
2020.7.3,1178,1039,50,0
2020.7.4,1181,1045,50,3
2020.7.5,1186,1046,50,5
2020.7.6,1188,1048,50,2
2020.7.7,1199,1049,50,11
2020.7.8,1205,1049,50,6
2020.7.9,1221,1050,50,16
2020.7.10,1240,1067,50,19
2020.7.11,1240,1067,50,0
2020.7.12,1263,1076,50,23
2020.7.13,1302,1082,50,39
2020.7.14,1306,1087,50,4
2020.7.15,1319,1091,50,13
2020.7.16,1327,1093,50,8
2020.7.17,1336,1095,50,9
2020.7.18,1348,1095,50,12
2020.7.19,1374,1097,50,26
2020.7.20,1374,1097,50,0
2020.7.21,1389,1103,50,15
2020.7.22,1394,1108,50,5
2020.7.23,1394,1108,50,0
2020.7.24,1406,1118,50,12
2020.7.25,1425,1124,50,19
2020.7.26,1443,1133,50,18
2020.7.27,1452,1142,50,9
2020.7.28,1455,1157,50,3
2020.7.29,1468,1168,50,13
2020.7.30,1488,1178,50,20
2020.7.31,1514,1187,50,26
2020.8.1,1535,1195,50,21
2020.8.2,1552,1217,51,17
2020.8.3,1561,1221,51,9
2020.8.4,1565,1225,51,4
2020.8.5,1601,1233,51,36
2020.8.6,1601,1233,51,0
2020.8.7,1642,1241,51,41
2020.8.8,1656,1251,51,14
2020.8.9,1678,1259,51,22
2020.8.10,1697,1263,51,19
2020.8.11,1717,1265,51,20
2020.8.12,1738,1272,52,21
2020.8.13,1780,1278,52,42
2020.8.14,1847,1302,53,67
2020.8.15,1903,1320,53,56
2020.8.16,2107,1358,54,204
2020.8.17,2107,1358,54,0
2020.8.18,2185,1362,56,78
2020.8.19,2314,1370,57,129
2020.8.20,2427,1395,60,113
2020.8.21,2543,1397,63,116
2020.8.22,2607,1420,64,64
2020.8.23,2738,1434,68,131
2020.8.24,2818,1443,71,80
2020.8.25,2893,1454,71,75
2020.8.26,3069,1456,71,176
2020.8.27,3206,1476,71,137
2020.8.28,3323,1504,73,117
2020.8.29,3461,1522,74,138
2020.8.30,3572,1536,76,111
2020.8.31,3685,1562,76,113
2020.9.1,3803,1573,77,118
2020.9.2,3963,1624,80,160
2020.9.3,4196,1628,81,233
2020.9.4,4394,1681,84,198
2020.9.5,4542,1699,87,148
2020.9.6,4776,1701,93,234
2020.9.7,5041,1752,93,265
2020.9.8,5124,1788,94,83
2020.9.9,5417,1862,96,293
2020.9.10,5417,1862,96,0
2020.9.11,5882,1862,99,465
2020.9.12,6259,1956,103,377
2020.9.13,6635,1991,107,376
2020.9.14,6635,1991,107,0
2020.9.15,7382,2175,117,747
2020.9.16,7623,2262,123,241
2020.9.17,8100,2309,129,477
2020.9.18,8570,2342,133,470
2020.9.19,9110,2366,138,540
2020.9.20,9736,2386,155,626
2020.9.21,10732,2386,159,996
2020.9.22,11260,2386,164,528
2020.9.23,12479,2386,174,1219
2020.9.24,13305,5032,180,826
2020.9.25,13305,5032,180,0
2020.9.26,14392,5032,191,1087
2020.9.27,15178,5032,207,786
2020.9.28,16114,5032,214,936
2020.9.29,17405,5032,246,1291
2020.9.30,17405,5032,246,0
2020.10.1,18413,5032,265,1008
2020.10.2,19721,5032,271,1308
2020.10.3,19721,5032,271,0
2020.10.4,22230,5032,321,2509
2020.10.5,22230,5032,321,0
2020.10.6,22230,5032,321,0
2020.10.7,24542,5032,364,2312
2020.10.8,24542,5032,364,0
2020.10.9,26899,5032,409,2357
2020.10.10,26899,5032,409,0
2020.10.11,31259,5032,456,4360
2020.10.12,32556,5032,478,1297
2020.10.13,32556,5032,478,0
2020.10.14,34790,5032,512,2234
2020.10.15,34790,5032,512,0
2020.10.16,34790,5032,512,0
2020.10.17,34790,5032,512,0
2020.10.18,40542,5032,626,5752
2020.10.19,40542,5032,626,0
2020.10.20,42727,5032,687,2185
2020.10.21,44450,5032,711,1723
2020.10.22,45892,5032,740,1442
2020.10.23,47214,5032,784,1322
2020.10.24,48799,5032,819,1585
2020.10.25,48799,5032,819,0
2020.10.26,52399,5032,983,3600
2020.10.27,52399,5032,983,0
2020.10.28,52399,5032,983,0
2020.10.29,54278,5032,1153,1879
2020.10.30,58029,5032,1253,3751
2020.10.31,59813,5032,1317,1784
2020.11.1,61115,5032,1348,1302
2020.11.2,61906,5032,1381,791
2020.11.3,61906,5032,1381,0
2020.11.4,64363,5032,1512,2457
2020.11.5,66334,36727,1577,1971
2020.11.6,66334,36727,1577,0
2020.11.7,67918,46192,1753,1584
2020.11.8,69543,47416,1794,1625
2020.11.9,71119,48103,1873,1576
2020.11.10,71569,48103,1920,450
2020.11.11,72993,48103,2006,1424
2020.11.12,74522,51750,2100,1529
2020.11.13,76106,51807,2151,1584
2020.11.14,77668,52912,2209,1562
2020.11.15,79339,53758,2279,1671
2020.11.16,80404,54362,2345,1065
2020.11.17,81003,55551,2396,599
2020.11.18,81723,56748,2445,720
2020.11.19,83772,58229,2541,2049
2020.11.20,84995,59334,2611,1223
2020.11.21,86265,60486,2684,1270
2020.11.22,87471,61402,2752,1206
2020.11.23,88711,62249,2821,1240
2020.11.24,89196,63846,2862,485
2020.11.25,90213,65303,2935,1017
2020.11.26,91307,66459,2983,1094
2020.11.27,92475,67453,3034,1168
2020.11.28,93770,68464,3106,1295
2020.11.29,94980,69226,3153,1210
2020.11.30,96769,70851,3260,1271
2020.12.1,96769,70851,3260,0
2020.12.2,98072,72473,3311,1303
2020.12.3,99280,73607,3359,1208
2020.12.4,99280,73607,3359,0
2020.12.5,101900,75464,3481,2620
2020.12.6,102991,76441,3526,1091
2020.12.7,104002,76441,3561,1011
2020.12.8,104329,77798,3596,327
2020.12.9,105445,80082,3668,1116
2020.12.10,106856,81204,3717,1411
2020.12.11,107814,82193,3758,958
2020.12.12,109104,83162,3801,1290
2020.12.13,110393,84218,3836,1289
2020.12.14,111361,84741,3894,968
2020.12.15,111758,85882,3915,397
2020.12.16,113241,86801,3956,1483
2020.12.17,114547,87884,3997,1306
2020.12.18,115966,87884,4032,1419
2020.12.19,117582,87884,4090,1616
2020.12.20,119151,87884,4126,1569
2020.12.21,120687,87884,4158,1536
2020.12.22,121718,95025,4199,1031
2020.12.23,123323,95763,4237,1605
2020.12.24,125000,97026,4275,1677
2020.12.25,126752,97776,4324,1752
2020.12.26,128578,98426,4385,1826
2020.12.27,131592,100207,4466,3014
2020.12.28,133204,101245,4518,1612
2020.12.29,133204,101245,4518,0
2020.12.30,134802,104401,4570,1598
2020.12.31,137216,104980,4620,2414
2021.1.1,139140,105364,4676,1924
2021.1.2,140557,105499,4730,1417
2021.1.3,141979,106050,4765,1422
2021.1.4,143544,107049,4800,1565
2021.1.5,144796,108491,4862,1252
2021.1.6,147061,110324,4934,2265
2021.1.7,149881,111599,5004,2820
2021.1.8,152254,113415,5052,2373
2021.1.9,154903,115173,5108,2649
2021.1.10,157514,116526,5153,2611
2021.1.11,159276,117701,5215,1762
2021.1.12,162350,119446,5284,3074
2021.1.13,164936,120999,5343,2586
2021.1.14,168568,122775,5415,3632
2021.1.15,170895,124610,5478,2327
2021.1.16,175065,125635,5528,4170
2021.1.17,177231,127854,5616,2166
2021.1.18,180090,128992,5692,2859
2021.1.19,181885,131019,5750,1795
2021.1.20,184483,132983,5844,2598
2021.1.21,188373,135543,5921,3890
2021.1.22,190884,137460,5989,2511
2021.1.23,193273,140180,6092,2389
2021.1.24,195314,141862,6154,2041
2021.1.25,197373,144657,6234,2059
2021.1.26,198636,146740,6287,1263
2021.1.27,200662,148995,6370,2026
2021.1.28,202323,151214,6446,1661
2021.1.29,204351,152436,6508,2028
2021.1.30,206030,154455,6599,1679
2021.1.31,207468,156160,6680,1438
2021.2.1,208885,157446,6754,1417
2021.2.2,210045,162223,6802,1160
2021.2.3,211412,165067,6893,1367
2021.2.4,212679,167699,6980,1267
2021.2.5,213949,169300,7048,1270
2021.2.6,215112,171143,7099,1163
2021.2.7,216176,172885,7162,1064
2021.2.8,217086,173862,7214,910
2021.2.9,217753,175340,7257,667
2021.2.10,218564,176859,7332,811
2021.2.11,219650,180381,7378,1086
2021.2.12,220478,180830,7429,828
2021.2.13,221455,181198,7461,977
2021.2.14,222504,181627,7508,1049
2021.2.15,223244,182421,7544,740
2021.2.16,223549,183530,7575,305
2021.2.17,224329,184499,7617,780
2021.2.18,225116,185421,7651,787
2021.2.19,226015,186173,7684,899
2021.2.20,226740,187753,7719,725
2021.2.21,227643,188317,7755,903
2021.2.22,228362,188607,7793,719
2021.2.23,228937,189358,7811,575
2021.2.24,229781,190155,7843,844
2021.2.25,230443,192282,7869,662
2021.2.26,231298,195739,7911,855
2021.2.27,231964,196945,7942,666
2021.2.28,232615,197619,7974,651
2021.3.1,233277,198006,8001,662
2021.3.2,233669,198778,8022,392
2021.3.3,234231,199476,8047,562
2021.3.4,235008,200229,8074,777
2021.3.5,235643,200984,8106,635
2021.3.6,236356,201500,8130,713
2021.3.7,237028,202123,8167,672
2021.3.8,237704,202399,8201,676
2021.3.9,238017,202994,8225,313
2021.3.10,238613,205176,8268,596
2021.3.11,239368,205719,8292,755
2021.3.12,239977,206293,8313,609
2021.3.13,240617,206863,8329,640
2021.3.14,241257,207364,8359,640
2021.3.15,241834,207686,8389,577
2021.3.16,242124,209166,8404,290
2021.3.17,242673,209755,8429,549
2021.3.18,243439,210375,8463,766
2021.3.19,243935,210983,8490,496
2021.3.20,244776,211561,8506,841
2021.3.21,245405,212056,8526,629
2021.3.22,245706,212304,8546,301
2021.3.23,245923,213106,8569,217
2021.3.24,246507,213505,8610,584
2021.3.25,247254,213969,8637,747
2021.3.26,248037,214407,8663,783
2021.3.27,248782,214916,8684,745
2021.3.28,249703,215195,8705,921
2021.3.29,250565,215365,8735,862
2021.3.30,251169,215920,8760,604
2021.3.31,252171,216712,8788,1002
2021.4.1,254018,217293,8812,1847
2021.4.2,255308,217928,8843,1290
2021.4.3,256931,218377,8890,1623
2021.4.4,258335,218775,8931,1404
2021.4.5,260044,219035,8965,1709
2021.4.6,261177,219912,8993,1133
2021.4.7,263043,220645,9039,1866
2021.4.8,264994,221545,9087,1951
2021.4.9,266827,222461,9136,1833
2021.4.10,268837,223391,9179,2010
2021.4.11,270297,224397,9235,1460
2021.4.12,271861,224907,9293,1564
2021.4.13,272940,226070,9332,1079
2021.4.14,274604,228267,9396,1664
2021.4.15,276727,229754,9480,2123
2021.4.16,279376,231285,9553,2649
2021.4.17,281777,232643,9639,2401
2021.4.18,283976,234012,9717,2199
2021.4.19,285490,234791,9783,1514
2021.4.20,287061,236593,9825,1571
2021.4.21,289230,239104,9918,2169
