date,累计确诊,治愈,死亡,新增确诊
2020.4.8,912,8,15,32
2020.4.9,955,8,16,43
2020.4.10,999,54,22,44
2020.4.11,1026,54,23,27
2020.4.12,1053,97,23,27
2020.4.13,1070,101,24,8
2020.4.14,1091,101,29,21
2020.4.15,1128,178,30,37
2020.4.16,1149,210,32,21
2020.4.17,1239,228,33,90
2020.4.18,1298,242,33,59
2020.4.19,1326,242,36,28
2020.4.20,1348,298,37,22
2020.4.21,1370,357,38,20
2020.4.22,1398,399,38,28
2020.4.23,1410,430,40,12
2020.4.24,1426,460,41,16
2020.4.25,1438,467,41,12
2020.4.26,1449,474,41,11
2020.4.28,1344,536,44,11
2020.4.29,1385,589,45,10
2020.5.1,1406,632,46,7
2020.5.2,1410,635,46,4
2020.5.3,1419,638,46,9
2020.5.4,1423,678,46,4
2020.5.5,1428,718,48,5
2020.5.6,1433,739,49,5
2020.5.7,1436,765,49,3
2020.5.8,1444,828,49,8
2020.5.9,1479,828,50,35
2020.5.10,1485,833,50,35
2020.5.11,1491,850,50,6
2020.5.12,1505,908,54,14
2020.5.13,1511,934,54,6
2020.5.14,1523,965,54,12
2020.5.15,1534,988,55,11
2020.5.16,1541,997,56,7
2020.5.17,1547,997,59,6
2020.5.18,1547,997,59,0
2020.5.19,1562,1025,60,15
2020.5.20,1577,1049,60,15
2020.5.21,1593,1049,61,16
2020.5.22,1604,1111,61,11
2020.5.23,1616,1135,63,12
2020.5.24,1623,1138,63,7
2020.5.25,1635,1138,63,12
2020.5.26,1639,1165,65,4
2020.5.27,1647,1184,66,8
2020.5.28,1656,1193,68,9
2020.5.29,1662,1216,68,6
2020.5.30,1670,1229,70,8
2020.5.31,1675,1236,70,5
2020.6.1,1678,1236,70,3
2020.6.2,1682,1249,71,4
2020.6.3,1684,1260,71,2
2020.6.4,1687,1273,71,3
2020.6.5,1694,1302,71,7
2020.6.6,1705,1321,71,11
2020.6.7,1714,1328,71,9
2020.6.8,1720,1331,71,6
2020.6.9,1727,1338,72,7
2020.6.10,1733,1369,74,6
2020.6.11,1752,1372,74,19
2020.6.12,1756,1400,74,4
2020.6.13,1763,1416,75,7
2020.6.14,1768,1427,75,5
2020.6.15,1773,1429,76,5
2020.6.16,1776,1441,76,3
2020.6.17,1778,1447,76,2
2020.6.18,1784,1449,76,6
2020.6.19,1792,1462,76,8
2020.6.20,1795,1470,76,3
2020.6.21,1798,1475,76,3
2020.6.22,1801,1475,76,3
2020.6.23,1803,1483,77,2
2020.6.24,1804,1484,78,1
2020.6.25,1806,1494,78,2
2020.6.26,1808,1501,78,2
2020.6.27,1813,1503,78,5
2020.6.28,1815,1503,78,2
2020.6.29,1816,1512,78,1
2020.6.30,1817,1515,78,1
2020.7.1,1818,1524,78,1
2020.7.2,1825,1536,78,7
2020.7.3,1828,1539,79,3
2020.7.4,1831,1545,79,3
2020.7.5,1836,1545,79,5
2020.7.6,1841,1547,79,5
2020.7.7,1844,1547,79,3
2020.7.8,1854,1552,79,10
2020.7.9,1857,1564,79,3
2020.7.10,1861,1569,79,4
2020.7.11,1865,1579,79,4
2020.7.12,1869,1571,79,4
2020.7.13,1874,1571,79,5
2020.7.14,1875,1571,79,1
2020.7.15,1882,1582,79,7
2020.7.16,1902,1593,79,20
2020.7.17,1908,1595,79,6
2020.7.18,1915,1600,80,7
2020.7.19,1932,1600,80,17
2020.7.20,1947,1601,80,15
2020.7.21,1949,1601,80,2
2020.7.22,1951,1607,80,2
2020.7.23,1960,1611,80,9
2020.7.24,1986,1616,80,26
2020.7.25,2001,1616,80,15
2020.7.26,2008,1616,80,7
2020.7.27,2019,1620,80,11
2020.7.28,2027,1623,80,8
2020.7.29,2043,1643,80,16
2020.7.30,2062,1643,80,19
2020.7.31,2075,1644,80,13
2020.8.1,2093,1644,80,18
2020.8.2,2110,1644,80,17
2020.8.3,2120,1645,80,10
2020.8.4,2137,1647,80,17
2020.8.5,2147,1650,81,10
2020.8.6,2171,1656,81,24
2020.8.7,2194,1658,81,23
2020.8.8,2231,1668,81,37
2020.8.9,2252,1670,81,21
2020.8.10,2265,1670,81,13
2020.8.11,2283,1679,81,18
2020.8.12,2309,1683,81,26
2020.8.13,2330,1689,81,21
2020.8.14,2352,1691,81,22
2020.8.15,2386,1704,81,34
2020.8.16,2416,1704,81,30
2020.8.17,2436,1705,81,20
2020.8.18,2474,1733,81,38
2020.8.19,2496,1739,81,22
2020.8.20,2528,1747,82,32
2020.8.21,2564,1755,83,36
2020.8.22,2594,1766,84,30
2020.8.23,2635,1766,84,41
2020.8.24,2673,1766,85,38
2020.8.25,2694,1785,85,21
2020.8.26,2726,1794,85,32
2020.8.27,2762,1802,85,36
2020.8.28,2810,1816,86,48
2020.8.29,2839,1833,86,29
2020.8.30,2874,1837,86,35
2020.8.31,2906,1840,86,32
2020.9.1,2929,1857,86,23
2020.9.2,2958,1874,86,29
2020.9.3,2978,1901,86,20
2020.9.4,3004,1920,86,26
2020.9.5,3040,1952,86,36
2020.9.6,3083,1954,86,43
2020.9.7,3100,1955,86,17
2020.9.8,3131,1994,86,31
2020.9.9,3163,2008,86,32
2020.9.10,3199,2030,86,36
2020.9.11,3243,2049,86,44
2020.9.12,3296,2070,86,53
2020.9.13,3335,2070,87,39
2020.9.14,3386,2071,87,51
2020.9.15,3397,2094,87,11
2020.9.16,3442,2125,87,45
2020.9.17,3504,2149,87,62
2020.9.18,3565,2181,87,61
2020.9.19,3664,2197,87,99
2020.9.20,3744,2198,87,80
2020.9.21,3814,2199,87,70
2020.9.22,3859,2225,87,45
2020.9.23,3932,2246,87,73
2020.9.24,4070,2253,89,138
2020.9.25,4184,2298,89,114
2020.9.26,4295,2319,89,111
2020.9.27,4385,2327,91,90
2020.9.28,4490,2327,92,105
2020.9.29,4587,2349,92,97
2020.9.30,4693,2365,92,106
2020.10.1,4784,2424,92,91
2020.10.2,4956,2466,93,172
2020.10.3,5081,2494,94,125
2020.10.4,5185,2495,94,104
2020.10.5,5285,2497,94,100
2020.10.6,5366,2546,99,81
2020.10.7,5483,2600,101,117
2020.10.8,5625,2660,102,142
2020.10.9,5758,2722,103,133
2020.10.10,5963,2751,103,205
2020.10.11,6122,2777,103,159
2020.10.12,6248,2793,103,126
2020.10.13,6366,2842,106,118
2020.10.14,6505,2903,109,139
2020.10.15,6760,2983,110,255
2020.10.16,7041,3035,112,281
2020.10.17,7269,3097,113,228
2020.10.18,7521,3097,113,252
2020.10.19,7726,3110,113,205
2020.10.20,7928,3276,118,202
2020.10.21,8239,3599,120,311
2020.10.22,8663,3773,125,424
2020.10.23,9104,3978,126,441
2020.10.24,9578,4015,129,474
2020.10.25,10184,4073,134,606
2020.10.26,10949,4166,136,765
2020.10.27,11362,4329,141,413
2020.10.28,12138,4502,144,776
2020.10.29,13088,4582,150,950
2020.10.30,13823,4691,157,735
2020.10.31,14824,4872,165,1001
2020.11.1,15719,4883,166,895
2020.11.2,16556,4891,170,837
2020.11.3,17453,4934,175,897
2020.11.4,18092,5082,182,639
2020.11.5,19091,5285,186,999
2020.11.6,20747,5454,192,1656
2020.11.7,22719,5615,203,1972
2020.11.8,24699,5700,207,1980
2020.11.9,25755,5813,210,1056
2020.11.10,26841,5962,221,1086
2020.11.11,28262,6608,235,1421
2020.11.12,29812,7096,244,1550
2020.11.13,31878,7247,253,2066
2020.11.14,33387,7697,266,1509
2020.11.15,34758,7753,277,1371
2020.11.16,35911,7882,285,1153
2020.11.17,36876,8566,299,965
2020.11.18,38810,9362,323,1934
2020.11.19,40492,10008,341,1682
2020.11.20,42757,10498,357,2265
2020.11.21,44740,10869,374,1983
2020.11.22,47047,10945,386,2307
2020.11.23,48226,11032,392,1179
2020.11.24,49393,11595,409,1167
2020.11.25,51655,12282,432,2262
2020.11.26,53757,12655,449,2102
2020.11.27,56095,13514,471,2338
2020.11.28,58212,14056,482,2117
2020.11.29,60193,14120,493,1981
2020.11.30,62515,15077,519,1132
2020.12.1,62515,15077,519,0
2020.12.2,64621,25278,547,2106
2020.12.3,67066,26836,564,2445
2020.12.4,69582,27760,590,2516
2020.12.5,72430,30277,611,2848
2020.12.6,74649,30390,626,2219
2020.12.7,76036,30449,637,1387
2020.12.8,77426,32399,673,1390
2020.12.9,80556,33708,704,3130
2020.12.10,83883,34975,735,3327
2020.12.11,86949,36168,764,3066
2020.12.12,90252,38768,791,3303
2020.12.13,93101,38893,815,2849
2020.12.14,95021,38957,825,1920
2020.12.15,96452,41665,863,1431
2020.12.16,99869,43379,907,3417
2020.12.17,103028,45113,933,3159
2020.12.18,106210,46560,972,3182
2020.12.19,109429,50587,1005,3219
2020.12.20,112359,50721,1019,2930
2020.12.21,114487,50863,1039,2128
2020.12.22,116358,54197,1093,1871
2020.12.23,120094,55926,1143,3736
2020.12.24,123889,60559,1186,3795
2020.12.25,126581,60946,1205,2692
2020.12.26,128931,61345,1228,2350
2020.12.27,132369,62098,1269,3438
2020.12.28,132369,62098,1269,0
2020.12.29,134285,66485,1347,1916
2020.12.30,138219,66485,1422,3934
2020.12.31,140579,71028,1458,2360
2021.1.1,143903,71028,1589,3324
2021.1.2,145399,76703,1614,1496
2021.1.3,146637,77362,1643,1238
2021.1.4,147997,77832,1950,1360
2021.1.5,149497,81630,1996,1500
2021.1.6,152215,83837,2036,2718
2021.1.7,154550,86109,2076,2335
2021.1.8,156539,87963,2119,1989
2021.1.9,158180,92212,2171,1641
2021.1.10,159672,92453,2197,1492
2021.1.11,160446,92608,2232,774
2021.1.12,161348,95627,2272,902
2021.1.13,163042,97336,2314,1694
2021.1.14,164414,97511,2346,1372
2021.1.15,165560,100495,2376,1146
2021.1.16,166680,104047,2414,1120
2021.1.17,167516,104188,2445,836
2021.1.18,167992,104297,2469,476
2021.1.19,168708,104297,2494,716
2021.1.20,172060,110451,2514,3352
2021.1.21,173819,113364,2554,1759
2021.1.22,174846,114925,2591,1027
2021.1.23,175851,118893,2628,1005
2021.1.24,176624,119085,2649,773
2021.1.25,177166,119254,2664,542
2021.1.26,177934,121907,2688,768
2021.1.27,179212,123562,2716,1278
2021.1.28,180170,125067,2743,958
2021.1.29,181028,126548,2762,858
2021.1.30,181734,129043,2787,706
2021.1.31,182539,129175,2803,805
2021.2.1,182893,129269,2825,354
2021.2.2,183444,131151,2847,551
2021.2.3,184208,132326,2867,764
2021.2.4,184948,133994,2885,740
2021.2.5,185601,135406,2908,653
2021.2.6,186278,138013,2927,677
2021.2.7,186770,138108,2937,492
2021.2.8,187039,138207,2955,269
2021.2.9,187421,140448,2972,382
2021.2.10,187991,142313,2988,570
2021.2.11,189058,171777,3013,1067
2021.2.12,189665,172736,3038,607
2021.2.13,190241,173505,3057,576
2021.2.14,190724,174916,3070,483
2021.2.15,190937,175034,3080,213
2021.2.16,191264,175278,3095,327
2021.2.17,191821,176671,3113,557
2021.2.18,192193,176925,3129,372
2021.2.19,192986,178126,3145,793
2021.2.20,193562,179364,3162,576
2021.2.21,194051,179509,3171,489
2021.2.22,194333,179624,3178,282
2021.2.23,194833,180640,3189,500
2021.2.24,195481,181230,3200,648
2021.2.25,196047,181809,3209,566
2021.2.26,196690,182263,3225,643
2021.2.27,197343,183324,3234,653
2021.2.28,197343,183324,3234,0
2021.3.1,197343,183324,3234,0
2021.3.2,199825,185770,3263,2482
2021.3.3,200349,186209,3281,524
2021.3.4,200884,186737,3294,535
2021.3.5,201335,187162,3303,451
2021.3.6,201799,188103,3321,464
2021.3.7,202214,188191,3328,415
2021.3.8,202430,188245,3336,216
2021.3.9,202900,189070,3341,470
2021.3.10,203386,189479,3351,486
2021.3.11,203992,190131,3363,606
2021.3.12,204356,190234,3373,364
2021.3.13,204954,191197,3389,598
2021.3.14,205385,191277,3396,431
2021.3.15,205644,191324,3410,259
2021.3.16,206290,192118,3416,646
2021.3.17,206889,192484,3427,599
2021.3.18,207469,192922,3442,580
2021.3.19,208048,193313,3452,579
2021.3.20,208650,194190,3464,602
2021.3.21,209011,194292,3476,361
2021.3.22,209340,194345,3486,329
2021.3.23,210202,195115,3501,862
2021.3.24,211011,195551,3510,809
2021.3.25,211804,196067,3521,793
2021.3.26,212676,196504,3529,872
2021.3.27,213447,197529,3539,771
2021.3.28,213941,197618,3551,494
2021.3.29,214365,197679,3560,424
2021.3.30,215216,198588,3566,851
2021.3.31,216119,199023,3574,903
2021.4.1,217005,199767,3583,886
2021.4.2,217865,200266,3594,860
2021.4.3,218878,201598,3602,1013
2021.4.4,219607,201680,3610,729
2021.4.5,220212,201727,3615,605
2021.4.6,220900,201845,3623,688
2021.4.7,222020,203042,3635,1120
2021.4.8,223127,203803,3647,1107
2021.4.9,224309,204340,3660,1182
2021.4.10,225308,205768,3671,999
2021.4.11,226173,205897,3687,865
2021.4.12,226783,205965,3697,610
2021.4.13,227889,207391,3713,1106
2021.4.14,229260,208123,3718,1371
2021.4.15,230462,208890,3730,1202
2021.4.16,231601,209538,3739,1139
2021.4.17,232829,211306,3751,1228
2021.4.18,233631,211411,3760,802
2021.4.19,234232,211503,3770,601
2021.4.20,235383,213118,3785,1151
