date,累计确诊,治愈,死亡,新增确诊
2020.4.8,12,1,1,4
2020.4.10,21,1,1,9
2020.4.11,21,1,1,9
2020.4.12,25,2,1,4
2020.4.13,60,2,2,35
2020.4.15,80,2,5,20
2020.4.18,135,2,7,19
2020.4.19,164,3,7,29
2020.4.20,237,4,8,73
2020.4.21,286,4,8,49
2020.4.23,328,8,16,42
2020.4.24,390,8,18,62
2020.4.26,436,10,23,46
2020.4.28,528,19,28,48
2020.4.30,601,31,28,19
2020.5.2,671,34,31,70
2020.5.3,722,44,32,51
2020.5.4,756,61,35,34
2020.5.5,835,75,38,79
2020.5.6,873,87,39,38
2020.5.7,928,106,44,55
2020.5.9,997,110,48,69
2020.5.11,1089,121,52,35
2020.5.12,1170,126,52,81
2020.5.13,1219,130,52,49
2020.5.14,1284,135,53,65
2020.5.16,1357,148,55,73
2020.5.17,1421,152,56,64
2020.5.18,1421,152,56,0
2020.5.19,1455,163,57,34
2020.5.20,1502,178,59,47
2020.5.21,1573,188,61,71
2020.5.22,1594,204,61,21
2020.5.23,1594,204,61,0
2020.5.24,1594,204,61,0
2020.5.25,1594,204,61,0
2020.5.26,1711,253,67,117
2020.5.27,1711,253,67,0
2020.5.28,1731,265,67,20
2020.5.29,1828,310,72,97
2020.5.30,1828,310,72,0
2020.5.31,1976,348,78,148
2020.6.1,2023,361,79,47
2020.6.2,2089,361,79,66
2020.6.3,2146,406,79,57
2020.6.4,2204,418,79,58
2020.6.5,2204,418,79,0
2020.6.6,2289,431,82,85
2020.6.7,2289,431,82,0
2020.6.8,2368,470,84,79
2020.6.9,2416,489,85,48
2020.6.10,2452,506,85,36
2020.6.11,2513,532,85,61
2020.6.12,2513,532,85,0
2020.6.13,2579,559,87,66
2020.6.14,2618,577,88,39
2020.6.15,2618,577,88,0
2020.6.16,2642,622,88,24
2020.6.17,2658,649,88,16
2020.6.18,2719,724,88,61
2020.6.19,2719,724,88,0
2020.6.20,2719,724,88,0
2020.6.21,2755,751,88,36
2020.6.22,2779,782,90,24
2020.6.23,2812,818,90,33
2020.6.24,2835,829,90,23
2020.6.25,2878,868,90,43
2020.6.26,2878,868,90,0
2020.6.27,2878,868,90,0
2020.6.28,2878,868,90,0
2020.6.29,2894,887,90,16
2020.6.30,2904,910,90,10
2020.7.1,2924,910,90,20
2020.7.2,2924,932,90,0
2020.7.3,2944,951,90,20
2020.7.4,2944,951,90,0
2020.7.5,2961,973,92,17
2020.7.6,2997,1014,92,36
2020.7.7,3006,1051,92,9
2020.7.8,3015,1096,92,9
2020.7.9,3028,1147,92,13
2020.7.10,3038,1209,92,10
2020.7.11,3038,1209,92,0
2020.7.12,3051,1264,92,13
2020.7.13,3059,1264,93,8
2020.7.14,3072,1343,93,13
2020.7.15,3076,1380,93,4
2020.7.16,3083,1425,93,7
2020.7.17,3106,1444,93,23
2020.7.18,3106,1444,93,0
2020.7.19,3111,1452,93,5
2020.7.20,3119,1457,93,8
2020.7.21,3130,1462,93,11
2020.7.22,3135,1464,93,5
2020.7.23,3161,1495,93,26
2020.7.24,3171,1499,93,10
2020.7.25,3171,1499,93,0
2020.7.26,3178,1521,93,7
2020.7.27,3178,1521,93,0
2020.7.28,3196,1543,93,18
2020.7.29,3212,1562,93,16
2020.7.30,3212,1562,93,0
2020.7.31,3212,1562,93,0
2020.8.1,3212,1562,93,0
2020.8.2,3212,1562,93,0
2020.8.3,3220,1598,93,8
2020.8.4,3220,1598,93,0
2020.8.5,3220,1598,93,0
2020.8.6,3227,1728,93,7
2020.8.7,3227,1728,93,0
2020.8.8,3227,1728,93,0
2020.8.9,3227,1728,93,0
2020.8.10,3227,1728,93,0
2020.8.11,3227,1728,93,0
2020.8.12,3227,1728,93,0
2020.8.13,3227,1728,93,0
2020.8.14,3227,1728,93,0
2020.8.15,3250,2268,93,23
2020.8.16,3256,2374,93,6
2020.8.17,3257,2374,93,1
2020.8.18,3257,2374,93,0
2020.8.19,3265,2396,93,8
2020.8.20,3265,2396,93,0
2020.8.21,3265,2396,93,0
2020.8.22,3265,2396,93,0
2020.8.23,3269,2396,93,4
2020.8.24,3269,2396,93,0
2020.8.25,3269,2443,93,0
2020.8.26,3275,2443,95,6
2020.8.27,3275,2443,95,0
2020.8.28,3275,2443,95,0
2020.8.29,3275,2481,95,0
2020.8.30,3310,2481,97,35
2020.8.31,3310,2481,98,0
2020.9.1,3310,2481,98,0
2020.9.2,3310,2481,98,0
2020.9.3,3310,2481,98,0
2020.9.4,3332,2696,97,22
2020.9.5,3332,2696,97,0
2020.9.6,3362,2696,97,30
2020.9.7,3362,2696,97,0
2020.9.8,3362,2696,97,0
2020.9.9,3371,2738,97,9
2020.9.10,3371,2738,97,0
2020.9.11,3376,2791,98,5
2020.9.12,3376,2791,98,0
2020.9.13,3389,2803,98,13
2020.9.14,3389,2803,98,0
2020.9.15,3389,2803,98,0
2020.9.16,3390,2812,98,1
2020.9.17,3390,2812,98,0
2020.9.18,3390,2812,98,0
2020.9.19,3390,2812,98,0
2020.9.20,3442,2877,98,52
2020.9.21,3465,2877,98,23
2020.9.22,3465,2877,98,0
2020.9.23,3465,2877,98,0
2020.9.24,3465,2877,98,0
2020.9.25,3465,2877,98,0
2020.9.26,3465,2877,98,0
2020.9.27,3588,2943,99,123
2020.9.28,3588,2946,99,0
2020.9.29,3588,2946,99,0
2020.9.30,3588,2946,99,0
2020.10.1,3588,2946,99,0
2020.10.2,3593,3001,99,5
2020.10.3,3593,3001,99,0
2020.10.4,3593,3001,99,0
2020.10.5,3745,3010,99,152
2020.10.6,3745,3010,99,0
2020.10.7,3745,3010,99,0
2020.10.8,3745,3010,99,0
2020.10.9,3745,3010,99,0
2020.10.10,3847,3079,99,102
2020.10.11,3847,3079,99,0
2020.10.12,3864,3089,99,17
2020.10.13,3864,3089,99,0
2020.10.14,3864,3089,99,0
2020.10.15,3864,3089,99,0
2020.10.16,3864,3089,99,0
2020.10.17,3864,3089,99,0
2020.10.18,3864,3089,99,0
2020.10.19,3890,3089,99,26
2020.10.20,3890,3089,99,0
2020.10.21,3890,3166,101,0
2020.10.22,3897,3166,102,7
2020.10.23,3897,3166,102,0
2020.10.24,3897,3166,102,0
2020.10.25,3897,3166,102,0
2020.10.26,3941,3185,104,44
2020.10.27,3941,3185,104,0
2020.10.28,3941,3185,104,0
2020.10.29,3941,3185,104,0
2020.10.30,3941,3185,104,0
2020.10.31,3941,3185,104,0
2020.11.1,3941,3185,104,0
2020.11.2,3941,3185,104,0
2020.11.3,3941,3185,104,0
2020.11.4,4229,3247,107,288
2020.11.5,4229,3247,107,0
2020.11.6,4229,3247,107,0
2020.11.7,4229,3247,107,0
2020.11.8,4229,3247,107,0
2020.11.9,4229,3247,107,0
2020.11.10,4301,3247,107,72
2020.11.11,4301,3247,107,0
2020.11.12,4301,3330,107,0
2020.11.13,4301,3330,107,0
2020.11.14,4301,3330,107,0
2020.11.15,4301,3330,107,0
2020.11.16,4301,3330,107,0
2020.11.17,4382,3384,108,81
2020.11.18,4382,3384,108,0
2020.11.19,4382,3384,108,0
2020.11.20,4382,3384,108,0
2020.11.21,4382,3384,108,0
2020.11.22,4382,3384,108,0
2020.11.23,4445,3412,113,63
2020.11.24,4445,3412,113,0
2020.11.25,4445,3412,113,0
2020.11.26,4445,3412,113,0
2020.11.27,4451,3417,113,6
2020.11.28,4451,3417,113,0
2020.11.29,4451,3417,113,0
2020.11.30,4451,3417,113,0
2020.12.1,4451,3417,113,0
2020.12.2,4525,3480,121,74
2020.12.3,4525,3480,121,0
2020.12.4,4525,3480,121,0
2020.12.5,4525,3480,121,0
2020.12.6,4525,3480,121,0
2020.12.7,4525,3480,121,0
2020.12.8,4579,3529,121,54
2020.12.9,4579,3529,121,0
2020.12.10,4579,3529,121,0
2020.12.11,4579,3529,121,0
2020.12.12,4579,3529,121,0
2020.12.13,4579,3529,121,0
2020.12.14,4579,3529,121,0
2020.12.15,4579,3529,121,0
2020.12.16,4579,3529,121,0
2020.12.17,4662,3566,124,83
2020.12.18,4662,3566,124,0
2020.12.19,4662,3566,124,0
2020.12.20,4662,3566,124,0
2020.12.21,4662,3566,124,0
2020.12.22,4690,3605,127,28
2020.12.23,4690,3605,127,0
2020.12.24,4690,3605,127,0
2020.12.25,4690,3605,127,0
2020.12.26,4690,3605,127,0
2020.12.27,4690,3605,127,0
2020.12.28,4690,3605,127,0
2020.12.29,4690,3605,127,0
2020.12.30,4714,3612,130,24
2020.12.31,4714,3612,130,0
2021.1.1,4714,3612,130,0
2021.1.2,4714,3612,130,0
2021.1.3,4714,3612,130,0
2021.1.4,4714,3612,130,0
2021.1.5,4714,3612,130,0
2021.1.6,4714,3612,130,0
2021.1.7,4726,3639,130,12
2021.1.8,4726,3639,130,0
2021.1.9,4726,3639,130,0
2021.1.10,4726,3639,130,0
2021.1.11,4726,3639,130,0
2021.1.12,4726,3639,130,0
2021.1.13,4726,3639,130,0
2021.1.14,4744,3666,130,18
2021.1.15,4744,3666,130,0
2021.1.16,4744,3666,130,0
2021.1.17,4744,3666,130,0
2021.1.18,4744,3666,130,0
2021.1.19,4744,3666,130,0
2021.1.20,4744,3666,130,0
2021.1.21,4744,3666,130,0
2021.1.22,4744,3666,130,0
2021.1.23,4744,3666,130,0
2021.1.24,4754,3666,130,10
2021.1.25,4754,3666,130,0
2021.1.26,4754,3666,130,0
2021.1.27,4754,3666,130,0
2021.1.28,4784,3666,130,30
2021.1.29,4784,3666,130,0
2021.1.30,4784,3666,130,0
2021.1.31,4784,3666,130,0
2021.2.1,4784,3666,130,0
2021.2.2,4784,3666,130,0
2021.2.3,4784,3666,130,0
2021.2.4,4814,3720,132,30
2021.2.5,4814,3720,132,0
2021.2.6,4814,3720,132,0
2021.2.7,4854,3720,134,40
2021.2.8,4862,3720,134,8
2021.2.9,4862,3720,134,0
2021.2.10,4862,3720,134,0
2021.2.11,4935,3720,139,73
2021.2.12,5013,3732,144,78
2021.2.13,5075,3733,146,62
2021.2.14,5092,3733,148,17
2021.2.15,5183,3739,152,91
2021.2.16,5273,3750,154,90
2021.2.17,5373,3750,163,100
2021.2.18,5500,3750,172,127
2021.2.19,5632,3757,179,132
2021.2.20,5632,3757,179,0
2021.2.21,5889,3757,194,257
2021.2.22,6017,3764,202,128
2021.2.23,6246,3778,208,229
2021.2.24,6444,3781,215,198
2021.2.25,6549,3783,218,105
2021.2.26,6687,3784,223,138
2021.2.27,6687,3784,223,0
2021.2.28,6991,3787,231,304
2021.3.1,7392,3814,243,401
2021.3.2,7518,3846,249,126
2021.3.3,7727,3867,260,209
2021.3.4,7850,3901,274,123
2021.3.5,7850,3901,274,0
2021.3.6,8041,3932,294,191
2021.3.7,8041,3932,294,0
2021.3.8,8321,3932,302,280
2021.3.9,8438,3932,307,117
2021.3.10,8577,4031,319,139
2021.3.11,8713,4054,327,136
2021.3.12,8820,4079,338,107
2021.3.13,8946,4108,349,126
2021.3.14,8946,4108,349,0
2021.3.15,9190,4230,367,244
2021.3.16,9328,4259,379,138
2021.3.17,9437,4306,385,109
2021.3.18,9600,4329,392,163
2021.3.19,9600,4329,392,0
2021.3.20,9968,4424,419,368
2021.3.21,10085,4498,429,117
2021.3.22,10085,4498,429,0
2021.3.23,10214,4532,441,129
2021.3.24,10369,4564,453,155
2021.3.25,10369,4564,453,0
2021.3.26,10664,4634,471,295
2021.3.27,10664,4634,471,0
2021.3.28,10838,4678,488,174
2021.3.29,10977,4719,496,139
2021.3.30,11164,4759,510,187
2021.3.31,11292,4795,521,128
2021.4.1,11398,4819,529,106
2021.4.2,11499,4861,537,101
2021.4.3,11499,4861,537,0
2021.4.4,11623,4901,546,124
2021.4.5,11783,4967,557,160
2021.4.6,11908,5017,568,125
2021.4.7,11978,5058,576,70
2021.4.8,11978,5058,576,0
2021.4.9,12271,5129,605,293
2021.4.10,12271,5129,605,0
2021.4.11,12271,5129,605,0
2021.4.12,12406,5222,618,135
2021.4.13,12566,5270,618,160
2021.4.14,12566,5270,618,0
2021.4.15,12837,5346,656,271
2021.4.16,12837,5346,656,0
2021.4.17,12837,5346,656,0
2021.4.18,12837,5346,656,0
2021.4.19,13079,5413,670,242
2021.4.20,13324,5518,678,245
2021.4.21,13324,5518,678,0
