date,累计确诊,治愈,死亡,新增确诊
2020.4.8,358,150,6,5
2020.4.9,372,161,7,14
2020.4.10,372,170,7,0
2020.4.11,381,177,7,9
2020.4.12,389,201,7,8
2020.4.13,391,215,7,2
2020.4.14,397,235,7,6
2020.4.15,401,250,7,4
2020.4.16,402,259,7,1
2020.4.17,407,265,7,5
2020.4.18,413,269,7,6
2020.4.19,417,276,7,4
2020.4.20,425,282,7,8
2020.4.21,428,297,7,3
2020.4.22,435,297,7,7
2020.4.23,437,318,7,2
2020.4.24,441,326,7,4
2020.4.26,447,337,7,3
2020.4.27,449,342,7,2
2020.4.29,451,356,8,2
2020.4.30,453,362,8,2
2020.5.1,459,364,9,2
2020.5.2,460,367,9,1
2020.5.5,471,375,9,6
2020.5.6,473,377,9,2
2020.5.7,494,381,9,21
2020.5.9,522,387,9,14
2020.5.12,576,390,9,14
2020.5.13,582,392,9,6
2020.5.15,596,401,9,10
2020.5.16,607,401,9,11
2020.5.17,613,408,9,6
2020.5.18,613,408,9,0
2020.5.19,629,413,9,16
2020.5.20,649,417,9,20
2020.5.21,672,446,9,23
2020.5.22,700,461,9,28
2020.5.23,700,461,9,0
2020.5.24,708,471,9,8
2020.5.25,708,471,9,0
2020.5.26,718,479,9,10
2020.5.27,718,586,9,0
2020.5.28,720,486,9,2
2020.5.29,730,507,9,10
2020.5.30,734,507,9,4
2020.5.31,739,522,9,5
2020.6.1,746,535,9,7
2020.6.2,755,549,9,9
2020.6.3,757,549,9,2
2020.6.4,757,561,9,0
2020.6.5,765,566,9,8
2020.6.6,795,586,9,30
2020.6.7,808,607,9,13
2020.6.8,831,627,9,23
2020.6.9,845,657,9,14
2020.6.10,863,663,9,18
2020.6.11,890,670,9,27
2020.6.12,890,670,9,0
2020.6.13,953,678,9,63
2020.6.14,961,682,9,8
2020.6.15,979,692,9,18
2020.6.16,981,693,9,2
2020.6.17,987,693,9,6
2020.6.18,1001,697,9,14
2020.6.19,1001,697,9,0
2020.6.20,1015,722,9,14
2020.6.21,1033,739,9,18
2020.6.22,1033,739,9,0
2020.6.23,1047,772,9,14
2020.6.24,1047,772,9,0
2020.6.25,1086,797,9,39
2020.6.26,1086,797,9,0
2020.6.27,1104,830,9,18
2020.6.28,1121,860,9,17
2020.6.29,1128,867,9,7
2020.6.30,1128,867,9,0
2020.7.1,1133,886,9,5
2020.7.2,1136,889,9,3
2020.7.3,1147,892,9,11
2020.7.4,1150,903,10,3
2020.7.5,1164,902,10,14
2020.7.6,1164,942,10,0
2020.7.7,1167,957,10,3
2020.7.8,1169,969,10,2
2020.7.9,1169,982,10,0
2020.7.10,1169,982,10,0
2020.7.11,1176,991,10,7
2020.7.12,1179,997,10,3
2020.7.13,1179,997,10,0
2020.7.14,1198,1013,10,19
2020.7.15,1201,1016,10,3
2020.7.16,1206,1019,10,5
2020.7.17,1209,1021,10,3
2020.7.18,1214,1022,11,5
2020.7.19,1218,1024,11,4
2020.7.20,1218,1024,11,0
2020.7.21,1223,1028,11,5
2020.7.22,1120,1035,11,0
2020.7.23,1131,1035,11,11
2020.7.24,1131,1035,11,0
2020.7.25,1146,1035,11,15
2020.7.26,1168,1041,11,22
2020.7.27,1168,1041,11,0
2020.7.28,1182,1042,11,14
2020.7.29,1182,1042,11,0
2020.7.30,1187,1049,11,5
2020.7.31,1193,1084,11,6
2020.8.1,1193,1084,11,0
2020.8.2,1208,1094,11,15
2020.8.3,1213,1099,11,5
2020.8.4,1218,1131,11,5
2020.8.5,1224,1155,11,6
2020.8.6,1232,1171,11,8
2020.8.7,1237,1178,11,5
2020.8.8,1237,1178,11,0
2020.8.9,1252,1187,11,15
2020.8.10,1252,1187,11,0
2020.8.11,1283,1189,11,31
2020.8.12,1283,1189,11,0
2020.8.13,1320,1222,11,37
2020.8.14,1320,1222,11,0
2020.8.15,1329,1229,11,9
2020.8.16,1378,1236,11,49
2020.8.17,1378,1236,11,0
2020.8.18,1398,1241,11,20
2020.8.19,1482,1259,11,84
2020.8.20,1498,1261,11,16
2020.8.21,1532,1262,11,34
2020.8.22,1532,1262,11,0
2020.8.23,1609,1320,12,77
2020.8.24,1609,1320,12,0
2020.8.25,1716,1344,14,107
2020.8.26,1756,1355,15,40
2020.8.27,1801,1364,15,45
2020.8.28,1801,1364,15,0
2020.8.29,1869,1367,15,68
2020.8.30,1893,1447,15,24
2020.8.31,1966,1468,15,73
2020.9.1,2034,1508,15,68
2020.9.2,2097,1564,15,63
2020.9.3,2233,1648,15,136
2020.9.4,2233,1648,16,0
2020.9.5,2353,1700,16,120
2020.9.6,2353,1700,16,0
2020.9.7,2411,1756,16,58
2020.9.8,2478,1817,17,67
2020.9.9,2659,1919,19,181
2020.9.10,2739,1981,20,80
2020.9.11,2739,1981,20,0
2020.9.12,3062,2156,22,323
2020.9.13,3062,2156,22,0
2020.9.14,3314,2206,24,252
2020.9.15,3677,2311,26,363
2020.9.16,3677,2311,26,0
2020.9.17,4131,2415,26,454
2020.9.18,4131,2415,26,0
2020.9.19,4344,2511,29,213
2020.9.20,4540,2672,30,196
2020.9.21,4779,2844,30,239
2020.9.22,5679,3707,33,900
2020.9.23,6042,3812,35,363
2020.9.24,6042,3812,35,0
2020.9.25,7211,4035,39,1169
2020.9.26,8061,4131,43,850
2020.9.27,8492,4222,45,431
2020.9.28,9226,4359,51,734
2020.9.29,9226,4359,51,0
2020.9.30,11825,4626,61,2599
2020.10.1,11825,4626,61,0
2020.10.2,13650,4752,79,1825
2020.10.3,14749,5101,88,1099
2020.10.4,15640,5240,101,891
2020.10.5,17464,5292,110,1824
2020.10.6,19001,5386,122,1537
2020.10.7,20200,5575,131,1199
2020.10.8,21517,5777,144,1317
2020.10.9,22763,5906,166,1246
2020.10.10,23998,6045,181,1235
2020.10.11,24926,6101,191,928
2020.10.12,26073,6219,207,1147
2020.10.13,28127,6361,225,2054
2020.10.14,30550,6466,257,2423
2020.10.15,33009,6565,282,2459
2020.10.16,33009,6565,282,0
2020.10.17,36053,6773,330,3044
2020.10.18,37573,6912,345,1520
2020.10.19,38937,7006,380,1364
2020.10.20,40972,7123,414,2035
2020.10.21,40972,7123,414,0
2020.10.22,46441,7340,481,5469
2020.10.23,46441,7340,481,0
2020.10.24,50750,7508,540,4309
2020.10.25,53087,7508,579,2337
2020.10.26,55055,7508,624,1968
2020.10.27,58855,7508,668,3800
2020.10.28,61942,7508,700,3087
2020.10.29,65385,7508,740,3443
2020.10.30,69306,7600,772,3921
2020.10.31,72607,7600,829,3301
2020.11.1,75866,7740,866,3259
2020.11.2,81743,7858,913,5877
2020.11.3,86576,7993,967,4833
2020.11.4,91234,8188,1029,4658
2020.11.5,95864,8336,1069,4630
2020.11.6,101248,8506,1136,5384
2020.11.7,104802,8629,1181,3554
2020.11.8,109321,8808,1233,4519
2020.11.9,114986,9033,1295,5665
2020.11.10,114986,9033,1295,0
2020.11.11,126401,9416,1467,11415
2020.11.12,126401,9416,1467,0
2020.11.13,136555,9729,1618,10154
2020.11.14,141305,9879,1704,4750
2020.11.15,143678,10067,1772,2373
2020.11.16,149539,10311,1843,5861
2020.11.17,149539,10311,1843,0
2020.11.18,155993,90267,1909,6454
2020.11.19,169395,100280,2053,13402
2020.11.20,174335,103834,2116,4940
2020.11.21,178161,108353,2172,3826
2020.11.22,183429,114018,2236,5268
2020.11.23,188410,120014,2302,4981
2020.11.24,192996,125433,2380,4586
2020.11.25,198021,131181,2442,5025
2020.11.26,203021,135650,2509,5000
2020.11.27,207601,140400,2570,4580
2020.11.28,210709,142710,2626,3108
2020.11.29,214307,148572,2694,3598
2020.11.30,219430,155026,2751,5123
2020.12.1,223617,162959,2802,4187
2020.12.2,227208,168429,2854,3591
2020.12.3,231237,173369,2909,4029
2020.12.4,234353,177195,2960,3116
2020.12.5,237513,182463,3010,3160
2020.12.6,240089,187444,3056,2576
2020.12.7,240089,187444,3056,0
2020.12.8,247131,197058,3162,7042
2020.12.9,250219,202058,3206,3088
2020.12.10,253121,206638,3250,2902
2020.12.11,255459,209746,3286,2338
2020.12.12,257275,213344,3335,1816
2020.12.13,259614,218467,3365,2339
2020.12.14,262477,222654,3407,2863
2020.12.15,265024,226245,3437,2547
2020.12.16,267585,230274,3465,2561
2020.12.17,269806,233390,3496,2221
2020.12.18,271514,236550,3518,1708
2020.12.19,272797,239126,3545,1283
2020.12.20,274949,243106,3568,2152
2020.12.21,277448,246168,3604,2499
2020.12.22,279892,249256,3627,2444
2020.12.23,281983,252158,3652,2091
2020.12.24,283690,254496,3681,1707
2020.12.25,285306,256312,3711,1616
2020.12.26,286356,258651,3729,1050
2020.12.27,287946,261514,3758,1590
2020.12.28,289748,264061,3778,1802
2020.12.29,291393,266622,3801,1645
2020.12.30,293067,268843,3815,1674
2020.12.31,294494,270551,3834,1427
2021.1.1,295765,271834,3851,1271
2021.1.2,296668,273986,3877,903
2021.1.3,298208,276485,3903,1540
2021.1.4,299831,278929,3919,1623
2021.1.5,301303,281020,3940,1472
2021.1.6,302856,282727,3955,1553
2021.1.7,304071,284343,3968,1215
2021.1.8,305163,285393,3989,1092
2021.1.9,305959,286983,4009,796
2021.1.10,307209,288785,4024,1250
2021.1.11,308670,290430,4043,1461
2021.1.12,309846,292104,4076,1176
2021.1.13,309846,292104,4076,0
2021.1.14,312043,294802,4107,2197
2021.1.15,312851,295705,4121,808
2021.1.16,313557,297245,4137,706
2021.1.17,314514,298868,4145,957
2021.1.18,315544,300340,4153,1030
2021.1.19,316427,301893,4170,883
2021.1.20,317405,303108,4187,978
2021.1.21,318181,304200,4198,776
2021.1.22,318911,304996,4207,730
2021.1.23,318911,304996,4207,0
2021.1.24,319519,306246,4217,608
2021.1.25,321298,308883,4239,1779
2021.1.26,322241,310005,4248,943
2021.1.27,323111,311080,4262,870
2021.1.28,324169,311888,4269,1058
2021.1.29,325033,312594,4281,864
2021.1.30,325674,313551,4304,641
2021.1.31,326855,314581,4316,1181
2021.2.1,328062,315464,4326,1207
2021.2.2,329194,316442,4334,1132
2021.2.3,330474,317218,4344,1280
2021.2.4,331768,317948,4354,1294
2021.2.5,332990,318556,4362,1222
2021.2.6,333855,319490,4369,865
2021.2.7,335154,320335,4379,1299
2021.2.8,336839,321278,4385,1685
2021.2.9,338322,322148,4395,1483
2021.2.10,340177,323206,4411,1855
2021.2.11,341984,324070,4421,1807
2021.2.12,343563,324711,4433,1579
2021.2.13,344803,325892,4444,1240
2021.2.14,347250,327099,4455,2447
2021.2.15,349562,328231,4473,2312
2021.2.16,352219,329511,4491,2657
2021.2.17,355106,330805,4503,2887
2021.2.18,355106,330805,4503,0
2021.2.19,357611,332892,4528,2505
2021.2.20,359811,334191,4543,2200
2021.2.21,363728,335876,4554,3917
2021.2.22,368278,337359,4570,4550
2021.2.23,372417,339214,4589,4139
2021.2.24,372417,339214,4589,0
2021.2.25,380268,342600,4627,7851
2021.2.26,383912,343840,4650,3644
2021.2.27,386496,346287,4675,2584
2021.2.28,391090,348599,4701,4594
2021.3.1,397158,351256,4727,6068
2021.3.2,402282,354143,4756,5124
2021.3.3,407617,355781,4793,5335
2021.3.4,413350,356648,4833,5733
2021.3.5,417934,358848,4862,4584
2021.3.6,421415,362765,4900,3481
2021.3.7,427717,367315,4935,6302
2021.3.8,435130,371454,4987,7413
2021.3.9,442202,375478,5046,7072
2021.3.10,442202,375478,5046,0
2021.3.11,457151,382949,5169,14949
2021.3.12,457151,382949,5169,0
2021.3.13,464856,385533,5224,7705
2021.3.14,477053,396195,5346,12197
2021.3.15,486470,401319,5428,9417
2021.3.16,486470,401319,5428,0
2021.3.17,504915,412387,5553,18445
2021.3.18,514107,416971,5627,9192
2021.3.19,521461,420452,5701,7354
2021.3.20,526666,426754,5788,5205
2021.3.21,535455,434167,5876,8789
2021.3.22,544724,441239,5985,9269
2021.3.23,553727,447888,6077,9003
2021.3.24,562857,456188,6181,9130
2021.3.25,571290,463893,6277,8433
2021.3.26,577734,468037,6374,6444
2021.3.27,582133,476090,6472,4399
2021.3.28,589316,485507,6554,7183
2021.3.29,597256,494417,6651,7940
2021.3.30,605007,503952,6747,7751
2021.3.31,611577,513144,6858,6570
2021.4.1,618059,520498,6940,6482
2021.4.2,622833,525703,7039,4774
2021.4.3,626875,534492,7130,4042
2021.4.4,632907,543761,7201,6032
2021.4.5,639444,552764,7283,6537
2021.4.6,645449,561894,7383,6005
2021.4.7,650681,570327,7469,5232
2021.4.8,655456,576771,7565,4775
2021.4.9,659250,581170,7646,3794
2021.4.10,662395,588353,7708,3145
2021.4.11,662395,588353,7708,0
2021.4.12,669300,604044,7855,6905
2021.4.13,672090,610614,7937,2790
2021.4.14,676175,617096,7987,4085
2021.4.15,679138,621870,8057,2963
2021.4.16,681870,625912,8117,2732
2021.4.17,683466,631944,8178,1596
2021.4.18,685973,638481,8246,2507
2021.4.19,689482,644486,8308,3509
2021.4.20,692181,649718,8372,2699
2021.4.21,695390,654493,8429,3209
