date,累计确诊,治愈,死亡,新增确诊
2020.4.9,27,2,3,4
2020.4.10,28,2,3,1
2020.4.11,38,2,3,11
2020.4.12,41,2,4,2
2020.4.13,62,2,4,21
2020.4.14,74,2,4,11
2020.4.15,85,2,4,11
2020.4.16,88,2,4,3
2020.4.17,94,5,5,6
2020.4.18,107,5,5,9
2020.4.19,111,7,5,13
2020.4.20,119,9,5,8
2020.4.21,121,9,5,2
2020.4.22,123,9,5,2
2020.4.23,139,9,5,7
2020.4.24,144,9,5,12
2020.4.25,146,10,5,2
2020.4.27,149,16,5,3
2020.4.28,150,16,5,1
2020.4.30,151,27,6,1
2020.5.2,155,43,6,4
2020.5.3,161,49,6,6
2020.5.6,162,50,6,1
2020.5.8,178,68,6,1
2020.5.9,180,72,6,2
2020.5.12,180,76,6,2
2020.5.13,181,79,6,1
2020.5.15,182,89,6,1
2020.5.16,182,96,6,1
2020.5.17,184,97,6,2
2020.5.18,187,97,6,3
2020.5.19,191,101,6,4
2020.5.20,193,104,6,2
2020.5.21,199,108,6,6
2020.5.22,199,108,6,0
2020.5.23,201,116,6,2
2020.5.24,201,122,6,0
2020.5.25,201,122,6,0
2020.5.26,206,124,6,5
2020.5.27,206,126,6,0
2020.5.28,206,126,6,0
2020.5.29,207,130,6,1
2020.5.30,224,130,6,17
2020.5.31,224,130,6,0
2020.6.1,228,138,6,4
2020.6.2,228,138,6,0
2020.6.3,233,145,6,5
2020.6.4,236,148,6,3
2020.6.5,236,151,6,0
2020.6.6,240,156,6,4
2020.6.7,242,156,6,2
2020.6.8,243,156,6,1
2020.6.9,246,159,6,3
2020.6.10,248,165,6,2
2020.6.11,260,165,6,12
2020.6.12,261,165,6,1
2020.6.13,261,167,6,0
2020.6.14,261,167,6,0
2020.6.15,262,175,6,1
2020.6.16,262,175,6,0
2020.6.17,262,185,6,0
2020.6.18,263,185,6,1
2020.6.19,286,187,6,23
2020.6.20,287,196,6,1
2020.6.21,290,200,6,3
2020.6.22,290,200,6,0
2020.6.23,292,204,6,2
2020.6.24,293,208,6,1
2020.6.25,293,208,6,0
2020.6.26,293,211,6,0
2020.6.27,293,216,6,0
2020.6.28,296,216,6,3
2020.6.29,299,221,6,3
2020.6.30,299,222,6,0
2020.7.1,303,222,6,4
2020.7.2,304,222,6,1
2020.7.3,306,237,6,2
2020.7.4,313,240,6,7
2020.7.5,313,240,6,0
2020.7.6,316,245,6,3
2020.7.7,316,245,6,0
2020.7.8,316,245,6,0
2020.7.9,317,250,6,1
2020.7.10,326,256,6,9
2020.7.11,330,260,6,4
2020.7.12,331,261,6,1
2020.7.13,331,261,6,0
2020.7.14,337,261,6,6
2020.7.15,337,266,6,0
2020.7.16,337,266,6,0
2020.7.17,339,270,6,2
2020.7.18,339,271,6,0
2020.7.19,341,273,6,2
2020.7.20,341,276,6,0
2020.7.21,341,278,6,0
2020.7.22,343,280,6,2
2020.7.23,343,280,6,0
2020.7.24,343,282,6,0
2020.7.25,348,288,6,5
2020.7.26,349,288,6,1
2020.7.27,350,290,6,1
2020.7.28,350,293,6,0
2020.7.29,351,294,6,1
2020.7.30,353,294,6,2
2020.7.31,353,296,6,0
2020.8.1,353,297,6,0
2020.8.2,353,298,6,0
2020.8.3,353,298,6,0
2020.8.4,355,302,6,2
2020.8.5,357,305,6,2
2020.8.6,357,308,6,0
2020.8.7,359,309,6,2
2020.8.8,359,311,6,0
2020.8.9,360,312,6,1
2020.8.10,360,312,6,0
2020.8.11,360,313,6,0
2020.8.12,361,318,6,1
2020.8.13,369,321,6,8
2020.8.14,369,321,6,0
2020.8.15,374,322,6,5
2020.8.16,375,329,6,1
2020.8.17,375,329,6,0
2020.8.18,376,331,6,1
2020.8.19,394,333,6,18
2020.8.20,399,333,6,5
2020.8.21,419,337,6,20
2020.8.22,441,338,6,22
2020.8.23,450,341,6,9
2020.8.24,474,341,6,24
2020.8.25,504,341,6,30
2020.8.26,580,345,6,76
2020.8.27,602,345,6,22
2020.8.28,628,349,6,26
2020.8.29,733,351,6,105
2020.8.30,749,351,6,16
2020.8.31,775,352,6,26
2020.9.1,919,357,6,144
2020.9.2,938,357,6,19
2020.9.3,1111,359,6,173
2020.9.4,1111,359,6,0
2020.9.5,1253,371,7,142
2020.9.6,1419,385,8,166
2020.9.7,1419,385,8,0
2020.9.8,1610,388,8,191
2020.9.9,1889,553,12,279
2020.9.10,2150,625,14,261
2020.9.11,2422,625,14,272
2020.9.12,2595,676,16,173
2020.9.13,2796,676,16,201
2020.9.14,3015,699,24,219
2020.9.15,3502,832,35,487
2020.9.16,3636,832,39,134
2020.9.17,4043,944,46,407
2020.9.18,4467,1130,70,424
2020.9.19,4870,1188,81,403
2020.9.20,5541,1260,92,671
2020.9.21,5805,1260,94,264
2020.9.22,6743,1951,115,938
2020.9.23,7177,1951,129,434
2020.9.24,8344,2381,150,1167
2020.9.25,9112,2381,174,768
2020.9.26,9991,2681,198,879
2020.9.27,10734,2862,226,743
2020.9.28,11631,3073,256,897
2020.9.29,12425,3391,284,794
2020.9.30,13373,3755,310,948
2020.10.1,14383,4156,321,1010
2020.10.2,15525,4378,353,1142
2020.10.3,16503,4795,371,978
2020.10.4,17794,5195,412,1291
2020.10.5,18781,5548,444,987
2020.10.6,20033,5782,471,1252
2020.10.7,21433,6084,510,1400
2020.10.8,22445,6366,535,1012
2020.10.9,23906,6738,566,1461
2020.10.10,26064,7050,598,2158
2020.10.11,27974,9742,646,1910
2020.10.12,29314,10260,664,1340
2020.10.13,30437,11769,693,1123
2020.10.14,31325,13866,732,888
2020.10.15,32351,14706,765,1026
2020.10.16,33488,15477,799,1137
2020.10.17,34875,16370,838,1387
2020.10.18,36025,17076,880,1150
2020.10.19,37205,17568,914,1180
2020.10.20,38502,18874,945,1297
2020.10.21,39696,18865,972,1194
2020.10.22,41008,21144,1005,1312
2020.10.23,42365,22445,1038,1357
2020.10.24,43788,23708,1066,1423
2020.10.25,44774,24920,1095,986
2020.10.26,46200,26007,1122,1426
2020.10.27,47666,27373,1147,1466
2020.10.28,49072,28636,1172,1406
2020.10.29,50403,30007,1199,1331
2020.10.30,51496,31330,1219,1093
2020.10.31,52706,32774,1237,1210
2020.11.1,53405,34189,1258,699
2020.11.2,54607,37954,1282,1202
2020.11.3,55804,39063,1307,1197
2020.11.4,56940,40778,1330,1136
2020.11.5,57935,42178,1352,995
2020.11.6,59277,43277,1376,1342
2020.11.7,60348,44666,1396,1071
2020.11.8,61377,45756,1420,1029
2020.11.9,61975,46661,1437,598
2020.11.10,63241,47411,1461,1266
2020.11.11,64453,48532,1480,1212
2020.11.12,65598,49563,1508,1145
2020.11.13,66734,50336,1534,1136
2020.11.14,68011,51362,1552,1277
2020.11.15,68994,52351,1577,983
2020.11.16,70161,53299,1599,1167
2020.11.17,71730,54274,1625,1569
2020.11.18,73322,54764,1650,1592
2020.11.19,74882,55633,1676,1560
2020.11.20,76414,56601,1695,1532
2020.11.21,77848,57679,1722,1434
2020.11.22,79246,58758,1739,1398
2020.11.23,80505,59888,1765,1259
2020.11.24,82236,60965,1784,1731
2020.11.25,83566,63366,1810,1330
2020.11.26,85205,64645,1846,1639
2020.11.27,86633,65972,1865,1428
2020.11.28,87977,67588,1887,1344
2020.11.29,89486,68910,1918,1509
2020.11.30,90713,70156,1941,1509
2020.12.1,92189,71343,1972,1476
2020.12.2,93600,72601,1998,1411
2020.12.3,95018,73748,2028,1418
2020.12.4,96520,74973,2059,1502
2020.12.5,98047,76382,2081,1527
2020.12.6,99155,77636,2110,1108
2020.12.7,100431,79240,2132,1276
2020.12.8,101739,80726,2151,1308
2020.12.9,103166,81715,2174,1427
2020.12.10,104487,82813,2201,1321
2020.12.11,105863,84338,2220,1376
2020.12.12,107215,85406,2245,1352
2020.12.13,108342,86795,2268,1127
2020.12.14,109512,88131,2292,1170
2020.12.15,110667,89418,2319,1155
2020.12.16,111900,90453,2346,1233
2020.12.17,113082,91537,2377,1182
2020.12.18,114198,92916,2398,1116
2020.12.19,115187,94118,2424,989
2020.12.20,116134,95387,2443,947
2020.12.21,116982,96685,2465,848
2020.12.22,117946,97819,2484,964
2020.12.23,118869,99325,2507,923
2020.12.24,119788,99927,2532,919
2020.12.25,120546,100940,2552,758
2020.12.26,120546,100940,2552,0
2020.12.27,121886,103223,2601,1340
2020.12.28,122534,104351,2618,648
2020.12.29,122534,104351,2618,0
2020.12.30,123740,106121,2664,1206
2020.12.31,124630,107069,2682,890
2021.1.1,125042,107777,2697,412
2021.1.2,125616,108660,2711,574
2021.1.3,125616,108660,2711,0
2021.1.4,126935,110200,2744,1319
2021.1.5,127584,110805,2766,649
2021.1.6,128178,111401,2785,594
2021.1.7,128772,112048,2799,594
2021.1.8,129483,112876,2812,711
2021.1.9,130049,113550,2826,566
2021.1.10,130604,114049,2846,555
2021.1.11,131186,114609,2858,582
2021.1.12,131737,115061,2878,551
2021.1.13,132260,115621,2902,523
2021.1.14,132865,116100,2912,605
2021.1.15,133378,116610,2926,513
2021.1.16,133378,116610,2926,0
2021.1.17,133869,117081,2942,491
2021.1.18,134795,118200,2973,926
2021.1.19,135243,118657,2986,448
2021.1.20,135243,118657,2986,0
2021.1.21,136166,119973,3013,923
2021.1.22,136591,120543,3031,425
2021.1.23,136591,120543,3031,0
2021.1.24,137574,121558,3062,983
2021.1.25,137957,122116,3069,383
2021.1.26,138368,122781,3082,411
2021.1.27,138802,123170,3089,434
2021.1.28,139152,123556,3103,350
2021.1.29,139152,123556,3103,0
2021.1.30,139864,124441,3125,712
2021.1.31,140145,125072,3131,281
2021.2.1,140145,125072,3131,0
2021.2.2,140354,125324,3138,209
2021.2.3,140664,125885,3146,310
2021.2.4,140927,126384,3160,263
2021.2.5,141104,126869,3163,177
2021.2.6,141304,127229,3168,200
2021.2.7,141304,127229,3168,0
2021.2.8,141423,127684,3175,119
2021.2.9,141427,127975,3177,4
2021.2.10,141448,128437,3180,21
2021.2.11,141522,128981,3184,74
2021.2.12,141543,129287,3188,21
2021.2.13,141543,129287,3188,0
2021.2.14,141585,130103,3188,42
2021.2.15,141601,130331,3189,16
2021.2.16,141637,130465,3190,36
2021.2.17,141690,130944,3192,53
2021.2.18,141709,131171,3192,19
2021.2.19,141709,131171,3191,0
2021.2.20,141728,131209,3194,19
2021.2.21,141735,131249,3196,7
2021.2.22,141761,131318,3197,26
2021.2.23,141783,131358,3197,22
2021.2.24,141816,131405,3197,33
2021.2.25,141841,131417,3198,25
2021.2.26,141875,131435,3198,34
2021.2.27,141875,131435,3198,0
2021.2.28,141896,131480,3199,21
2021.3.1,141916,131487,3199,20
2021.3.2,141965,131534,3199,49
2021.3.3,141984,131539,3199,19
2021.3.4,141984,131539,3199,0
2021.3.5,142000,131571,3200,16
2021.3.6,142023,131658,3200,23
2021.3.7,142023,131658,3200,0
2021.3.8,142045,131679,3200,22
2021.3.9,142059,131702,3200,14
2021.3.10,142059,131702,3200,0
2021.3.11,142114,131722,3201,55
2021.3.12,142122,131728,3201,8
2021.3.13,142136,131736,3201,14
2021.3.14,142147,131739,3202,11
2021.3.15,142147,131739,3202,0
2021.3.16,142147,131739,3202,0
2021.3.17,142190,131751,3203,43
2021.3.18,142212,131754,3204,22
2021.3.19,142212,131754,3204,0
2021.3.20,142212,131754,3204,0
2021.3.21,142212,131754,3204,0
2021.3.22,142246,131763,3204,34
2021.3.23,142264,131765,3204,18
2021.3.24,142292,131772,3204,28
2021.3.25,142315,131774,3204,23
2021.3.26,142340,131781,3205,25
2021.3.27,142377,131788,3206,37
2021.3.28,142385,131789,3206,8
2021.3.29,142385,131789,3206,0
2021.3.30,142412,131793,3206,27
2021.3.31,142434,131800,3206,22
2021.4.1,142466,131802,3206,32
2021.4.2,142466,131802,3206,0
2021.4.3,142479,131810,3206,13
2021.4.4,142497,131813,3206,18
2021.4.5,142511,131815,3206,14
2021.4.6,142530,131819,3206,19
2021.4.7,142541,131829,3206,11
2021.4.8,142549,131834,3206,8
2021.4.9,142558,131845,3206,9
2021.4.10,142572,131846,3206,14
2021.4.11,142576,131853,3206,4
2021.4.12,142576,131853,3206,0
2021.4.13,142596,131869,3206,20
2021.4.14,142605,131874,3206,9
2021.4.15,142610,131879,3206,5
2021.4.16,142617,131884,3206,7
2021.4.17,142619,131889,3206,2
2021.4.18,142628,131895,3206,9
2021.4.19,142628,131895,3206,0
2021.4.20,142644,131903,3206,16
2021.4.21,142661,131908,3206,17
