date,累计确诊,治愈,死亡,新增确诊
2020.4.7,179,9,6,7
2020.4.8,184,9,6,5
2020.4.9,189,22,7,5
2020.4.12,208,40,9,11
2020.4.13,216,40,9,8
2020.4.14,225,53,10,9
2020.4.16,246,53,11,12
2020.4.17,262,60,13,16
2020.4.18,270,60,14,8
2020.4.19,281,69,14,11
2020.4.20,296,69,14,15
2020.4.21,303,74,14,7
2020.4.22,320,83,14,17
2020.4.23,336,89,14,16
2020.4.24,343,94,14,7
2020.4.25,355,106,14,12
2020.4.26,363,106,14,8
2020.4.27,374,124,14,11
2020.4.28,384,129,14,10
2020.4.29,396,144,17,12
2020.4.30,411,150,21,15
2020.5.2,435,152,22,24
2020.5.3,490,173,24,25
2020.5.4,535,182,24,45
2020.5.5,582,190,26,47
2020.5.6,607,197,29,25
2020.5.7,621,202,29,14
2020.5.8,649,207,30,28
2020.5.9,672,239,32,23
2020.5.10,700,239,32,2
2020.5.11,715,259,36,15
2020.5.12,737,281,40,15
2020.5.13,758,284,42,21
2020.5.15,781,284,45,2
2020.5.16,887,301,50,57
2020.5.17,912,336,50,25
2020.5.18,912,336,50,0
2020.5.19,963,358,50,51
2020.5.20,1029,366,50,66
2020.5.21,1029,366,50,0
2020.5.22,1161,380,50,132
2020.5.23,1192,380,50,31
2020.5.24,1214,383,51,22
2020.5.25,1286,402,52,72
2020.5.26,1348,405,52,62
2020.5.27,1471,408,55,123
2020.5.28,1618,421,58,147
2020.5.29,1745,438,62,127
2020.5.30,1888,464,63,143
2020.5.31,1962,478,64,74
2020.6.1,2021,482,69,59
2020.6.2,2093,499,71,72
2020.6.3,2216,553,74,123
2020.6.4,2340,592,78,124
2020.6.5,2474,643,79,134
2020.6.6,2600,643,83,126
2020.6.7,2767,752,84,167
2020.6.8,2872,849,85,105
2020.6.9,2989,873,88,117
2020.6.10,3094,1048,89,105
2020.6.11,3215,1092,92,121
2020.6.12,3305,1164,96,90
2020.6.13,3457,1221,100,152
2020.6.14,3594,1221,100,137
2020.6.15,3727,1286,104,133
2020.6.16,3860,1328,105,133
2020.6.17,4044,1353,107,184
2020.6.18,4257,1459,117,213
2020.6.19,4374,1550,119,117
2020.6.20,4478,1586,121,104
2020.6.21,4478,1586,121,0
2020.6.22,4797,1680,125,319
2020.6.23,4952,1782,128,155
2020.6.24,5206,1823,130,254
2020.6.25,5384,1857,132,178
2020.6.26,5533,1905,137,149
2020.6.27,5811,1936,141,278
2020.6.28,6070,1971,143,259
2020.6.29,6190,2013,144,120
2020.6.30,6366,2013,144,176
2020.7.1,6673,2089,149,307
2020.7.2,6941,2109,152,268
2020.7.3,7188,2109,154,247
2020.7.4,7577,2236,159,389
2020.7.5,7886,2287,160,309
2020.7.6,8067,2414,164,181
2020.7.7,8250,2504,167,183
2020.7.8,8528,2593,169,278
2020.7.9,8975,2657,173,447
2020.7.10,9448,2733,181,473
2020.7.11,9726,2832,184,278
2020.7.12,9726,2832,184,0
2020.7.13,10294,2946,197,568
2020.7.14,10791,3017,202,497
2020.7.15,11252,3068,209,461
2020.7.16,11673,3638,217,421
2020.7.17,12062,3983,222,389
2020.7.18,12750,4440,225,688
2020.7.19,13353,4440,225,603
2020.7.20,13353,5122,234,0
2020.7.21,13771,5616,238,418
2020.7.22,14805,6757,260,1034
2020.7.23,15601,6757,260,796
2020.7.24,15601,7135,263,0
2020.7.25,16268,7446,274,667
2020.7.26,16643,7574,278,375
2020.7.27,17603,7743,280,960
2020.7.28,18581,7908,299,978
2020.7.29,19125,8021,311,544
2020.7.30,19125,8021,311,0
2020.7.31,20636,8165,341,1511
2020.8.1,21363,8419,364,727
2020.8.2,22053,8419,369,690
2020.8.3,22597,8740,382,544
2020.8.4,23202,9327,388,605
2020.8.5,23873,9930,391,671
2020.8.6,23873,9930,391,0
2020.8.7,24411,10444,399,538
2020.8.8,25138,11118,413,727
2020.8.9,25837,11899,418,699
2020.8.10,26928,13495,423,1091
2020.8.11,27425,13867,438,497
2020.8.12,27425,13867,438,0
2020.8.13,28104,14610,456,679
2020.8.14,29334,15298,465,1230
2020.8.15,29334,15298,465,0
2020.8.16,30120,16656,474,786
2020.8.17,30365,17160,482,245
2020.8.18,30636,17368,487,271
2020.8.19,30636,17368,487,0
2020.8.20,31015,17612,506,379
2020.8.21,31763,18157,532,748
2020.8.22,32118,18453,542,355
2020.8.23,32364,18670,548,246
2020.8.24,32557,18895,554,193
2020.8.25,32803,19055,559,246
2020.8.26,33016,19296,564,213
2020.8.27,33389,19368,567,373
2020.8.28,33630,19434,567,241
2020.8.29,33794,19590,572,164
2020.8.30,34057,19688,574,263
2020.8.31,34201,19893,577,144
2020.9.1,34201,19893,577,0
2020.9.2,34493,20211,581,292
2020.9.3,34493,20211,581,0
2020.9.4,34884,21059,589,391
2020.9.5,35020,21158,594,136
2020.9.6,35103,21230,597,83
2020.9.7,35205,21310,599,102
2020.9.8,35205,21310,599,0
2020.9.9,35460,21557,607,255
2020.9.10,35460,21557,607,0
2020.9.11,35603,22047,612,143
2020.9.12,35793,22442,616,190
2020.9.13,35969,22771,619,176
2020.9.14,36157,23067,622,188
2020.9.15,36205,23243,624,48
2020.9.16,36301,23364,634,96
2020.9.17,36576,23611,642,275
2020.9.18,36724,23709,646,148
2020.9.19,36829,23777,646,105
2020.9.20,36981,23887,648,152
2020.9.21,36981,23887,648,0
2020.9.22,37218,24147,659,237
2020.9.23,37218,24147,659,0
2020.9.24,37348,24253,664,130
2020.9.25,37489,24334,669,141
2020.9.26,37707,24504,682,218
2020.9.27,38115,24621,691,408
2020.9.28,38168,24681,700,53
2020.9.29,38378,24740,707,210
2020.9.30,38529,24908,711,151
2020.10.1,38713,24908,711,184
2020.10.2,38923,25114,725,210
2020.10.3,39184,25426,728,261
2020.10.4,39427,25659,731,243
2020.10.5,39449,27035,735,22
2020.10.6,39586,27331,743,137
2020.10.7,39586,27331,743,0
2020.10.8,40178,31710,751,592
2020.10.9,40178,31710,751,0
2020.10.10,41158,31876,760,980
2020.10.11,41546,32000,766,388
2020.10.12,41619,32000,777,73
2020.10.13,41937,31340,787,318
2020.10.14,42541,31428,797,604
2020.10.15,43143,31508,805,602
2020.10.16,43580,31648,813,437
2020.10.17,44196,31752,825,616
2020.10.18,44881,31857,832,685
2020.10.19,45076,32084,839,195
2020.10.20,45647,32522,842,571
2020.10.21,46144,32760,858,497
2020.10.22,47212,33050,870,1068
2020.10.23,47843,33421,884,631
2020.10.24,48790,33876,896,947
2020.10.25,49721,34209,902,931
2020.10.26,49997,34429,920,276
2020.10.27,50833,34832,934,836
2020.10.28,51851,35258,934,1018
2020.10.29,52612,35604,950,761
2020.10.30,52612,35604,964,0
2020.10.31,53797,35876,981,1185
2020.11.1,55877,37194,1013,2080
2020.11.2,56601,37442,1027,724
2020.11.3,57093,37846,1039,492
2020.11.4,57093,37846,1039,0
2020.11.5,58587,38381,1051,1494
2020.11.6,60704,40131,1093,2117
2020.11.7,61769,41019,1103,1065
2020.11.8,62488,41931,1111,719
2020.11.9,63244,42659,1130,756
2020.11.10,63244,42659,1130,0
2020.11.11,64588,43095,1154,1344
2020.11.12,66723,44040,1203,2135
2020.11.13,66723,44040,1203,0
2020.11.14,69273,44872,1228,2550
2020.11.15,70245,45766,1269,972
2020.11.16,70245,45766,1269,0
2020.11.17,71729,47262,1302,1484
2020.11.18,71729,47262,1302,0
2020.11.19,74145,50658,1330,2416
2020.11.20,75193,50984,1349,1048
2020.11.21,76404,51352,1366,1211
2020.11.22,77372,51507,1380,968
2020.11.23,77785,51903,1392,413
2020.11.24,78512,52709,1409,727
2020.11.25,79322,52974,1417,810
2020.11.26,80102,53526,1427,780
2020.11.27,80102,53526,1427,0
2020.11.28,82605,54399,1445,2503
2020.11.29,83316,54975,1452,711
2020.11.30,83618,55344,1469,302
2020.12.1,84169,55610,1474,551
2020.12.2,85130,56464,1484,961
2020.12.3,86383,56464,1500,1253
2020.12.4,87249,68110,1506,866
2020.12.5,87984,68532,1518,735
2020.12.6,87984,68532,1518,0
2020.12.7,88380,68929,1526,396
2020.12.8,88579,69414,1531,199
2020.12.9,89661,70194,1552,1082
2020.12.10,90305,71254,1568,644
2020.12.11,90978,71579,1582,673
2020.12.12,91526,72596,1586,548
2020.12.13,91892,73028,1587,366
2020.12.14,92055,73452,1593,163
2020.12.15,92459,73979,1604,404
2020.12.16,92853,74403,1614,394
2020.12.17,93405,74999,1618,552
2020.12.18,93405,74999,1618,0
2020.12.19,93761,75274,1629,356
2020.12.20,94151,75559,1633,390
2020.12.21,94614,76060,1644,463
2020.12.22,94614,76060,1644,0
2020.12.23,94768,76222,1647,154
2020.12.24,95431,76720,1652,663
2020.12.25,95713,76811,1653,282
2020.12.26,95843,76998,1655,130
2020.12.27,95923,77423,1658,80
2020.12.28,95992,77521,1664,69
2020.12.29,96139,77659,1665,147
2020.12.30,96251,78475,1667,112
2020.12.31,96458,78475,1667,207
2021.1.1,96614,78802,1681,156
2021.1.2,96614,78802,1681,0
2021.1.3,96802,79073,1685,188
2021.1.4,96908,79257,1686,106
2021.1.5,97127,79357,1690,219
2021.1.6,97398,79966,1694,271
2021.1.7,97733,80306,1702,335
2021.1.8,97954,80671,1703,221
2021.1.9,97954,80671,1703,0
2021.1.10,98271,80875,1710,317
2021.1.11,98334,81101,1713,63
2021.1.12,98432,81255,1716,98
2021.1.13,98432,81255,1716,0
2021.1.14,98693,81933,1723,261
2021.1.15,98859,82195,1726,166
2021.1.16,99082,83324,1728,223
2021.1.17,99162,83350,1731,80
2021.1.18,99227,82427,1734,65
2021.1.19,99308,82478,1734,81
2021.1.20,99444,82654,1736,136
2021.1.21,99630,82729,1739,186
2021.1.22,99769,82866,1740,139
2021.1.23,99898,82936,1740,129
2021.1.24,99983,82969,1744,85
2021.1.25,100052,83418,1744,69
2021.1.26,100193,83625,1750,141
2021.1.27,100323,83691,1751,130
2021.1.28,100422,83757,1753,99
2021.1.29,100563,83821,1753,141
2021.1.30,100563,83821,1753,0
2021.1.31,100675,83855,1755,112
2021.2.1,100856,83936,1766,181
2021.2.2,101009,83990,1766,153
2021.2.3,101159,84060,1769,150
2021.2.4,101339,84143,1773,180
2021.2.5,101534,84268,1776,195
2021.2.6,101690,84302,1776,156
2021.2.7,101819,84361,1779,129
2021.2.8,101944,84473,1786,125
2021.2.9,102048,84542,1789,104
2021.2.10,102221,84728,1791,173
2021.2.11,102353,84790,1794,132
2021.2.12,102353,84790,1794,0
2021.2.13,102792,84952,1795,439
2021.2.14,102867,85008,1795,75
2021.2.15,103014,85250,1795,147
2021.2.16,103188,85336,1797,174
2021.2.17,103332,85391,1801,144
2021.2.18,103615,85457,1807,283
2021.2.19,103841,85512,1813,226
2021.2.20,103993,85540,1817,152
2021.2.21,104201,85577,1823,208
2021.2.22,104306,85626,1827,105
2021.2.23,104500,85665,1837,194
2021.2.24,104780,86378,1839,280
2021.2.25,105057,86497,1847,277
2021.2.26,105467,86521,1853,410
2021.2.27,105467,86521,1853,0
2021.2.28,105973,86678,1856,506
2021.3.1,105973,86678,1856,0
2021.3.2,106125,86717,1859,152
2021.3.3,106470,86860,1863,345
2021.3.4,107329,87099,1870,859
2021.3.5,107329,87099,1870,0
2021.3.6,107729,87176,1873,400
2021.3.7,108827,87570,1876,1098
2021.3.8,109164,87623,1879,337
2021.3.9,109643,87736,1886,479
2021.3.10,109643,87736,1886,0
2021.3.11,111185,87994,1899,1542
2021.3.12,111935,88209,1901,750
2021.3.13,111935,88209,1901,0
2021.3.14,113236,88405,1913,1301
2021.3.15,113967,88596,1918,731
2021.3.16,115031,88781,1925,1064
2021.3.17,116310,89061,1937,1279
2021.3.18,116310,89061,1937,0
2021.3.19,118889,89388,1982,2579
2021.3.20,120163,89508,1994,1274
2021.3.21,120910,89622,2011,747
2021.3.22,122040,90376,2023,1130
2021.3.23,123167,90586,2048,1127
2021.3.24,124707,90770,2066,1540
2021.3.25,124707,90770,2066,0
2021.3.26,126170,91268,2092,1463
2021.3.27,129330,91665,2104,3160
2021.3.28,130214,91754,2117,884
2021.3.29,131116,92161,2135,902
2021.3.30,132646,92290,2147,1530
2021.3.31,132646,92290,2147,0
2021.4.1,134058,92679,2153,1412
2021.4.2,136893,93430,2186,2835
2021.4.3,138077,93650,2206,1184
2021.4.4,138988,94183,2224,911
2021.4.5,139448,94361,2244,460
2021.4.6,139842,96578,2258,394
2021.4.7,141365,97194,2276,1523
2021.4.8,143063,97650,2292,1698
2021.4.9,143063,97650,2292,0
2021.4.10,144154,98183,2309,1091
2021.4.11,145184,98605,2330,1030
2021.4.12,146156,99210,2368,972
2021.4.13,147147,99580,2394,991
2021.4.14,148128,99580,2420,981
2021.4.15,149219,99580,2424,1091
2021.4.16,150260,99580,2443,1041
2021.4.17,150260,99580,2443,0
2021.4.18,151653,101642,2481,1393
2021.4.19,151894,102278,2501,241
2021.4.20,152523,103838,2519,629
