date,累计确诊,治愈,死亡,新增确诊
2020.3.16,272,10,0,29
2020.3.29,1218,10,11,55
2020.4.4,1927,300,25,45
2020.4.8,2487,300,43,179
2020.4.9,2605,300,42,118
2020.4.10,2769,300,48,164
2020.4.11,2905,300,49,136
2020.4.12,2974,300,56,69
2020.4.13,3161,300,59,97
2020.4.14,3237,300,64,76
2020.4.15,3369,300,72,132
2020.4.16,3489,1700,75,120
2020.4.17,3681,1700,90,192
2020.4.18,3783,1700,90,102
2020.4.19,3868,1700,94,85
2020.4.20,4014,2000,98,146
2020.4.21,4129,2000,141,115
2020.4.22,4284,2000,149,155
2020.4.23,4395,2000,172,111
2020.4.24,4475,2500,177,80
2020.4.25,4576,2500,186,101
2020.4.26,4695,2500,190,119
2020.4.27,4740,2500,193,45
2020.4.28,4906,2800,199,166
2020.4.29,4995,2800,206,89
2020.4.30,5051,3000,218,56
2020.5.1,5176,3000,220,125
2020.5.2,5254,3000,230,78
2020.5.3,5327,3000,240,73
2020.5.4,5412,3500,246,85
2020.5.5,5573,3500,252,161
2020.5.6,5673,3500,255,100
2020.5.7,5738,3500,260,65
2020.5.8,5880,4000,265,142
2020.5.9,5963,4000,267,83
2020.5.10,5984,4000,267,22
2020.5.11,6003,4300,271,19
2020.5.12,6054,4300,284,51
2020.5.13,6145,4300,284,91
2020.5.14,6228,4300,287,83
2020.5.15,6286,5000,297,58
2020.5.16,6347,5000,298,61
2020.5.17,6380,5000,298,33
2020.5.18,6380,5000,300,0
2020.5.19,6399,5000,301,19
2020.5.20,6443,5000,304,44
2020.5.21,6493,4800,306,50
2020.5.22,6537,4800,306,44
2020.5.23,6568,4800,306,31
2020.5.24,6579,4800,307,11
2020.5.25,6599,5100,308,20
2020.5.26,6628,5100,312,29
2020.5.27,6692,5100,313,64
2020.5.28,6743,5500,313,51
2020.5.29,6776,5500,314,33
2020.5.30,6826,5500,316,50
2020.5.31,6859,5500,320,33
2020.6.1,6885,5500,318,26
2020.6.2,6887,5500,320,2
2020.6.3,6911,5500,321,24
2020.6.4,6911,5800,322,0
2020.6.5,6941,5800,322,30
2020.6.6,6964,5800,322,23
2020.6.7,6981,5800,323,17
2020.6.8,7001,5800,323,20
2020.6.9,7025,5800,324,24
2020.6.10,7040,5800,324,15
2020.6.11,7064,6200,325,24
2020.6.12,7073,6200,325,9
2020.6.13,7087,6200,325,14
2020.6.14,7104,6200,326,17
2020.6.15,7108,6200,326,4
2020.6.16,7112,6200,326,4
2020.6.17,7117,6200,326,5
2020.6.18,7119,6200,326,2
2020.6.19,7133,6200,326,14
2020.6.20,7142,6200,326,9
2020.6.21,7143,6200,326,1
2020.6.22,7144,6400,327,1
2020.6.23,7155,6400,327,11
2020.6.24,7167,6600,327,12
2020.6.25,7172,6600,327,5
2020.6.26,7191,6600,328,19
2020.6.27,7198,6600,328,7
2020.6.28,7198,6600,328,0
2020.6.29,7209,6600,328,11
2020.6.30,7214,6600,328,5
2020.7.1,7236,6700,328,22
2020.7.2,7241,6700,328,5
2020.7.3,7242,6700,329,1
2020.7.4,7248,6700,329,6
2020.7.5,7253,6700,329,5
2020.7.6,7257,6700,329,4
2020.7.7,7262,6700,329,5
2020.7.8,7265,6800,329,3
2020.7.9,7273,6800,329,8
2020.7.10,7279,6800,329,6
2020.7.11,7291,6800,329,12
2020.7.12,7294,6800,329,3
2020.7.13,7295,6800,329,1
2020.7.14,7301,6800,329,6
2020.7.15,7296,6880,328,0
2020.7.16,7293,6880,328,0
2020.7.17,7301,6880,328,8
2020.7.18,7318,6880,328,17
2020.7.19,7335,6880,328,17
2020.7.20,7340,6880,328,5
2020.7.21,7351,6880,328,11
2020.7.22,7362,6920,328,11
2020.7.23,7372,6920,328,10
2020.7.24,7380,6920,329,8
2020.7.25,7388,6920,329,8
2020.7.26,7393,6920,329,5
2020.7.27,7398,6920,329,5
2020.7.28,7404,6920,329,6
2020.7.29,7414,6950,329,10
2020.7.30,7423,6950,329,9
2020.7.31,7432,6950,329,9
2020.8.1,7443,6950,329,11
2020.8.2,7453,6950,329,10
2020.8.3,7466,6950,329,13
2020.8.4,7483,6950,331,17
2020.8.5,7512,6980,331,29
2020.8.6,7532,6980,331,20
2020.8.7,7554,6980,331,22
2020.8.8,7568,6980,331,14
2020.8.9,7584,6980,331,16
2020.8.10,7601,6980,333,17
2020.8.11,7623,6980,333,22
2020.8.12,7642,7050,333,19
2020.8.13,7683,7050,333,41
2020.8.14,7700,7050,333,17
2020.8.15,7720,7050,333,20
2020.8.16,7731,7050,333,11
2020.8.17,7752,7050,334,21
2020.8.18,7776,7050,334,24
2020.8.19,7805,7100,334,29
2020.8.20,7842,7100,334,37
2020.8.21,7871,7100,334,29
2020.8.22,7906,7100,334,35
2020.8.23,7920,7100,334,14
2020.8.24,7938,7100,335,18
2020.8.25,7981,7100,335,43
2020.8.26,8002,7200,335,21
2020.8.27,8019,7200,335,17
2020.8.28,8042,7200,335,23
2020.8.29,8049,7200,335,7
2020.8.30,8077,7200,335,28
2020.8.31,8086,7200,336,9
2020.9.1,8142,7200,336,56
2020.9.2,8161,7200,336,19
2020.9.3,8200,7350,336,39
2020.9.4,8225,7350,336,25
2020.9.5,8261,7350,336,36
2020.9.6,8291,7350,336,30
2020.9.7,8327,7350,336,36
2020.9.8,8337,7350,336,10
2020.9.9,8430,7500,337,93
2020.9.10,8469,7500,337,39
2020.9.11,8512,7500,337,43
2020.9.12,8557,7500,337,45
2020.9.13,8580,7500,337,23
2020.9.14,8627,7500,337,47
2020.9.15,8725,7500,339,98
2020.9.16,8750,7700,339,25
2020.9.17,8799,7700,339,49
2020.9.18,8858,7700,339,59
2020.9.19,8922,7700,339,64
2020.9.20,8980,7700,339,58
2020.9.21,9046,7700,341,66
2020.9.22,9195,7700,341,149
2020.9.23,9288,7850,343,93
2020.9.24,9379,7850,343,91
2020.9.25,9484,7850,343,105
2020.9.26,9577,7850,343,93
2020.9.27,9682,7850,343,105
2020.9.28,9743,7850,345,61
2020.9.29,9892,7850,345,149
2020.9.30,9992,8100,344,100
2020.10.1,10103,8100,344,111
2020.10.2,10244,8100,345,141
2020.10.3,10391,8100,345,147
2020.10.4,10538,8100,345,147
2020.10.5,10702,8100,346,164
2020.10.6,10929,8100,346,227
2020.10.7,11049,8100,346,120
2020.10.8,11345,8500,346,296
2020.10.9,11580,8500,346,235
2020.10.10,11849,8500,346,269
2020.10.11,11998,8500,346,149
2020.10.12,12212,8500,346,214
2020.10.13,12499,8500,346,287
2020.10.14,12703,9100,350,204
2020.10.15,12944,9100,350,241
2020.10.16,13133,9100,351,189
2020.10.17,13293,9100,351,160
2020.10.18,13424,9100,351,131
2020.10.19,13555,9100,351,131
2020.10.20,13849,9100,351,294
2020.10.21,14071,9800,355,222
2020.10.22,14255,9800,355,184
2020.10.23,14474,9800,353,219
2020.10.24,14652,9800,353,178
2020.10.25,14848,9800,353,196
2020.10.26,14970,9800,354,122
2020.10.27,15163,9800,354,193
2020.10.28,15378,11300,354,215
2020.10.29,15566,11300,354,188
2020.10.30,15910,11300,358,344
2020.10.31,16113,11300,358,203
2020.11.1,16291,11300,358,178
2020.11.2,16400,11300,359,109
2020.11.3,16637,11300,359,237
2020.11.4,16930,12700,361,293
2020.11.5,17119,12700,361,189
2020.11.6,17385,12700,362,266
2020.11.7,17385,12700,362,0
2020.11.8,17797,12700,362,412
2020.11.9,17887,12700,363,90
2020.11.10,18107,12700,363,220
2020.11.11,18345,14000,365,238
2020.11.12,18542,14000,365,197
2020.11.13,18858,14000,369,316
2020.11.14,19102,14000,369,244
2020.11.15,19315,14000,369,213
2020.11.16,19419,14000,371,104
2020.11.17,19647,14000,371,228
2020.11.18,19935,15300,374,288
2020.11.19,20286,15300,374,351
2020.11.20,20747,15300,375,461
2020.11.21,21216,15300,375,469
2020.11.22,21639,15300,375,423
2020.11.23,21936,15300,384,297
2020.11.24,22289,15300,384,353
2020.11.25,22652,16800,388,363
2020.11.26,23148,16800,388,496
2020.11.27,23766,16800,393,618
2020.11.28,24307,16800,393,541
2020.11.29,24629,16800,393,322
2020.11.30,24912,16800,399,322
2020.12.1,25462,16800,399,550
2020.12.2,25882,18100,408,420
2020.12.3,26422,18100,408,540
2020.12.4,26758,18100,408,336
2020.12.5,27218,18100,415,460
2020.12.6,27631,18100,415,413
2020.12.7,27881,18100,415,250
2020.12.8,28242,18100,424,361
2020.12.9,28732,18100,425,490
2020.12.10,29572,20000,442,840
2020.12.11,30073,20000,442,501
2020.12.12,30450,20000,453,377
2020.12.13,30810,20000,453,360
2020.12.14,31110,20000,461,300
2020.12.15,31459,20000,466,349
2020.12.16,31870,22500,472,411
2020.12.17,32228,22500,484,358
2020.12.18,32582,22500,489,354
2020.12.19,32853,22500,489,271
2020.12.20,33162,22500,489,309
2020.12.21,33414,22500,506,252
2020.12.22,33717,22500,511,303
2020.12.23,34084,26000,524,367
2020.12.24,34447,26000,524,363
2020.12.25,34648,26000,524,201
2020.12.26,34821,26000,524,173
2020.12.27,35137,26000,546,316
2020.12.28,35137,26000,546,0
2020.12.29,35420,26000,550,283
2020.12.30,35858,29000,556,438
2020.12.31,36107,29000,561,249
2021.1.1,36403,29000,561,296
2021.1.2,36604,29000,561,201
2021.1.3,36772,29000,561,168
2021.1.4,36919,29000,565,147
2021.1.5,37218,31000,576,299
2021.1.6,37549,31000,576,331
2021.1.7,37772,31000,584,223
2021.1.8,38068,31000,586,296
2021.1.9,38392,31000,586,324
2021.1.10,38590,31000,586,198
2021.1.11,38790,31000,586,200
2021.1.12,39011,31000,602,221
2021.1.13,39335,31000,602,324
2021.1.14,39593,31000,616,258
2021.1.15,39911,31000,618,318
2021.1.16,40101,31000,618,190
2021.1.17,40337,31000,618,236
2021.1.18,40505,31000,618,168
2021.1.19,40722,31000,621,217
2021.1.20,41166,31000,633,444
2021.1.21,41565,31000,632,399
2021.1.22,41915,31000,638,350
2021.1.23,42334,31000,644,419
2021.1.24,42580,31000,644,246
2021.1.25,42772,31000,644,192
2021.1.26,43120,31000,655,348
2021.1.27,43616,31000,655,496
2021.1.28,44039,31000,664,423
2021.1.29,44402,31000,671,363
2021.1.30,44871,31000,671,469
2021.1.31,45238,31000,671,367
2021.2.1,45482,31000,677,244
2021.2.2,45784,31000,684,302
2021.2.3,46049,31000,685,265
2021.2.4,46493,31000,688,444
2021.2.5,46894,31000,688,401
2021.2.6,47262,31000,688,368
2021.2.7,47616,31000,688,354
2021.2.8,47969,31000,688,353
2021.2.9,48407,31000,703,438
2021.2.10,48807,31000,703,400
2021.2.11,49165,40000,708,358
2021.2.12,49572,40000,710,407
2021.2.13,50007,40000,710,435
2021.2.14,50319,40000,710,312
2021.2.15,50662,40000,716,343
2021.2.16,51047,40000,720,385
2021.2.17,51595,40000,723,548
2021.2.18,52209,40000,725,614
2021.2.19,52653,40000,725,444
2021.2.20,53285,40000,726,632
2021.2.21,53742,40000,726,457
2021.2.22,54132,40000,733,390
2021.2.23,54532,40000,734,400
2021.2.24,55122,40000,737,590
2021.2.25,55687,40000,740,565
2021.2.26,56407,40000,742,720
2021.2.27,57052,46000,742,645
2021.2.28,57672,46000,742,620
2021.3.1,58064,46000,750,392
2021.3.2,58645,46000,755,581
2021.3.3,59442,46000,759,797
2021.3.4,60200,46000,764,758
2021.3.5,60904,46000,767,704
2021.3.6,61552,46000,767,648
2021.3.7,62063,46000,767,511
2021.3.8,62522,46000,774,459
2021.3.9,63110,46000,774,588
2021.3.10,63889,46000,776,779
2021.3.11,64609,46000,776,720
2021.3.12,65315,46000,786,706
2021.3.13,66006,46000,786,691
2021.3.14,66869,46000,786,863
2021.3.15,67334,46000,800,465
2021.3.16,67851,46000,801,517
2021.3.17,68693,46000,804,842
2021.3.18,69497,46000,805,804
2021.3.19,70267,46000,805,770
2021.3.20,71123,46000,805,856
2021.3.21,71643,46000,805,520
2021.3.22,72073,46000,808,430
2021.3.23,72713,46000,808,640
2021.3.24,73516,46000,809,803
2021.3.25,74242,46000,815,726
2021.3.26,74754,46000,817,512
2021.3.27,75545,46000,817,791
2021.3.28,76003,46000,817,458
2021.3.29,76425,46000,822,422
2021.3.30,76845,46000,826,420
2021.3.31,77452,46000,844,607
2021.4.1,78106,46000,846,654
2021.4.2,78672,46000,846,566
2021.4.3,79094,46000,846,422
2021.4.4,79396,46000,846,302
2021.4.5,79737,46000,846,341
2021.4.6,80068,46000,860,331
2021.4.7,80416,46000,862,348
2021.4.8,80842,46000,866,426
2021.4.9,81261,46000,868,419
2021.4.10,81707,46000,868,446
2021.4.11,82053,46000,868,346
2021.4.12,82278,46000,868,225
2021.4.13,82564,46000,877,286
2021.4.14,82964,46000,881,400
2021.4.15,83253,46000,885,289
2021.4.16,83633,46000,887,380
2021.4.17,83633,46000,887,0
2021.4.18,84131,46000,887,498
2021.4.19,84287,46000,891,156
2021.4.20,84501,46000,893,214
2021.4.21,84797,46000,899,296
