date,累计确诊,治愈,死亡,新增确诊
2020.4.9,10,4,1,0
2020.4.24,10,7,1,0
2020.4.29,10,8,1,0
2020.5.16,10,9,1,0
2020.5.17,11,9,1,1
2020.5.18,11,9,1,1
2020.5.19,11,9,1,0
2020.5.20,11,9,1,0
2020.5.21,11,9,1,0
2020.5.22,11,9,1,0
2020.5.23,11,9,1,0
2020.5.24,11,9,1,0
2020.5.25,11,9,1,0
2020.5.26,11,9,1,0
2020.5.27,11,9,1,0
2020.5.28,12,9,1,1
2020.5.29,12,9,1,0
2020.5.30,12,9,1,0
2020.5.31,14,9,1,2
2020.6.1,23,9,1,9
2020.6.2,44,9,1,21
2020.6.3,54,9,1,10
2020.6.4,74,9,1,20
2020.6.5,82,9,1,8
2020.6.6,91,9,1,9
2020.6.7,101,9,1,10
2020.6.8,122,9,1,21
2020.6.9,130,9,2,8
2020.6.10,137,9,2,7
2020.6.11,144,9,2,7
2020.6.12,168,9,2,24
2020.6.13,187,9,3,19
2020.6.14,196,9,3,9
2020.6.15,208,9,3,12
2020.6.16,229,48,5,21
2020.6.17,236,48,6,7
2020.6.18,261,48,6,25
2020.6.19,277,74,7,16
2020.6.20,293,74,8,16
2020.6.21,302,74,8,9
2020.6.22,314,106,8,12
2020.6.23,319,132,8,5
2020.6.24,319,132,9,0
2020.6.25,357,154,10,38
2020.6.26,373,176,10,16
2020.6.27,391,181,10,18
2020.6.28,467,191,11,76
2020.6.29,492,199,13,25
2020.6.30,501,217,13,9
2020.7.1,517,227,13,16
2020.7.2,535,242,13,18
2020.7.3,547,254,13,12
2020.7.4,561,267,13,14
2020.7.5,565,276,14,4
2020.7.6,594,292,14,29
2020.7.7,614,315,15,20
2020.7.8,634,405,15,20
2020.7.9,671,435,17,37
2020.7.10,699,456,17,28
2020.7.11,729,481,18,30
2020.7.12,741,495,18,12
2020.7.13,762,509,18,21
2020.7.14,780,526,18,18
2020.7.15,801,544,18,21
2020.7.16,849,573,18,48
2020.7.17,919,582,19,70
2020.7.18,943,600,19,24
2020.7.19,1001,610,20,58
2020.7.20,1029,627,21,28
2020.7.21,1079,656,21,50
2020.7.22,1131,705,21,52
2020.7.23,1176,739,21,45
2020.7.24,1234,774,23,58
2020.7.25,1305,804,23,71
2020.7.26,1381,853,23,76
2020.7.27,1439,890,23,58
2020.7.28,1483,925,24,44
2020.7.29,1510,965,24,27
2020.7.30,1607,1003,26,97
2020.7.31,1650,1080,26,43
2020.8.1,1706,1123,26,56
2020.8.2,1760,1161,26,54
2020.8.3,1849,1194,27,89
2020.8.4,1893,1227,27,44
2020.8.5,1981,1278,27,88
2020.8.6,2050,1327,27,69
2020.8.7,2096,1446,29,46
2020.8.8,2203,1505,29,107
2020.8.9,2306,1558,29,103
2020.8.10,2391,1635,29,85
2020.8.11,2489,1674,30,98
2020.8.12,2559,1712,39,70
2020.8.13,2653,1789,39,94
2020.8.14,2761,1830,40,108
2020.8.15,2838,1894,41,77
2020.8.16,2961,1990,42,123
2020.8.17,3016,2036,47,55
2020.8.18,3077,2138,48,61
2020.8.19,3216,2196,54,139
2020.8.20,3295,2227,54,79
2020.8.21,3366,2383,55,71
2020.8.22,3460,2498,56,94
2020.8.23,3569,2559,57,109
2020.8.24,3607,2688,58,38
2020.8.25,3632,2758,60,25
2020.8.26,3698,2818,61,66
2020.8.27,3724,2863,62,26
2020.8.28,3793,2893,66,69
2020.8.29,3848,2971,66,55
2020.8.30,3954,2991,67,106
2020.8.31,4009,3073,67,55
2020.9.1,4034,3140,71,25
2020.9.2,4089,3171,72,55
2020.9.3,4149,3272,72,60
2020.9.4,4215,3318,73,66
2020.9.5,4252,3366,75,37
2020.9.6,4320,3426,77,68
2020.9.7,4346,3494,85,26
2020.9.8,4360,3544,91,14
2020.9.9,4419,3595,91,59
2020.9.10,4447,3622,92,28
2020.9.11,4477,3706,93,30
2020.9.12,4529,3747,93,52
2020.9.13,4579,3788,93,50
2020.9.14,4582,3850,93,3
2020.9.15,4611,3935,95,29
2020.9.16,4625,3996,95,14
2020.9.17,4645,4089,95,20
2020.9.18,4671,4160,95,26
2020.9.19,4691,4280,96,20
2020.9.20,4709,4383,97,18
2020.9.21,4723,4488,97,14
2020.9.22,4740,4525,97,17
2020.9.23,4759,4541,100,19
2020.9.24,4779,4560,101,20
2020.9.25,4789,4578,102,10
2020.9.26,4817,4596,102,28
2020.9.27,4831,4620,102,14
2020.9.28,4835,4661,102,4
2020.9.29,4836,4667,102,1
2020.9.30,4863,4676,104,27
2020.10.1,4877,4695,104,14
2020.10.2,4891,4702,105,14
2020.10.3,4899,4715,105,8
2020.10.4,4924,4723,106,25
2020.10.5,4941,4741,106,17
2020.10.6,4954,4755,106,13
2020.10.7,4965,4766,106,11
2020.10.8,4979,4781,106,14
2020.10.9,5004,4794,106,25
2020.10.10,5018,4816,106,14
2020.10.11,5035,4830,107,17
2020.10.12,5051,4845,107,16
2020.10.13,5058,4862,107,7
2020.10.14,5072,4870,107,14
2020.10.15,5083,4886,108,11
2020.10.16,5094,4907,109,11
2020.10.17,5113,4921,109,19
2020.10.18,5123,4936,109,10
2020.10.19,5130,4944,109,7
2020.10.20,5133,4959,109,3
2020.10.21,5144,4979,109,11
2020.10.22,5150,4991,109,6
2020.10.23,5154,4995,109,4
2020.10.24,5155,5010,109,1
2020.10.25,5166,5016,109,11
2020.10.26,5170,5032,109,4
2020.10.27,5180,5037,110,10
2020.10.28,5187,5039,111,7
2020.10.29,5192,5046,111,5
2020.10.30,5197,5053,111,5
2020.10.31,5201,5057,111,4
2020.11.1,5203,5060,111,2
2020.11.2,5210,5066,111,7
2020.11.3,5212,5082,111,2
2020.11.4,5218,5087,111,6
2020.11.5,5220,5090,112,2
2020.11.6,5225,5097,112,5
2020.11.7,5227,5102,112,2
2020.11.8,5234,5105,113,7
2020.11.9,5239,5107,113,5
2020.11.10,5241,5110,113,2
2020.11.11,5245,5115,113,4
2020.11.12,5254,5118,113,9
2020.11.13,5261,5126,114,7
2020.11.14,5268,5131,114,7
2020.11.15,5274,5143,114,6
2020.11.16,5274,5148,114,0
2020.11.17,5275,5148,115,1
2020.11.18,5278,5157,116,3
2020.11.19,5282,5158,116,4
2020.11.20,5284,5161,116,2
2020.11.21,5289,5164,116,5
2020.11.22,5295,5166,116,6
2020.11.23,5296,5168,116,1
2020.11.24,5297,5173,116,1
2020.11.25,5300,5177,117,3
2020.11.26,5305,5184,117,5
2020.11.27,5307,5185,117,2
2020.11.28,5311,5187,117,4
2020.11.29,5312,5192,117,1
2020.11.30,5312,5194,117,1
2020.12.1,5312,5194,117,0
2020.12.2,5319,5197,117,7
2020.12.3,5320,5200,117,1
2020.12.4,5322,5203,117,2
2020.12.5,5322,5205,117,0
2020.12.6,5324,5207,117,2
2020.12.7,5324,5207,117,0
2020.12.8,5325,5208,117,1
2020.12.9,5326,5209,117,1
2020.12.10,5333,5209,117,7
2020.12.11,5337,5218,117,4
2020.12.12,5339,5220,117,2
2020.12.13,5340,5221,117,1
2020.12.14,5353,5224,117,13
2020.12.15,5359,5227,117,6
2020.12.16,5381,5231,117,22
2020.12.17,5401,5239,117,20
2020.12.18,5428,5240,117,27
2020.12.19,5459,5249,117,31
2020.12.20,5511,5263,118,52
2020.12.21,5552,5291,118,41
2020.12.22,5583,5296,118,31
2020.12.23,5669,5323,118,86
2020.12.24,5734,5345,118,65
2020.12.25,5810,5388,118,76
2020.12.26,5880,5417,119,70
2020.12.27,5978,5479,119,98
2020.12.28,6013,5542,120,35
2020.12.29,6013,5542,120,0
2020.12.30,6098,5633,120,85
2020.12.31,6181,5694,121,83
2021.1.1,6210,5731,122,29
2021.1.2,6277,5771,123,67
2021.1.3,6343,5841,123,66
2021.1.4,6393,5883,123,50
2021.1.5,6493,5913,124,100
2021.1.6,6586,5967,125,93
2021.1.7,6666,6021,126,80
2021.1.8,6750,6080,130,84
2021.1.9,6854,6147,131,104
2021.1.10,6948,6215,132,94
2021.1.11,7008,6276,133,60
2021.1.12,7064,6321,138,56
2021.1.13,7178,6398,138,114
2021.1.14,7247,6477,139,69
2021.1.15,7300,6543,139,53
2021.1.16,7409,6621,139,109
2021.1.17,7469,6689,141,60
2021.1.18,7527,6758,141,58
2021.1.19,7624,6834,145,97
2021.1.20,7709,6910,146,85
2021.1.21,7783,6968,146,74
2021.1.22,7880,7027,146,97
2021.1.23,7945,7112,148,65
2021.1.24,8000,7139,148,55
2021.1.25,8057,7246,149,57
2021.1.26,8112,7304,149,55
2021.1.27,8174,7377,150,62
2021.1.28,8243,7433,152,69
2021.1.29,8293,7505,154,50
2021.1.30,8364,7568,154,71
2021.1.31,8403,7621,154,39
2021.2.1,8438,7671,154,35
2021.2.2,8449,7734,156,11
2021.2.3,8497,7802,156,48
2021.2.4,8556,7852,156,59
2021.2.5,8595,7906,158,39
2021.2.6,8619,7939,158,24
2021.2.7,8650,7974,160,31
2021.2.8,8671,8020,161,21
2021.2.9,8690,8053,162,19
2021.2.10,8710,8090,163,20
2021.2.11,8739,8123,164,29
2021.2.12,8765,8155,166,26
2021.2.13,8778,8179,166,13
2021.2.14,8794,8194,166,16
2021.2.15,8803,8214,166,9
2021.2.16,8811,8242,167,8
2021.2.17,8820,8264,167,9
2021.2.18,8832,8285,168,12
2021.2.19,8838,8307,168,6
2021.2.20,8854,8321,168,16
2021.2.21,8856,8331,168,2
2021.2.22,8868,8338,168,12
2021.2.23,8869,8349,169,1
2021.2.24,8880,8359,170,11
2021.2.25,8892,8371,170,12
2021.2.26,8901,8385,170,9
2021.2.27,8913,8391,170,12
2021.2.28,8919,8399,170,6
2021.3.1,8929,8406,172,10
2021.3.2,8933,8413,173,4
2021.3.3,8939,8426,173,6
2021.3.4,8953,8439,173,14
2021.3.5,8959,8450,175,6
2021.3.6,8966,8456,175,7
2021.3.7,8971,8464,175,5
2021.3.8,8977,8469,175,6
2021.3.9,8980,8473,175,3
2021.3.10,8985,8487,175,5
2021.3.11,8990,8498,175,5
2021.3.12,8997,8505,176,7
2021.3.13,9012,8506,176,15
2021.3.14,9022,8509,176,10
2021.3.15,9024,8514,176,2
2021.3.16,9028,8519,176,4
2021.3.17,9034,8528,176,6
2021.3.18,9042,8532,176,8
2021.3.19,9049,8534,176,7
2021.3.20,9055,8537,176,6
2021.3.21,9061,8548,176,6
2021.3.22,9066,8550,176,5
2021.3.23,9067,8560,177,1
2021.3.24,9074,8564,177,7
2021.3.25,9077,8568,177,3
2021.3.26,9085,8573,177,8
2021.3.27,9088,8575,177,3
2021.3.28,9095,8577,177,7
2021.3.29,9097,8579,177,2
2021.3.30,9104,8585,177,7
2021.3.31,9109,8594,177,5
2021.4.1,9122,8598,177,13
2021.4.2,9122,8598,177,0
2021.4.3,9130,8600,177,8
2021.4.4,9153,8612,177,23
2021.4.5,9163,8620,177,10
2021.4.6,9174,8633,177,11
2021.4.7,9184,8634,178,10
2021.4.8,9200,8637,178,16
2021.4.9,9254,8643,178,54
2021.4.10,9265,8647,178,11
2021.4.11,9278,8654,179,13
2021.4.12,9302,8669,182,24
2021.4.13,9316,8700,182,14
2021.4.14,9363,8711,184,47
2021.4.15,9417,8725,184,54
2021.4.16,9458,8751,185,41
2021.4.17,9496,8779,187,38
2021.4.18,9545,8805,187,49
2021.4.19,9581,8829,187,36
2021.4.20,9617,8862,188,36
