date,累计确诊,治愈,死亡,新增确诊
2020.2.22,9,8,0,0
2020.2.23,9,8,0,0
2020.2.24,13,8,0,4
2020.2.25,13,8,0,0
2020.2.26,13,8,0,0
2020.2.27,15,8,0,2
2020.2.28,19,8,0,4
2020.2.29,23,8,0,4
2020.3.1,35,8,0,12
2020.3.2,40,8,0,5
2020.3.3,51,8,0,11
2020.3.4,85,8,0,34
2020.3.5,87,8,0,2
2020.3.6,163,8,1,76
2020.3.7,206,8,2,43
2020.3.8,273,18,2,67
2020.3.9,319,18,2,46
2020.3.10,321,18,5,2
2020.3.11,456,18,6,135
2020.3.12,596,18,10,140
2020.3.15,1372,19,35,232
2020.3.16,1543,19,53,171
2020.3.17,1950,19,71,407
2020.3.18,2626,65,104,676
2020.3.19,3269,65,144,643
2020.3.20,3983,65,177,714
2020.3.21,5018,65,233,1035
2020.3.22,5683,65,281,665
2020.3.23,6650,65,335,967
2020.3.24,8077,65,422,1427
2020.3.25,9529,65,465,1452
2020.3.26,11658,142,578,2129
2020.3.27,14579,150,759,2921
2020.3.28,17312,151,1021,2546
2020.3.29,19522,151,1228,2433
2020.3.30,22141,171,1408,2619
2020.3.31,25474,179,1793,3009
2020.4.1,29857,179,2357,4324
2020.4.2,34164,191,2926,4244
2020.4.3,38688,205,3611,4450
2020.4.4,42479,215,4320,3735
2020.4.5,48436,229,4943,5903
2020.4.6,51608,229,5373,3802
2020.4.7,55957,332,6171,4349
2020.4.8,60733,345,7097,5492
2020.4.9,65863,357,7992,4344
2020.4.10,74605,588,8974,5706
2020.4.11,79885,625,9892,5234
2020.4.12,84279,625,10612,5288
2020.4.13,89569,625,11346,4342
2020.4.14,94845,625,12129,5252
2020.4.15,98476,625,12868,4603
2020.4.16,108692,625,14576,5599
2020.4.17,114217,625,15464,5525
2020.4.18,120067,625,16060,5850
2020.4.19,121173,625,16489,1106
2020.4.20,125851,625,16550,4676
2020.4.21,130172,638,17378,4301
2020.4.22,134638,683,18151,1143
2020.4.23,139246,712,18791,1168
2020.4.24,144635,721,19566,4913
2020.4.25,149569,774,20381,4934
2020.4.26,152840,778,20732,4463
2020.4.27,157149,778,21092,4310
2020.4.28,161145,807,21678,3996
2020.4.29,165221,807,26097,4076
2020.4.30,171253,807,26771,6032
2020.5.1,177454,807,27510,6201
2020.5.2,182260,807,28131,4806
2020.5.3,186180,807,28446,3920
2020.5.4,189780,807,28734,3600
2020.5.5,194990,807,29427,4406
2020.5.6,201101,926,30076,6111
2020.5.7,206715,926,30615,5614
2020.5.8,210915,926,31241,4200
2020.5.9,214434,926,31587,3519
2020.5.10,223060,926,32065,3923
2020.5.11,226463,1015,32692,3403
2020.5.12,229705,1015,33186,3242
2020.5.13,233151,1015,33614,3446
2020.5.14,236711,1015,33998,3560
2020.5.15,240161,1015,34466,3450
2020.5.16,243695,1015,34636,3534
2020.5.18,246406,1058,34796,2711
2020.5.19,246406,1090,34796,0
2020.5.20,248818,1098,35341,2412
2020.5.21,250908,1116,36042,2090
2020.5.22,254195,1134,36393,3287
2020.5.23,257154,1142,36675,2959
2020.5.24,259559,1149,36793,2405
2020.5.25,259559,1151,36793,0
2020.5.26,265227,1161,37048,5668
2020.5.27,267240,1161,37460,2013
2020.5.28,267240,1166,37460,0
2020.5.29,269127,1167,37837,1887
2020.5.30,272826,1172,38376,3699
2020.5.31,274762,1187,38489,1936
2020.6.1,274762,1190,38489,0
2020.6.2,276332,1194,39045,1570
2020.6.3,279856,1224,39728,3524
2020.6.4,279856,1224,39728,0
2020.6.5,283311,1224,40261,3455
2020.6.6,284868,1228,40465,1557
2020.6.7,286194,1230,40542,1326
2020.6.8,287399,1240,40597,1205
2020.6.9,289140,1255,40883,1741
2020.6.10,290143,1261,41128,1003
2020.6.11,291409,1264,41279,1266
2020.6.12,292950,1278,41481,1541
2020.6.13,294375,1282,41662,1425
2020.6.14,295889,1283,41698,1514
2020.6.15,296857,1284,41736,968
2020.6.16,298136,1284,41969,1279
2020.6.17,299251,1295,42153,1115
2020.6.18,300469,1304,42288,1218
2020.6.19,301815,1313,42461,1346
2020.6.20,303110,1319,42589,1295
2020.6.21,304331,1319,42632,1221
2020.6.22,305289,1319,42647,958
2020.6.23,306210,1322,42927,921
2020.6.24,306210,1330,42927,0
2020.6.25,307980,1345,43230,1770
2020.6.26,307980,1361,43230,0
2020.6.27,310250,1363,43514,2270
2020.6.28,311151,1364,43550,901
2020.6.29,311965,1364,43575,814
2020.6.30,312654,1368,43730,689
2020.7.1,313483,1370,43906,829
2020.7.2,313483,1372,43906,0
2020.7.3,283757,1373,43995,0
2020.7.4,284276,1375,44131,519
2020.7.5,285416,1375,44220,1140
2020.7.6,285416,1375,44220,0
2020.7.7,286349,1375,44391,933
2020.7.8,286979,1375,44517,630
2020.7.9,287621,1378,44602,642
2020.7.10,288133,1378,44650,512
2020.7.11,288133,1378,44650,0
2020.7.12,289603,1378,44819,1470
2020.7.13,290133,1378,44830,530
2020.7.14,290133,1378,44830,0
2020.7.15,291911,1385,45053,1778
2020.7.16,292552,1386,45119,641
2020.7.17,293239,1403,45233,687
2020.7.18,294066,1403,45273,827
2020.7.19,294792,1413,45300,726
2020.7.20,294792,1413,45300,0
2020.7.21,295817,1413,45422,1025
2020.7.22,296377,1414,45501,560
2020.7.23,296377,1416,45501,0
2020.7.24,297914,1425,45677,1537
2020.7.25,298681,1425,45738,767
2020.7.26,298681,1427,45738,0
2020.7.27,299426,1434,45752,745
2020.7.28,300692,1436,45878,1266
2020.7.29,301455,1438,45961,763
2020.7.30,301455,1438,45961,0
2020.7.31,303181,1438,46119,1726
2020.8.1,303952,1439,46193,771
2020.8.2,303952,1441,46193,0
2020.8.3,304695,1444,46201,743
2020.8.4,306293,1445,46210,1598
2020.8.5,307184,1445,46364,891
2020.8.6,308134,1447,46413,950
2020.8.7,309005,1447,46511,871
2020.8.8,309763,1448,46566,758
2020.8.9,310825,1450,46574,1062
2020.8.10,311641,1451,46574,816
2020.8.11,311641,1463,46526,0
2020.8.12,313798,1464,46706,2157
2020.8.13,313798,1472,41329,0
2020.8.14,313798,1473,41358,0
2020.8.15,316367,1479,41358,2569
2020.8.16,318484,1486,41366,2117
2020.8.17,319197,1490,41369,713
2020.8.18,319197,1492,41369,0
2020.8.19,321098,1493,41397,1901
2020.8.20,322280,1495,41403,1182
2020.8.21,323313,1498,41405,1033
2020.8.22,324601,1544,41423,1288
2020.8.23,325642,1547,41429,1041
2020.8.24,325642,1549,41433,0
2020.8.25,327798,1550,41449,2156
2020.8.26,327798,1551,41449,0
2020.8.27,330368,1564,41477,2570
2020.8.28,330368,1564,41477,0
2020.8.29,331644,1620,41486,1276
2020.8.30,332752,1624,41498,1108
2020.8.31,334467,1676,41499,1715
2020.9.1,335873,1682,41501,1406
2020.9.2,337168,1712,41504,1295
2020.9.3,340411,1750,41527,3243
2020.9.4,342351,1752,41537,1940
2020.9.5,344164,1763,41549,1813
2020.9.6,347152,1824,41551,2988
2020.9.7,347152,1824,41551,0
2020.9.8,350100,1827,41554,2948
2020.9.9,355219,1828,41594,5119
2020.9.10,358138,1841,41608,2919
2020.9.11,358138,1847,41608,0
2020.9.12,365174,1873,41623,7036
2020.9.13,368504,1890,41628,3330
2020.9.14,371125,2151,41637,2621
2020.9.15,371125,2156,41637,0
2020.9.16,378219,2159,41684,7094
2020.9.17,381614,2194,41705,3395
2020.9.18,381614,2203,41705,0
2020.9.19,385936,2211,41732,4322
2020.9.20,390358,2220,41759,4422
2020.9.21,394257,2228,41777,3899
2020.9.22,403551,2228,41825,9294
2020.9.23,409729,2239,41862,6178
2020.9.24,409729,2254,41862,0
2020.9.25,416363,2282,41902,6634
2020.9.26,429277,2330,41971,12914
2020.9.27,434969,2339,41988,5692
2020.9.28,439013,2339,42001,4044
2020.9.29,439013,2353,42001,0
2020.9.30,453264,2370,42143,14251
2020.10.1,453264,2378,42143,0
2020.10.2,467146,2385,42268,13882
2020.10.3,467146,2396,42268,0
2020.10.4,480017,2398,42317,12871
2020.10.5,515571,2406,42369,35554
2020.10.6,530113,2414,42445,14542
2020.10.7,544275,2417,42515,14162
2020.10.8,561815,2425,42592,17540
2020.10.9,575679,2486,42679,13864
2020.10.10,575679,2495,42679,0
2020.10.11,603716,2495,42825,28037
2020.10.12,617688,2509,42875,13972
2020.10.13,634920,2517,43018,17232
2020.10.14,654644,2546,43155,19724
2020.10.15,673622,2555,43293,18978
2020.10.16,689257,2563,43429,15635
2020.10.17,705428,2573,43579,16171
2020.10.18,722409,2578,43646,16981
2020.10.19,741212,2596,43726,18803
2020.10.20,762542,2613,43967,21330
2020.10.21,789229,2636,44158,26687
2020.10.22,789229,2650,44158,0
2020.10.23,830998,2657,44571,41769
2020.10.24,854010,2664,44745,23012
2020.10.25,854010,2676,44745,0
2020.10.26,873800,2701,44896,19790
2020.10.27,894690,2702,44998,20890
2020.10.28,917575,2734,45365,22885
2020.10.29,965340,2773,45955,47765
2020.10.30,965340,2805,45955,0
2020.10.31,989745,2839,46229,24405
2020.11.1,1011660,2841,46555,21915
2020.11.2,1034914,2850,46717,23254
2020.11.3,1053864,2850,46853,18950
2020.11.4,1073882,2918,47250,20018
2020.11.5,1099059,2931,47742,25177
2020.11.6,1146484,2949,48475,47425
2020.11.7,1146484,2962,48475,0
2020.11.8,1171441,2965,48888,24957
2020.11.9,1192013,2983,49044,20572
2020.11.10,1213363,2998,49238,21350
2020.11.11,1233775,3018,49770,20412
2020.11.12,1256725,3018,50365,22950
2020.11.13,1290195,3031,50928,33470
2020.11.14,1317496,3042,51304,27301
2020.11.15,1344356,3108,51766,26860
2020.11.16,1369318,3135,51934,24962
2020.11.17,1390681,3135,52147,21363
2020.11.18,1410732,3145,52745,20051
2020.11.19,1430341,3206,53274,19609
2020.11.20,1453256,3242,53775,22915
2020.11.21,1493383,3260,54626,40127
2020.11.22,1493383,3310,54626,0
2020.11.23,1512045,3322,55024,18662
2020.11.24,1527495,3347,55230,15450
2020.11.25,1538794,3410,55838,11299
2020.11.26,1557007,3445,56533,18213
2020.11.27,1574562,3445,57031,17555
2020.11.28,1605172,3445,58030,30610
2020.11.29,1617327,3514,58245,12155
2020.11.30,1629657,3514,58448,12155
2020.12.1,1629657,3570,58448,0
2020.12.2,1643086,3589,59051,13429
2020.12.3,1674134,3621,60113,31048
2020.12.4,1674134,3623,60113,0
2020.12.5,1690432,3648,60617,16298
2020.12.6,1705971,3660,61014,15539
2020.12.7,1723242,3736,61245,17271
2020.12.8,1737960,3761,61434,14718
2020.12.9,1750241,3765,62033,12281
2020.12.10,1766819,3779,62566,16578
2020.12.11,1787783,3794,63082,20964
2020.12.12,1809455,3805,63506,21672
2020.12.13,1830956,3805,64026,21501
2020.12.14,1849403,4013,64170,18447
2020.12.15,1869666,4048,64402,20263
2020.12.16,1888116,4093,64908,18450
2020.12.17,1913277,4106,65520,25161
2020.12.18,1948660,4123,66052,35383
2020.12.19,1977167,4133,66541,28507
2020.12.20,2004219,4354,67075,27052
2020.12.21,2073511,4375,67616,69292
2020.12.22,2110314,4386,68307,36803
2020.12.23,2110314,4409,68307,0
2020.12.24,2149551,4723,69051,39237
2020.12.25,2188587,4821,69625,39036
2020.12.26,2221312,4822,70195,32725
2020.12.27,2288345,5093,70752,67033
2020.12.28,2329730,5100,71109,41385
2020.12.29,2329730,5102,71109,0
2020.12.30,2382865,5294,71567,53135
2020.12.31,2432888,5414,72548,50023
2021.1.1,2488780,5479,73512,55892
2021.1.2,2599789,5704,74570,111009
2021.1.3,2654779,5745,75024,54990
2021.1.4,2654779,6145,75024,0
2021.1.5,2713563,6260,75431,58784
2021.1.6,2836801,6383,77346,123238
2021.1.7,2836801,6457,77346,0
2021.1.8,2889419,6527,78508,52618
2021.1.9,2957472,6689,79833,68053
2021.1.10,3017409,6862,80868,59937
2021.1.11,3072349,7009,81431,54940
2021.1.12,3118518,7149,81960,46169
2021.1.13,3164051,7352,83203,45533
2021.1.14,3211576,7438,84767,47525
2021.1.15,3260258,7580,86015,48682
2021.1.16,3316019,7703,87295,55761
2021.1.17,3357361,7862,88590,41342
2021.1.18,3395959,8042,89261,38598
2021.1.19,3433494,8246,89860,37535
2021.1.20,3466849,8392,91470,33355
2021.1.21,3505754,8492,93290,38905
2021.1.22,3543646,8581,94580,37892
2021.1.23,3583907,8684,95981,40261
2021.1.24,3617459,8864,97329,33552
2021.1.25,3647463,9019,97939,30004
2021.1.26,3669658,9036,98531,22195
2021.1.27,3689746,9160,100162,20088
2021.1.28,3715054,9277,101887,25308
2021.1.29,3743734,9349,103126,28680
2021.1.30,3772813,9404,104371,29079
2021.1.31,3796088,9580,105571,23275
2021.2.1,3817176,9652,106158,21088
2021.2.2,3835783,9735,106564,18607
2021.2.3,3852623,9818,108013,16840
2021.2.4,3871825,9936,109335,19202
2021.2.5,3892459,10011,110250,20634
2021.2.6,3911573,10094,111264,19114
2021.2.7,3929835,10182,112092,18262
2021.2.8,3945680,10270,112465,15845
2021.2.9,3959784,10324,112798,14104
2021.2.10,3972148,10427,113850,12364
2021.2.11,3985161,10495,114851,13013
2021.2.12,3998655,10600,115529,13494
2021.2.13,4013799,10655,116287,15144
2021.2.14,4027106,10850,116908,13307
2021.2.15,4038078,10919,117166,10972
2021.2.16,4047843,10959,117396,9765
2021.2.17,4058468,11022,118195,10625
2021.2.18,4071185,11099,118933,12717
2021.2.19,4083242,11160,119387,12057
2021.2.20,4095269,11254,119920,12027
2021.2.21,4105675,11263,120365,10406
2021.2.22,4115509,11311,120580,9834
2021.2.23,4126150,11342,120757,10641
2021.2.24,4134639,11453,121305,8489
2021.2.25,4144577,11493,121747,9938
2021.2.26,4154562,11532,122070,9985
2021.2.27,4163085,11579,122415,8523
2021.2.28,4170519,11602,122705,7434
2021.3.1,4176554,11643,122849,6035
2021.3.2,4182009,11646,122953,5455
2021.3.3,4188400,11662,123296,6391
2021.3.4,4194785,11744,123783,6385
2021.3.5,4201358,11795,124025,6573
2021.3.6,4207304,11834,124261,5946
2021.3.7,4213343,11849,124419,6039
2021.3.8,4218520,11851,124501,5177
2021.3.9,4223232,11853,124566,4712
2021.3.10,4228998,11865,124797,5766
2021.3.11,4234924,11926,124987,5926
2021.3.12,4241677,11944,125168,6753
2021.3.13,4248286,11949,125343,6609
2021.3.14,4253820,11949,125464,5534
2021.3.15,4258438,11972,125516,4618
2021.3.16,4263527,11997,125580,5089
2021.3.17,4268821,12013,125690,5294
2021.3.18,4274579,12053,125831,5758
2021.3.19,4280882,12095,125926,6303
2021.3.20,4285684,12130,126026,4802
2021.3.21,4291271,12167,126122,5587
2021.3.22,4296583,12176,126155,5312
2021.3.23,4301925,12225,126172,5342
2021.3.24,4307304,12383,126284,5379
2021.3.25,4312908,12397,126382,5604
2021.3.26,4319128,12567,126445,6220
2021.3.27,4325315,12582,126515,6187
2021.3.28,4321245,12717,126573,3865
2021.3.29,4325100,12774,126592,3862
2021.3.30,4329745,12776,126615,4654
2021.3.31,4333778,12930,126670,4040
2021.4.1,4337823,13074,126713,4052
2021.4.2,4342293,13090,126764,4478
2021.4.3,4345689,13190,126816,3402
2021.4.4,4349106,13238,126826,3423
2021.4.5,4351399,13254,126836,2297
2021.4.6,4354156,13296,126862,2762
2021.4.7,4356530,13350,126882,2379
2021.4.8,4359288,13391,126927,2762
2021.4.9,4362311,13435,126980,3030
2021.4.10,4365461,13467,127040,2589
2021.4.11,4368045,13494,127080,2584
2021.4.12,4369775,13494,127087,1730
2021.4.13,4373343,13608,127100,3568
2021.4.14,4375814,13660,127123,2471
2021.4.15,4378305,13675,127161,2491
2021.4.16,4380976,13854,127191,2671
2021.4.17,4383572,13940,127225,2596
2021.4.18,4385938,13983,127260,2366
2021.4.19,4387820,13987,127270,1882
2021.4.20,4390783,14040,127274,2963
2021.4.21,4393307,14054,127307,2524
