date,累计确诊,治愈,死亡,新增确诊
2020.2.28,2,0,0,2
2020.2.29,4,0,0,2
2020.3.1,10,0,0,6
2020.3.2,10,0,0,0
2020.3.3,24,0,0,14
2020.3.4,38,0,0,14
2020.3.5,82,0,0,44
2020.3.6,82,0,1,0
2020.3.7,188,0,1,106
2020.3.8,265,0,3,77
2020.3.9,321,0,3,56
2020.3.10,382,0,4,61
2020.3.11,503,0,5,121
2020.3.12,614,0,5,111
2020.3.14,959,0,12,155
2020.3.15,1135,0,20,17
2020.3.16,1413,0,24,278
2020.3.17,1705,0,43,292
2020.3.18,2051,2,58,346
2020.3.19,2460,2,76,409
2020.3.20,2994,2,106,534
2020.3.21,3631,2,136,637
2020.3.22,4204,2,179,573
2020.3.24,5560,2,276,811
2020.3.25,6412,3,356,852
2020.3.26,7431,3,434,1019
2020.3.27,8642,6,547,1172
2020.3.28,9762,6,639,1159
2020.3.29,10866,253,771,1104
2020.3.30,11817,253,865,884
2020.3.31,12667,253,1040,845
2020.4.1,13696,260,1175,1019
2020.4.2,14784,260,1341,1083
2020.4.3,15821,260,1490,1026
2020.4.4,16727,262,1656,1026
2020.4.5,18803,262,1867,952
2020.4.6,18926,262,1874,952
2020.4.7,19709,272,2108,777
2020.4.8,20682,272,2255,969
2020.4.9,21903,278,2403,1213
2020.4.10,23249,287,2520,152
2020.4.11,24413,287,2643,1316
2020.4.12,25746,295,2747,159
2020.4.13,26710,295,2833,964
2020.4.14,27580,295,2945,161
2020.4.15,28153,297,3134,734
2020.4.16,30449,311,3459,1235
2020.4.17,31589,311,3601,1140
2020.4.18,32655,317,3684,1066
2020.4.19,32838,322,3697,750
2020.4.20,33588,322,3764,183
2020.4.21,34318,322,3929,184
2020.4.22,35729,322,4177,887
2020.4.23,35921,322,4192,806
2020.4.24,37190,322,4409,655
2020.4.25,37845,322,4475,655
2020.4.26,38245,322,4518,400
2020.4.27,38416,322,4566,171
2020.4.28,38802,322,4711,386
2020.4.29,39316,322,4795,514
2020.4.30,39791,322,4893,475
2020.5.1,40236,322,4987,445
2020.5.2,40571,322,5056,335
2020.5.3,40770,322,5082,199
2020.5.4,41087,322,5168,317
2020.5.5,41319,322,5204,232
2020.5.6,41774,322,5288,455
2020.5.7,42093,322,5359,319
2020.5.8,42382,322,5422,289
2020.5.9,42627,322,5440,245
2020.5.10,42788,322,5456,161
2020.5.11,42984,322,5510,196
2020.5.12,43211,322,5562,277
2020.5.13,43481,322,5590,270
2020.5.14,43681,322,5643,200
2020.5.15,43870,322,5670,189
2020.5.16,43995,322,5680,125
2020.5.17,44141,322,5694,146
2020.5.18,44141,322,5694,0
2020.5.19,44249,322,5715,108
2020.5.20,44447,322,5748,198
2020.5.21,44700,322,5775,253
2020.5.22,44888,322,5788,188
2020.5.23,45064,322,5811,176
2020.5.24,45236,322,5822,172
2020.5.25,45445,322,5830,209
2020.5.26,45578,322,5856,133
2020.5.27,45768,322,5871,190
2020.5.28,45950,322,5903,182
2020.5.29,46126,322,5931,176
2020.5.30,46257,322,5951,131
2020.5.31,46442,322,5956,185
2020.6.1,46545,322,5962,103
2020.6.2,46647,322,5967,102
2020.6.3,46733,322,5977,86
2020.6.4,46942,322,5990,209
2020.6.5,47152,322,6005,210
2020.6.6,47335,322,6011,183
2020.6.7,47574,322,6013,239
2020.6.8,47739,322,6016,165
2020.6.9,47903,322,6031,164
2020.6.10,48087,322,6042,184
2020.6.11,48251,322,6044,164
2020.6.12,48461,322,6053,210
2020.6.13,48640,322,6057,179
2020.6.14,48783,322,6059,143
2020.6.15,48948,322,6065,165
2020.6.16,49087,322,6070,139
2020.6.17,49204,322,6074,117
2020.6.18,49319,322,6078,115
2020.6.19,49426,322,6081,107
2020.6.20,49502,322,6089,76
2020.6.21,49593,322,6090,91
2020.6.22,49658,322,6090,65
2020.6.23,49722,322,6095,64
2020.6.24,49804,322,6097,82
2020.6.25,49914,322,6100,110
2020.6.26,50005,322,6103,91
2020.6.27,50074,322,6105,69
2020.6.28,50147,322,6105,73
2020.6.29,50223,322,6107,76
2020.6.30,50273,322,6113,50
2020.7.1,50273,322,6113,0
2020.7.2,50335,322,6113,62
2020.7.3,50335,322,6113,0
2020.7.4,50335,322,6113,0
2020.7.5,50335,322,6113,0
2020.7.6,50621,322,6127,286
2020.7.7,50694,322,6132,73
2020.7.8,50746,322,6135,52
2020.7.9,50798,322,6137,52
2020.7.10,50840,322,6136,42
2020.7.11,50921,322,6137,81
2020.7.12,51022,322,6137,101
2020.7.13,51093,322,6137,71
2020.7.14,51146,322,6135,53
2020.7.15,51252,322,6136,106
2020.7.16,51351,322,6137,99
2020.7.17,51454,322,6138,103
2020.7.18,51581,322,6136,127
2020.7.19,51725,322,6136,144
2020.7.20,51910,322,6136,185
2020.7.21,52073,322,6136,163
2020.7.22,52242,322,6139,169
2020.7.23,52404,322,6139,162
2020.7.24,52595,322,6139,191
2020.7.25,52732,322,6139,137
2020.7.26,52732,322,6139,0
2020.7.27,53151,322,6141,419
2020.7.28,53374,322,6145,223
2020.7.29,53621,322,6147,247
2020.7.30,53963,322,6147,342
2020.7.31,54301,322,6147,338
2020.8.1,54732,322,6148,431
2020.8.2,55098,322,6149,366
2020.8.3,55470,322,6149,372
2020.8.4,55955,322,6150,485
2020.8.5,56381,322,6153,426
2020.8.6,56982,322,6153,601
2020.8.7,57501,322,6154,519
2020.8.8,57987,322,6157,486
2020.8.9,58564,322,6157,577
2020.8.10,59194,322,6157,630
2020.8.11,59973,322,6159,779
2020.8.12,60627,322,6161,654
2020.8.13,61204,322,6165,577
2020.8.14,61840,322,6167,636
2020.8.15,61840,322,6167,0
2020.8.16,63002,322,6172,1162
2020.8.17,63484,322,6172,482
2020.8.18,63973,322,6175,489
2020.8.19,64525,322,6181,552
2020.8.20,65054,322,6191,529
2020.8.21,65589,322,6195,535
2020.8.22,66097,322,6200,508
2020.8.23,66554,322,6200,457
2020.8.24,67128,322,6202,574
2020.8.25,67543,322,6207,415
2020.8.26,68114,322,6215,571
2020.8.27,68624,322,6218,510
2020.8.28,69131,829,6220,507
2020.8.29,69632,964,6224,501
2020.8.30,70140,986,6224,508
2020.8.31,70667,986,6224,527
2020.9.1,71129,1010,6230,462
2020.9.2,71863,1140,6235,734
2020.9.3,72464,1282,6235,601
2020.9.4,73208,1379,6237,744
2020.9.5,73862,1467,6241,654
2020.9.6,74787,1554,6243,925
2020.9.7,75584,1560,6243,797
2020.9.8,76548,1617,6244,964
2020.9.9,77688,1669,6246,1140
2020.9.10,78511,1742,6249,823
2020.9.11,79781,1802,6252,1270
2020.9.12,81012,1900,6253,1231
2020.9.13,82099,2035,6254,1087
2020.9.14,83399,2036,6256,1300
2020.9.15,84778,2061,6258,1379
2020.9.16,86320,2146,6260,1542
2020.9.17,88073,2238,6266,1753
2020.9.18,90047,2310,6273,1974
2020.9.19,91934,2716,6275,1887
2020.9.20,93778,2721,6279,1844
2020.9.21,95995,2840,6281,2217
2020.9.22,98240,2993,6291,2245
2020.9.23,100597,3059,6296,2357
2020.9.24,103141,3143,6312,2544
2020.9.25,105918,3317,6328,2777
2020.9.26,108631,3430,6366,2713
2020.9.27,111626,3516,6374,2995
2020.9.28,114540,3642,6380,2914
2020.9.29,117551,3758,6393,3011
2020.9.30,120845,3919,6406,3294
2020.10.1,124097,4019,6419,3252
2020.10.2,127922,4111,6428,3825
2020.10.3,131889,4207,6449,3967
2020.10.4,135892,4305,6454,4003
2020.10.5,140471,4381,6461,4579
2020.10.6,144999,4492,6482,4528
2020.10.7,149988,4564,6518,4989
2020.10.8,155810,4607,6531,5822
2020.10.9,161781,4697,6544,5971
2020.10.10,168280,4709,6567,6499
2020.10.11,174653,4761,6584,6373
2020.10.12,181498,4783,6596,6845
2020.10.13,188876,4832,6631,7378
2020.10.14,196163,4915,6663,7287
2020.10.15,203954,5010,6692,7791
2020.10.16,211938,5049,6708,7984
2020.10.17,220052,5108,6737,8114
2020.10.18,228234,5184,6751,8182
2020.10.19,236226,5206,6768,7992
2020.10.20,244391,5294,6814,8165
2020.10.21,253134,5327,6873,8743
2020.10.22,262405,5365,6919,9271
2020.10.23,272401,5431,6964,9996
2020.10.24,281052,5517,7019,8651
2020.10.25,291254,5567,7046,10202
2020.10.26,301597,5619,7072,10343
2020.10.27,311889,5648,7142,10292
2020.10.28,319991,5699,7202,8102
2020.10.29,330255,5738,7258,10264
2020.10.30,341374,5804,7345,11119
2020.10.31,351178,5844,7395,9804
2020.11.1,359861,5882,7434,8683
2020.11.2,368147,5908,7463,8286
2020.11.3,375890,5934,7576,7743
2020.11.4,383523,5975,7682,7633
2020.11.5,390488,6007,7769,6965
2020.11.6,397730,6045,7887,7242
2020.11.7,404401,6075,7960,6671
2020.11.8,410065,6123,8004,5664
2020.11.9,414745,6137,8043,4680
2020.11.10,419412,6157,8141,4667
2020.11.11,424819,6185,8215,5407
2020.11.12,430453,6213,8304,5634
2020.11.13,436544,6372,8358,6091
2020.11.14,442458,6386,8443,5914
2020.11.15,447871,6430,8486,5413
2020.11.16,452701,6448,8530,4830
2020.11.17,457003,6488,8616,4302
2020.11.18,461612,6511,8698,4609
2020.11.19,467257,6536,8771,5645
2020.11.20,473190,6566,8822,5933
2020.11.21,479260,6592,8870,6070
2020.11.22,484648,6611,8891,5388
2020.11.23,489818,6642,8945,5170
2020.11.24,493744,6693,9035,3926
2020.11.25,498653,6722,9109,4909
2020.11.26,503123,6763,9184,4470
2020.11.27,508866,6763,9267,5743
2020.11.28,513325,6763,9326,4459
2020.11.29,518910,6921,9349,5585
2020.11.30,523478,6921,9376,4568
2020.12.1,527523,6964,9438,4045
2020.12.2,532444,7017,9504,4921
2020.12.3,538050,7069,9565,5606
2020.12.4,543924,7129,9623,5874
2020.12.5,550445,7203,9662,6521
2020.12.6,557224,7266,9687,6779
2020.12.7,564291,7300,9704,7067
2020.12.8,570437,7342,9775,6146
2020.12.9,576965,7413,9841,6528
2020.12.10,585685,7551,9902,8720
2020.12.11,594523,7651,9966,8838
2020.12.12,603603,7747,10019,9080
2020.12.13,613487,7838,10048,9884
2020.12.14,621944,7872,10082,8457
2020.12.15,628577,7944,10168,6633
2020.12.16,639746,8077,10246,11169
2020.12.17,652525,8152,10321,12779
2020.12.18,652525,8324,10321,0
2020.12.19,664456,8438,10405,11931
2020.12.20,689705,8517,10491,25249
2020.12.21,700873,8589,10519,11168
2020.12.22,710683,8627,10633,9810
2020.12.23,721071,8743,10737,10388
2020.12.24,732570,8802,10826,11499
2020.12.25,744057,8873,10924,11487
2020.12.26,744057,8933,10924,0
2020.12.27,762985,9033,10998,18928
2020.12.28,770400,9090,11042,7415
2020.12.29,777902,9150,11212,7502
2020.12.30,777902,9261,11212,0
2020.12.31,796981,9389,11432,19079
2021.1.1,805164,9585,11529,8183
2021.1.2,813765,9651,11565,8601
2021.1.3,821163,9694,11612,7398
2021.1.4,827726,9919,11675,6563
2021.1.5,827726,10048,11675,0
2021.1.6,841163,10122,11999,13437
2021.1.7,850790,10303,12084,9627
2021.1.8,858914,10376,12171,8124
2021.1.9,866235,10514,12307,7321
2021.1.10,872847,10716,12361,6612
2021.1.11,878263,10952,12411,5416
2021.1.12,883135,11089,12563,4872
2021.1.13,883135,11174,12563,0
2021.1.14,895687,11297,12774,12552
2021.1.15,901696,11528,12868,6009
2021.1.16,906956,11681,12965,5260
2021.1.17,912554,11786,13006,5598
2021.1.18,917308,11893,13056,4754
2021.1.19,921580,11983,13162,4272
2021.1.20,921580,12038,13162,0
2021.1.21,932884,12102,13337,11304
2021.1.22,938628,12155,13422,5744
2021.1.23,944042,12258,13510,5414
2021.1.24,944042,12335,13510,0
2021.1.25,952950,12413,13579,8908
2021.1.26,956867,12510,13665,3917
2021.1.27,961593,12582,13733,4726
2021.1.28,961593,12611,13733,0
2021.1.29,970602,12697,13872,9009
2021.1.30,974775,12789,13959,4173
2021.1.31,978475,12829,13998,3700
2021.2.1,981663,12910,14025,3188
2021.2.2,985224,12974,14108,3561
2021.2.3,989237,13046,14169,4013
2021.2.4,993430,13081,14234,4193
2021.2.5,997751,13156,14294,4321
2021.2.6,1001826,13209,14355,4075
2021.2.7,1001826,13286,14355,0
2021.2.8,1007981,13329,14428,6155
2021.2.9,1009725,13394,14511,1744
2021.2.10,1012908,13444,14590,3183
2021.2.11,1017302,13466,14662,4394
2021.2.12,1021643,13568,14727,4341
2021.2.13,1025837,13626,14793,4194
2021.2.14,1029284,13695,14816,3447
2021.2.15,1029284,13728,14816,0
2021.2.16,1034795,13765,14929,5511
2021.2.17,1038156,13809,15017,3361
2021.2.18,1038156,13848,15017,0
2021.2.19,1047400,13913,15138,9244
2021.2.20,1051965,13974,15200,4565
2021.2.21,1056639,14029,15217,4674
2021.2.22,1060801,14061,15249,4162
2021.2.23,1064598,14117,15343,3797
2021.2.24,1068960,14148,15406,4362
2021.2.25,1073971,14219,15438,5011
2021.2.26,1073971,14286,15438,0
2021.2.27,1084021,14330,15543,10050
2021.2.28,1088690,14378,15563,4669
2021.3.1,1088690,14416,15563,0
2021.3.2,1096433,14484,15649,7743
2021.3.3,1096433,14533,15649,0
2021.3.4,1101430,14580,15697,4997
2021.3.5,1105544,14586,15730,4114
2021.3.6,1115549,14664,15803,10005
2021.3.7,1115549,14687,15803,0
2021.3.8,1123909,14706,15861,8360
2021.3.9,1128202,14713,15917,4293
2021.3.10,1128202,14786,15917,0
2021.3.11,1138796,14829,15998,10594
2021.3.12,1144822,14877,16024,6026
2021.3.13,1151218,14928,16046,6396
2021.3.14,1157192,14954,16069,5974
2021.3.15,1162661,14971,16087,5469
2021.3.16,1162661,15021,16087,0
2021.3.17,1173487,15055,16165,10826
2021.3.18,1179612,15121,16198,6125
2021.3.19,1186987,15156,16244,7375
2021.3.20,1194580,15196,16260,7593
2021.3.21,1201545,15273,16275,6965
2021.3.22,1207806,15312,16290,6261
2021.3.23,1213366,15387,16339,5560
2021.3.24,1220945,15441,16371,7579
2021.3.25,1228647,15530,16397,7702
2021.3.26,1236209,15596,16421,7562
2021.3.27,1245007,15653,16450,8798
2021.3.28,1252437,15779,16465,7430
2021.3.29,1259155,15907,16475,6718
2021.3.30,1264983,15957,16509,5828
2021.3.31,1272616,16102,16538,7633
2021.4.1,1280443,16209,16559,7827
2021.4.2,1287696,16306,16575,7253
2021.4.3,1295324,16446,16606,7628
2021.4.4,1302146,16562,16622,6822
2021.4.5,1307466,16648,16629,5320
2021.4.6,1313007,16841,16649,5541
2021.4.7,1319353,16986,16672,6346
2021.4.8,1327136,17035,16691,7783
2021.4.9,1334771,17253,16731,7635
2021.4.10,1342447,17700,16754,7676
2021.4.11,1350665,18054,16771,8218
2021.4.12,1357340,18230,16791,6675
2021.4.13,1364025,18611,16822,6685
2021.4.14,1369411,19008,16848,5386
2021.4.15,1378145,1150716,16861,8734
2021.4.16,1387043,1156626,16873,8898
2021.4.17,1395328,1162739,16904,8285
2021.4.18,1403833,1170083,16916,8505
2021.4.19,1410950,1177664,16938,7117
2021.4.20,1417772,1184607,16965,6822
