date,累计确诊,治愈,死亡,新增确诊
2020.4.7,93,9,5,15
2020.4.8,103,10,5,10
2020.4.9,103,14,6,10
2020.4.10,118,19,6,1
2020.4.11,124,19,6,6
2020.4.12,137,22,6,12
2020.4.13,149,22,6,12
2020.4.14,149,25,6,12
2020.4.15,164,33,6,5
2020.4.16,177,33,7,13
2020.4.17,190,43,7,13
2020.4.18,201,44,7,11
2020.4.19,218,46,7,17
2020.4.20,225,48,7,7
2020.4.21,237,63,7,12
2020.4.22,250,67,8,13
2020.4.23,261,67,8,11
2020.4.24,274,75,8,13
2020.4.25,298,83,8,24
2020.4.26,323,89,8,25
2020.4.27,345,97,8,22
2020.4.28,377,106,9,32
2020.4.29,395,118,9,18
2020.4.30,424,124,10,29
2020.5.1,446,138,10,22
2020.5.2,490,154,11,22
2020.5.3,555,180,12,65
2020.5.4,587,201,13,32
2020.5.5,633,219,14,46
2020.5.6,695,245,15,62
2020.5.7,742,257,15,47
2020.5.11,998,349,18,40
2020.5.12,1037,374,20,39
2020.5.13,1112,405,20,75
2020.5.15,1265,441,25,98
2020.5.16,1338,462,27,73
2020.5.17,1413,474,30,75
2020.5.18,1413,474,30,0
2020.5.19,1498,502,30,85
2020.5.20,1571,531,31,73
2020.5.21,1640,540,32,69
2020.5.22,1725,562,33,85
2020.5.23,1819,570,33,94
2020.5.24,1915,594,35,96
2020.5.25,1983,698,35,68
2020.5.26,2042,787,36,59
2020.5.27,2109,873,37,67
2020.5.28,2194,1002,39,85
2020.5.29,2278,1015,42,84
2020.5.30,2395,1026,44,117
2020.5.31,2517,1040,46,122
2020.6.1,2582,1063,46,65
2020.6.2,2653,1116,46,71
2020.6.3,2705,1179,49,52
2020.6.4,2781,1208,51,76
2020.6.5,2849,1249,53,68
2020.6.6,2934,1281,53,85
2020.6.7,3015,1305,53,81
2020.6.8,3104,1361,55,89
2020.6.9,3191,1413,58,87
2020.6.10,3274,1438,60,83
2020.6.11,3373,1497,64,99
2020.6.12,3481,1587,68,108
2020.6.13,3603,1738,72,122
2020.6.14,3720,1837,72,117
2020.6.15,3826,1912,74,106
2020.6.16,3941,2041,76,115
2020.6.17,4066,2137,78,125
2020.6.18,4200,2235,82,134
2020.6.19,4329,2310,86,129
2020.6.20,4475,2449,93,146
2020.6.21,4626,2535,98,151
2020.6.22,4808,2655,107,182
2020.6.23,4973,2814,113,165
2020.6.24,5150,2924,119,177
2020.6.25,5336,3116,126,186
2020.6.26,5517,3291,133,181
2020.6.27,5727,3447,143,210
2020.6.28,5934,3557,152,207
2020.6.29,6173,3648,164,239
2020.6.30,6438,3770,174,265
2020.7.1,6736,3964,182,298
2020.7.2,7000,4115,191,264
2020.7.3,7267,4268,202,267
2020.7.4,7507,4434,210,240
2020.7.5,7777,4573,217,270
2020.7.6,8027,4730,223,250
2020.7.7,8307,4929,229,280
2020.7.8,8566,5133,235,259
2020.7.9,8844,5289,243,278
2020.7.10,9142,5428,249,298
2020.7.11,9391,5516,254,249
2020.7.12,9674,5634,260,283
2020.7.13,9978,5732,267,304
2020.7.14,10303,5919,278,325
2020.7.15,10645,6120,286,342
2020.7.16,10957,6257,298,312
2020.7.17,11207,6422,309,250
2020.7.18,11508,6560,324,301
2020.7.19,11846,6705,335,338
2020.7.20,12207,6831,344,361
2020.7.21,12582,6965,352,375
2020.7.22,12975,7119,363,393
2020.7.23,13377,7276,372,402
2020.7.24,13792,7415,379,415
2020.7.25,14221,7549,390,429
2020.7.26,14630,7648,400,409
2020.7.27,15035,7778,408,405
2020.7.28,15446,7903,417,411
2020.7.29,15841,8071,430,395
2020.7.30,16230,8206,439,389
2020.7.31,16632,8362,448,402
2020.8.1,17050,8495,459,418
2020.8.2,17448,8634,467,398
2020.8.3,17843,8809,477,395
2020.8.4,17843,8845,486,0
2020.8.5,18701,9111,498,858
2020.8.6,19126,9236,513,425
2020.8.7,19544,9379,520,418
2020.8.8,19978,9515,536,434
2020.8.9,20423,9626,549,445
2020.8.10,20872,9720,563,449
2020.8.11,21269,9875,570,397
2020.8.12,21644,10056,577,375
2020.8.13,21993,10254,584,349
2020.8.14,22314,10455,595,321
2020.8.15,22619,10618,603,305
2020.8.16,22912,10807,612,293
2020.8.17,22912,10814,618,0
2020.8.18,23462,11179,625,550
2020.8.19,23717,11388,633,255
2020.8.20,23964,11558,640,247
2020.8.21,24200,11781,646,236
2020.8.22,24420,12021,654,220
2020.8.23,24622,12246,661,202
2020.8.24,24811,12492,669,189
2020.8.25,24986,12717,678,175
2020.8.26,25140,13046,687,154
2020.8.27,25284,13291,694,144
2020.8.28,25415,13570,702,131
2020.8.29,25537,13799,708,122
2020.8.30,25635,14013,713,98
2020.8.31,25729,14292,717,94
2020.9.1,25820,14570,724,91
2020.9.2,25904,14879,731,84
2020.9.3,26000,15119,739,96
2020.9.4,26099,15347,744,99
2020.9.5,26206,15587,752,107
2020.9.6,26308,15815,759,102
2020.9.7,26413,16137,764,105
2020.9.8,26511,16462,765,98
2020.9.9,26602,16786,770,91
2020.9.10,26688,17106,774,86
2020.9.11,26773,17433,777,85
2020.9.12,26851,17874,782,78
2020.9.13,26928,18397,785,77
2020.9.14,27009,18924,788,81
2020.9.15,27088,19450,792,79
2020.9.16,27163,19960,796,75
2020.9.17,27249,20392,801,86
2020.9.18,27346,20825,804,97
2020.9.19,27428,21247,808,82
2020.9.20,27553,21561,811,125
2020.9.21,27798,21782,812,245
2020.9.22,27798,21795,814,0
2020.9.23,27954,22113,819,156
2020.9.24,28201,22326,823,247
2020.9.25,28415,22643,823,214
2020.9.26,28415,22643,826,0
2020.9.27,28630,22879,826,215
2020.9.28,28809,23317,831,179
2020.9.29,28981,23685,839,172
2020.9.30,29077,23813,843,96
2020.10.1,29175,23930,848,98
2020.10.2,29175,23930,848,0
2020.10.3,29358,24175,857,183
2020.10.4,29450,24296,863,92
2020.10.5,29539,24406,865,89
2020.10.6,29634,24525,869,95
2020.10.7,29737,24643,873,103
2020.10.8,29842,24770,877,105
2020.10.9,29951,24995,881,109
2020.10.10,29951,24995,887,0
2020.10.11,30196,25438,890,245
2020.10.12,30196,25438,894,0
2020.10.13,30480,25857,899,284
2020.10.14,30766,26087,904,286
2020.10.15,31061,26311,908,295
2020.10.16,31265,26542,912,204
2020.10.17,31456,26769,917,191
2020.10.18,31666,27000,922,210
2020.10.19,31666,27000,926,0
2020.10.20,31975,27453,929,309
2020.10.21,32120,27670,933,145
2020.10.22,32262,27904,936,142
2020.10.23,32421,28127,940,159
2020.10.24,32585,28258,944,164
2020.10.25,32585,28258,949,0
2020.10.26,32925,28582,953,340
2020.10.27,32925,28582,953,0
2020.10.28,32925,28582,957,0
2020.10.29,33445,29186,967,520
2020.10.30,33445,29186,971,0
2020.10.31,33445,29186,975,0
2020.11.1,34015,29788,979,570
2020.11.2,34015,29788,983,0
2020.11.3,34015,29788,987,0
2020.11.4,34015,29788,992,0
2020.11.5,34782,30707,997,767
2020.11.6,34966,30941,1002,184
2020.11.7,35145,31172,1006,179
2020.11.8,35145,31172,1010,0
2020.11.9,35145,31172,1014,0
2020.11.10,35145,31172,1020,0
2020.11.11,35145,31172,1024,0
2020.11.12,36030,32246,1028,885
2020.11.13,36195,32487,1033,165
2020.11.14,36358,32721,1039,163
2020.11.15,36358,32721,1044,0
2020.11.16,36669,33064,1047,311
2020.11.17,36669,33064,1052,0
2020.11.18,36669,33064,1056,0
2020.11.19,36965,33517,1061,296
2020.11.20,37250,33984,1064,285
2020.11.21,37250,33984,1070,0
2020.11.22,37562,34297,1075,312
2020.11.23,37562,34297,1081,0
2020.11.24,37884,34595,1086,322
2020.11.25,37884,34595,1086,0
2020.11.26,37884,34595,1098,0
2020.11.27,38405,35078,1102,521
2020.11.28,38405,35078,1107,0
2020.11.29,38405,35078,1111,0
2020.11.30,39130,35839,1120,725
2020.12.1,39130,35839,1120,0
2020.12.2,39130,35839,1129,0
2020.12.3,39130,35839,1134,0
2020.12.4,39718,36286,1142,588
2020.12.5,39718,36286,1153,0
2020.12.6,40131,36525,1159,413
2020.12.7,40131,36525,1164,0
2020.12.8,40345,36735,1168,214
2020.12.9,40741,37172,1174,396
2020.12.10,40741,37172,1180,0
2020.12.11,40741,37172,1186,0
2020.12.12,41163,37471,1193,422
2020.12.13,41394,37667,1200,231
2020.12.14,41880,38087,1205,486
2020.12.15,42132,38260,1212,252
2020.12.16,42397,38481,1219,265
2020.12.17,42397,38481,1227,0
2020.12.18,42397,38481,1234,0
2020.12.19,43195,39016,1242,798
2020.12.20,43477,39142,1242,282
2020.12.21,43772,39362,1257,295
2020.12.22,43772,39362,1265,0
2020.12.23,43772,39362,1274,0
2020.12.24,43772,39362,1283,0
2020.12.25,44619,39989,1289,847
2020.12.26,44619,39989,1297,0
2020.12.27,44619,39989,1313,0
2020.12.28,45415,40662,1313,796
2020.12.29,45415,40662,1313,0
2020.12.30,45960,41112,1327,545
2020.12.31,45960,41112,1336,0
2021.1.1,45960,41112,1336,0
2021.1.2,46242,41338,1351,282
2021.1.3,46803,41787,1358,561
2021.1.4,47087,42004,1364,284
2021.1.5,47355,42225,1373,268
2021.1.6,47355,42225,1373,0
2021.1.7,47948,42668,1390,593
2021.1.8,48255,42902,1398,307
2021.1.9,48574,43134,1408,319
2021.1.10,48905,43356,1419,331
2021.1.11,48905,43356,1428,0
2021.1.12,48905,43356,1437,0
2021.1.13,49539,43810,1447,634
2021.1.14,50157,44304,1459,618
2021.1.15,50157,44304,1469,0
2021.1.16,50157,44304,1479,0
2021.1.17,50784,44777,1487,627
2021.1.18,51437,45223,1498,653
2021.1.19,51437,45223,1509,0
2021.1.20,51437,45223,1521,0
2021.1.21,51437,45223,1530,0
2021.1.22,52672,46370,1540,1235
2021.1.23,52672,46370,1540,0
2021.1.24,53218,46845,1561,546
2021.1.25,53218,46845,1572,0
2021.1.26,53479,47073,1583,261
2021.1.27,53989,47643,1589,510
2021.1.28,53989,47643,1599,0
2021.1.29,53989,47643,1604,0
2021.1.30,53989,47643,1614,0
2021.1.31,54966,48711,1623,977
2021.2.1,55195,49037,1632,229
2021.2.2,55195,49037,1638,0
2021.2.3,55623,49598,1646,428
2021.2.4,55821,49944,1653,198
2021.2.5,56025,50189,1662,204
2021.2.6,56237,50431,1673,212
2021.2.7,56237,50431,1681,0
2021.2.8,56653,50999,1692,416
2021.2.9,56653,50999,1701,0
2021.2.10,56653,50999,1709,0
2021.2.11,56653,50999,1719,0
2021.2.12,56653,50999,1727,0
2021.2.13,57428,51983,1727,775
2021.2.14,57428,51983,1734,0
2021.2.15,57428,51983,1742,0
2021.2.16,58023,52688,1758,595
2021.2.17,58023,52688,1767,0
2021.2.18,58023,52688,1767,0
2021.2.19,58546,53385,1785,523
2021.2.20,58546,53385,1792,0
2021.2.21,58546,53385,1799,0
2021.2.22,58546,53385,1807,0
2021.2.23,59235,54324,1815,689
2021.2.24,59235,54324,1815,0
2021.2.25,59235,54324,1832,0
2021.2.26,59866,55312,1841,631
2021.2.27,59866,55312,1841,0
2021.2.28,59866,55312,1854,0
2021.3.1,59866,55312,1861,0
2021.3.2,59866,55312,1869,0
2021.3.3,60491,56339,1878,625
2021.3.4,60491,56339,1887,0
2021.3.5,60800,56807,1894,309
2021.3.6,60800,56807,1894,0
2021.3.7,60800,56807,1894,0
2021.3.8,60800,56807,1915,0
2021.3.9,60800,56807,1923,0
2021.3.10,61539,57958,1929,739
2021.3.11,61814,58440,1935,275
2021.3.12,61947,58666,1940,133
2021.3.13,61947,58666,1945,0
2021.3.14,62086,58895,1950,139
2021.3.15,62377,59339,1954,291
2021.3.16,62531,59576,1958,154
2021.3.17,62531,59576,1962,0
2021.3.18,62531,59576,1962,0
2021.3.19,62531,59576,1971,0
2021.3.20,62531,59576,1975,0
2021.3.21,63344,60681,1979,813
2021.3.22,63344,60681,1983,0
2021.3.23,63344,60681,1986,0
2021.3.24,63766,61009,1990,422
2021.3.25,63766,61009,1990,0
2021.3.26,63766,61009,1996,0
2021.3.27,63766,61009,1998,0
2021.3.28,63766,61009,1998,0
2021.3.29,63766,61009,2003,0
2021.3.30,64431,61640,2006,665
2021.3.31,64431,61640,2006,0
2021.4.1,64431,61640,2006,0
2021.4.2,64431,61640,2017,0
2021.4.3,64431,61640,2021,0
2021.4.4,64431,61640,2025,0
2021.4.5,64431,61640,2030,0
2021.4.6,65491,62340,2030,1060
2021.4.7,65491,62340,2037,0
2021.4.8,65491,62340,2040,0
2021.4.9,65491,62340,2044,0
2021.4.10,65491,62340,2048,0
2021.4.11,66489,62958,2051,998
2021.4.12,66489,62958,2054,0
2021.4.13,66657,63072,2054,168
2021.4.14,66816,63196,2057,159
2021.4.15,66956,63345,2060,140
2021.4.16,67099,63471,2068,143
2021.4.17,67404,63685,2072,305
2021.4.18,67557,63787,2075,153
2021.4.19,67557,63787,2078,0
2021.4.20,67557,63787,2082,0
