date,累计确诊,治愈,死亡,新增确诊
2020.4.7,13141,196,380,699
2020.4.8,13956,205,409,409
2020.4.9,13956,205,409,815
2020.4.10,15472,233,435,1516
2020.4.11,15987,266,470,515
2020.4.12,16585,277,504,598
2020.4.13,16934,277,535,349
2020.4.14,18091,383,599,643
2020.4.15,18841,493,629,750
2020.4.16,19022,519,657,181
2020.4.17,19685,610,687,663
2020.4.18,20206,610,714,521
2020.4.19,20863,610,735,657
2020.4.20,21379,917,762,516
2020.4.21,21982,1143,785,603
2020.4.22,22353,1201,820,371
2020.4.23,22797,1228,854,444
2020.4.24,23294,1277,880,497
2020.4.25,23688,1329,903,394
2020.4.26,23824,1357,928,136
2020.4.27,24070,1389,948,246
2020.4.28,24223,1470,973,153
2020.4.29,24674,1519,989,451
2020.4.30,24987,1647,1007,313
2020.5.1,25190,1671,1023,203
2020.5.2,25282,1689,1043,92
2020.5.3,25524,1712,1063,242
2020.5.4,25702,1743,1074,178
2020.5.5,26182,2076,1089,480
2020.5.6,26715,2258,1105,533
2020.5.7,27268,2422,1114,553
2020.5.8,27406,2499,1126,138
2020.5.9,27581,2549,1135,175
2020.5.10,27679,2549,1144,98
2020.5.11,27913,3013,1163,234
2020.5.12,28132,3182,1175,21
2020.5.13,28319,3198,1184,187
2020.5.14,28583,3328,1190,264
2020.5.15,28810,3822,1203,227
2020.5.16,29036,4636,1218,226
2020.5.17,29209,6430,1231,173
2020.5.18,29209,6430,1231,0
2020.5.19,29432,6431,1247,223
2020.5.20,29660,6452,1263,228
2020.5.21,29912,6452,1277,252
2020.5.22,30200,7590,1289,288
2020.5.23,30471,7705,1302,271
2020.5.24,30623,17549,1316,152
2020.5.25,30788,17822,1330,165
2020.5.26,31007,18096,1342,219
2020.5.27,31292,18349,1356,285
2020.5.28,31596,18637,1369,304
2020.5.29,31946,18911,1383,350
2020.5.30,32203,19186,1396,257
2020.5.31,32500,19409,1410,297
2020.6.1,32700,19552,1424,200
2020.6.2,32895,19869,1436,195
2020.6.3,33261,20079,1447,366
2020.6.4,33592,20323,1455,331
2020.6.5,33969,20526,1465,377
2020.6.6,33969,20526,1465,0
2020.6.7,34693,20995,1479,724
2020.6.8,34885,21156,1485,192
2020.6.9,35306,21339,1492,421
2020.6.10,35600,21742,1497,294
2020.6.11,35910,22002,1504,310
2020.6.12,36180,22200,1505,270
2020.6.13,36463,22438,1512,283
2020.6.14,36690,22669,1517,227
2020.6.15,37036,22852,1520,346
2020.6.16,37336,23212,1522,300
2020.6.17,37672,23580,1523,336
2020.6.18,38089,24010,1524,417
2020.6.19,38464,24477,1527,375
2020.6.20,38841,24906,1528,377
2020.6.21,39133,25376,1530,292
2020.6.22,39392,25548,1534,259
2020.6.23,39737,25829,1540,345
2020.6.24,40104,26083,1543,367
2020.6.25,40415,26382,1549,311
2020.6.26,40866,26633,1555,451
2020.6.27,41189,26864,1561,323
2020.6.28,41646,27066,1564,457
2020.6.29,41912,27205,1568,266
2020.6.30,42141,27505,1576,229
2020.7.1,42454,27798,1579,313
2020.7.2,42782,28097,1587,328
2020.7.3,42782,28097,1587,0
2020.7.4,43569,28772,1605,787
2020.7.5,43897,29017,1614,328
2020.7.6,44129,29166,1620,232
2020.7.7,44416,29445,1629,287
2020.7.8,44859,29714,1631,443
2020.7.9,45277,30049,1644,418
2020.7.10,45679,30350,1646,402
2020.7.11,46221,30655,1654,542
2020.7.12,46221,30655,1654,0
2020.7.13,46818,31065,1662,597
2020.7.14,47051,31550,1668,233
2020.7.15,47426,32110,1676,375
2020.7.16,47765,32476,1679,339
2020.7.17,48077,32790,1682,312
2020.7.18,48390,33153,1684,313
2020.7.19,48636,33369,1689,246
2020.7.20,48771,33547,1691,135
2020.7.21,48898,33769,1697,127
2020.7.22,49150,33999,1702,252
2020.7.23,49379,34369,1705,229
2020.7.24,49692,34687,1712,313
2020.7.25,49955,35010,1716,263
2020.7.26,50164,35217,1717,209
2020.7.27,50299,35375,1719,135
2020.7.28,50410,35626,1722,111
2020.7.29,50410,35626,1722,0
2020.7.30,50868,36140,1727,458
2020.7.31,51072,36483,1735,204
2020.8.1,51310,36783,1737,238
2020.8.2,51463,36984,1738,153
2020.8.3,51569,37111,1738,106
2020.8.4,51681,37318,1739,112
2020.8.5,51848,37565,1740,167
2020.8.6,52061,37840,1743,213
2020.8.7,52351,38087,1746,290
2020.8.8,52537,38364,1750,186
2020.8.9,52668,38511,1756,131
2020.8.10,52825,38600,1759,157
2020.8.11,52945,38760,1761,120
2020.8.12,53223,38940,1764,278
2020.8.13,53548,38940,1770,325
2020.8.14,53783,39374,1772,235
2020.8.15,53783,39374,1772,0
2020.8.16,54102,39697,1778,319
2020.8.17,54234,39800,1779,132
2020.8.18,54448,39936,1784,214
2020.8.19,54701,40129,1786,253
2020.8.20,54992,40264,1788,291
2020.8.21,55211,40473,1792,219
2020.8.22,55452,40652,1794,241
2020.8.23,55597,40774,1796,145
2020.8.24,55720,40880,1801,123
2020.8.25,55912,41021,1805,192
2020.8.26,56274,41184,1807,362
2020.8.27,56673,41357,1809,399
2020.8.28,57074,41556,1815,401
2020.8.29,57448,41766,1818,374
2020.8.30,57768,41885,1819,320
2020.8.31,58012,41961,1822,244
2020.9.1,58243,42104,1824,231
2020.9.2,58633,42233,1827,390
2020.9.3,59051,42427,1829,418
2020.9.4,59457,42576,1833,406
2020.9.5,59943,42793,1838,486
2020.9.6,60258,42953,1840,315
2020.9.7,60507,43016,1843,249
2020.9.8,60895,43146,1846,388
2020.9.9,61541,43284,1849,646
2020.9.10,62126,43441,1852,585
2020.9.11,62813,43644,1855,687
2020.9.12,63310,43894,1860,497
2020.9.13,63983,44069,1867,673
2020.9.14,64596,44185,1871,613
2020.9.15,65021,44362,1875,425
2020.9.16,65626,44528,1878,605
2020.9.17,66396,44794,1888,770
2020.9.18,67176,45053,1894,780
2020.9.19,68025,45404,1899,849
2020.9.20,68577,45596,1912,552
2020.9.21,69200,45736,1920,623
2020.9.22,69663,45974,1925,463
2020.9.23,70465,46290,1928,802
2020.9.24,71156,46676,1931,691
2020.9.25,72055,47003,1936,899
2020.9.26,72939,47380,1944,884
2020.9.27,73604,47647,1953,665
2020.9.28,74029,47884,1957,425
2020.9.29,74717,48193,1963,688
2020.9.30,75542,48530,1971,825
2020.10.1,76396,48937,1977,854
2020.10.2,77284,49359,1983,888
2020.10.3,78247,49845,1995,963
2020.10.4,79151,50207,2005,904
2020.10.5,79885,50454,2018,734
2020.10.6,80312,50712,2032,427
2020.10.7,81256,51037,2040,944
2020.10.8,82534,51517,2050,1278
2020.10.9,83928,52164,2062,1394
2020.10.10,85574,52803,2067,1646
2020.10.11,86664,53187,2080,1090
2020.10.12,87913,53498,2094,1249
2020.10.13,89121,54047,2110,1208
2020.10.14,91193,54493,2117,2072
2020.10.15,93294,55081,2128,2101
2020.10.16,95902,56066,2149,2608
2020.10.17,98055,57919,2162,2153
2020.10.18,99911,59000,2181,1856
2020.10.19,101860,59966,2198,1949
2020.10.20,103736,61898,2213,1876
2020.10.21,106271,63238,2229,2535
2020.10.22,109541,64531,2245,3270
2020.10.23,112440,65880,2276,2899
2020.10.24,116109,67842,2297,3669
2020.10.25,116109,67842,2297,0
2020.10.26,121133,69956,2343,5024
2020.10.27,124432,72344,2371,3299
2020.10.28,128392,74001,2395,3960
2020.10.29,132616,75702,2428,4224
2020.10.30,137272,77449,2468,4656
2020.10.31,141279,80280,2507,4007
2020.11.1,144341,81771,2544,3062
2020.11.2,146847,83294,2590,2506
2020.11.3,149443,86589,2635,2596
2020.11.4,156940,88946,2694,7497
2020.11.5,161350,91453,2740,4410
2020.11.6,166900,93754,2792,5550
2020.11.7,173540,97747,2848,6640
2020.11.8,179324,99781,2896,5784
2020.11.9,183420,102083,2959,4096
2020.11.10,187237,106878,3021,3817
2020.11.11,192172,110353,3103,4935
2020.11.12,192172,110353,3103,0
2020.11.13,204664,117382,3250,12492
2020.11.14,204664,117382,3250,0
2020.11.15,217301,125066,3381,12637
2020.11.16,217301,125066,3381,0
2020.11.17,225672,142155,3472,8371
2020.11.18,230124,149445,3553,4452
2020.11.19,236015,153702,3632,5891
2020.11.20,249498,163000,3762,13483
2020.11.21,255970,169379,3824,6472
2020.11.22,260758,172919,3897,4788
2020.11.23,264802,176827,3971,4044
2020.11.24,268721,184233,4056,3919
2020.11.25,274011,189356,4127,5290
2020.11.26,280394,193944,4209,6383
2020.11.27,280394,193944,4209,0
2020.11.28,280394,193944,4209,0
2020.11.29,280394,193944,4209,0
2020.11.30,298061,212942,4505,3262
2020.12.1,300462,220877,4577,2401
2020.12.2,303846,223446,4645,3384
2020.12.3,303846,223446,4645,0
2020.12.4,312553,234038,4803,8707
2020.12.5,318640,240203,4876,6087
2020.12.6,322474,243055,4963,3834
2020.12.7,322474,243055,4963,0
2020.12.8,327976,252428,5122,5502
2020.12.9,332073,254700,5192,4097
2020.12.10,335207,259548,5278,3134
2020.12.11,340287,263648,5373,5080
2020.12.12,340287,263648,5373,0
2020.12.13,348744,271322,5559,8457
2020.12.14,350938,274277,5649,2194
2020.12.15,353576,280038,5733,2638
2020.12.16,358296,283719,5815,4720
2020.12.17,362616,287028,5902,4320
2020.12.18,366952,290690,5977,4336
2020.12.19,370787,294814,6063,3835
2020.12.20,374121,297233,6134,3334
2020.12.21,376220,299603,6191,2099
2020.12.22,378656,304825,6254,2436
2020.12.23,383258,308446,6343,4602
2020.12.24,387636,312533,6413,4378
2020.12.25,387636,312533,6413,0
2020.12.26,392996,316671,6556,5360
2020.12.27,394573,319746,6619,1577
2020.12.28,396666,321682,6677,2093
2020.12.29,400002,327794,6751,3336
2020.12.30,406051,331016,6830,6049
2020.12.31,413678,334276,6906,7627
2021.1.1,413678,334276,6906,0
2021.1.2,423870,340150,7045,10192
2021.1.3,427254,342535,7118,3384
2021.1.4,431623,344419,7196,4369
2021.1.5,436579,349110,7286,4956
2021.1.6,446606,352225,7377,10027
2021.1.7,456533,355701,7472,9927
2021.1.8,466709,360181,7590,10176
2021.1.9,476187,366080,7701,9478
2021.1.10,483689,369108,7803,7502
2021.1.11,489293,372056,7925,5604
2021.1.12,489293,372056,7925,0
2021.1.13,507108,382544,8236,17815
2021.1.14,517806,387607,8384,10698
2021.1.15,528469,394065,8543,10663
2021.1.16,539416,402542,8709,10947
2021.1.17,549801,406929,8861,10385
2021.1.18,556503,411589,9028,6702
2021.1.19,566958,421871,9246,10455
2021.1.20,581605,428364,9465,14647
2021.1.21,595149,434237,9686,13544
2021.1.22,609136,441556,9920,13987
2021.1.23,624469,451324,10194,15333
2021.1.24,624469,451324,10194,0
2021.1.25,643113,461757,10721,18644
2021.1.26,653878,475485,11012,10765
2021.1.27,668951,484753,11305,15073
2021.1.28,685383,493699,11608,16432
2021.1.29,698583,504886,11886,13200
2021.1.30,711018,518900,12179,12435
2021.1.31,720516,526411,12482,9498
2021.2.1,726321,534384,12757,5805
2021.2.2,731861,551956,13017,5540
2021.2.3,740944,563174,13257,9083
2021.2.4,748858,573934,13482,7914
2021.2.5,755774,585276,13740,6916
2021.2.6,761906,599593,13954,6132
2021.2.7,765414,606166,14158,3508
2021.2.8,767919,612921,14354,2505
2021.2.9,770502,628078,14557,2583
2021.2.10,774889,636859,14718,4387
2021.2.11,778369,645122,14885,3480
2021.2.12,781223,652739,15034,2854
2021.2.13,784079,661525,15183,2856
2021.2.14,785756,665316,15321,1677
2021.2.15,787059,668854,15411,1303
2021.2.16,788561,677719,15522,1502
2021.2.17,790885,683061,15649,2324
2021.2.18,792829,687462,15754,1944
2021.2.19,794769,691866,15821,1940
2021.2.20,796339,696916,15897,1570
2021.2.21,797525,699222,15962,1186
2021.2.22,798074,701409,16023,549
2021.2.23,799106,705976,16086,1032
2021.2.24,800586,709054,16136,1480
2021.2.25,801746,711713,16185,1160
2021.2.26,802773,714493,16243,1027
2021.2.27,802773,714493,16243,0
2021.2.28,804562,718977,16317,1789
2021.3.1,804956,720235,16351,394
2021.3.2,805647,723465,16389,691
2021.3.3,806626,725399,16430,979
2021.3.4,806626,725399,16430,0
2021.3.5,808405,728659,16486,1779
2021.3.6,809412,730601,16512,1007
2021.3.7,810094,731567,16540,682
2021.3.8,810459,732346,16565,365
2021.3.9,811306,734218,16595,847
2021.3.10,811306,734218,16595,0
2021.3.11,812575,744196,16635,1269
2021.3.12,813152,749770,16650,577
2021.3.13,813716,756259,16669,564
2021.3.14,814257,759417,16684,541
2021.3.15,814257,759417,16684,0
2021.3.16,814897,762961,16707,640
2021.3.17,815570,764019,16722,673
2021.3.18,816055,764599,16743,485
2021.3.19,816623,766170,16754,568
2021.3.20,817080,766924,16762,457
2021.3.21,817530,767319,16768,450
2021.3.22,817778,767874,16784,248
2021.3.23,818212,769086,16794,434
2021.3.24,818212,769086,16794,0
2021.3.25,819210,770448,16814,998
2021.3.26,819698,771339,16819,488
2021.3.27,820042,775007,16827,344
2021.3.28,820407,775391,16837,365
2021.3.29,820716,775849,16843,309
2021.3.30,821104,777503,16845,388
2021.3.31,821722,778210,16848,618
2021.4.1,822314,778912,16859,592
2021.4.2,822862,779655,16868,548
2021.4.3,823142,779973,16875,280
2021.4.4,823335,780322,16879,193
2021.4.5,823494,780643,16885,159
2021.4.6,824368,781537,16887,874
2021.4.7,825031,782294,16890,663
2021.4.8,825633,782895,16899,602
2021.4.9,826327,783523,16904,694
2021.4.10,826928,784208,16910,601
2021.4.11,826928,784208,16910,0
2021.4.12,827765,785063,16918,837
2021.4.13,828173,785809,16923,408
2021.4.14,828857,786469,16931,684
2021.4.15,829358,787011,16933,501
2021.4.16,829911,787607,16937,553
2021.4.17,829911,787607,16937,0
2021.4.18,831001,788669,16945,1090
2021.4.19,831221,789216,16946,220
2021.4.20,831645,790118,16951,424
2021.4.21,832255,790650,16952,610
