date,累计确诊,治愈,死亡,新增确诊
2020.4.9,39,24,1,0
2020.4.12,45,30,2,2
2020.4.14,48,30,2,3
2020.4.16,52,30,2,4
2020.4.17,57,33,2,5
2020.4.18,61,33,2,4
2020.4.19,65,35,3,4
2020.4.20,70,35,3,5
2020.4.21,74,35,3,4
2020.4.23,76,37,3,2
2020.4.25,88,42,3,4
2020.4.27,89,42,3,4
2020.4.28,97,54,3,2
2020.4.30,106,55,3,9
2020.5.1,119,75,3,10
2020.5.2,124,78,3,5
2020.5.3,137,78,3,13
2020.5.5,138,92,3,1
2020.5.6,146,101,4,8
2020.5.7,153,103,4,7
2020.5.8,252,112,7,85
2020.5.9,267,117,7,15
2020.5.11,441,117,7,174
2020.5.12,446,124,7,174
2020.5.13,654,124,7,208
2020.5.15,668,152,7,14
2020.5.16,679,188,7,74
2020.5.17,753,188,7,74
2020.5.18,761,192,7,8
2020.5.19,772,192,7,11
2020.5.20,832,197,7,60
2020.5.21,832,197,7,0
2020.5.22,866,302,7,34
2020.5.23,920,336,7,54
2020.5.24,920,336,7,0
2020.5.25,920,336,7,0
2020.5.26,920,336,7,0
2020.5.27,1057,779,7,137
2020.5.28,1057,779,7,0
2020.5.29,1057,779,7,0
2020.5.30,1057,779,7,0
2020.5.31,1057,779,7,0
2020.6.1,1089,912,7,32
2020.6.2,1089,912,7,0
2020.6.3,1089,912,7,0
2020.6.4,1089,912,7,0
2020.6.5,1089,912,7,0
2020.6.6,1089,912,7,0
2020.6.7,1089,912,7,0
2020.6.8,1200,912,10,111
2020.6.9,1200,912,10,0
2020.6.10,1200,912,10,0
2020.6.11,1200,912,10,0
2020.6.12,1200,912,10,0
2020.6.13,1321,1104,10,121
2020.6.14,1357,1114,10,36
2020.6.15,1382,1142,11,25
2020.6.16,1405,1142,11,23
2020.6.17,1405,1142,11,0
2020.6.18,1416,1144,11,11
2020.6.19,1416,1144,11,0
2020.6.20,1430,1194,11,14
2020.6.21,1430,1194,11,0
2020.6.22,1430,1194,11,0
2020.6.23,1430,1194,11,0
2020.6.24,1489,1223,18,59
2020.6.25,1497,1223,18,8
2020.6.26,1497,1223,18,0
2020.6.27,1531,1233,21,34
2020.6.28,1531,1233,21,0
2020.6.29,1557,1311,22,26
2020.6.30,1568,1311,22,11
2020.7.1,1632,1348,30,64
2020.7.2,1632,1348,30,0
2020.7.3,1632,1348,30,0
2020.7.4,1632,1348,30,0
2020.7.5,1632,1348,30,0
2020.7.6,1632,1348,30,0
2020.7.7,1632,1348,30,0
2020.7.8,1895,1348,42,263
2020.7.9,1895,1348,42,0
2020.7.10,1895,1348,42,0
2020.7.11,1895,1348,42,0
2020.7.12,1895,1348,42,0
2020.7.13,1895,1412,42,0
2020.7.14,1895,1412,42,0
2020.7.15,1895,1412,42,0
2020.7.16,1895,1412,42,0
2020.7.17,2810,1450,109,915
2020.7.18,2980,1462,120,170
2020.7.19,2980,1462,120,0
2020.7.20,3326,1620,128,346
2020.7.21,3326,1620,128,0
2020.7.22,3583,1677,128,257
2020.7.23,3583,1677,128,0
2020.7.24,3789,1677,134,206
2020.7.25,4328,1953,139,539
2020.7.26,4328,1953,139,0
2020.7.27,4552,2815,140,224
2020.7.28,5002,3195,142,450
2020.7.29,5249,3285,146,247
2020.7.30,5555,3289,149,306
2020.7.31,5963,3803,151,408
2020.8.1,6228,4130,165,265
2020.8.2,6347,4493,170,119
2020.8.3,6580,4701,171,233
2020.8.4,6793,5109,173,213
2020.8.5,7022,5667,176,229
2020.8.6,7022,5667,176,0
2020.8.7,7486,6264,200,464
2020.8.8,7903,6431,203,417
2020.8.9,8085,6698,235,182
2020.8.10,8085,6698,235,0
2020.8.11,8275,7004,241,190
2020.8.12,8275,7004,241,0
2020.8.13,8663,7401,246,388
2020.8.14,8663,7401,246,0
2020.8.15,9021,7586,256,358
2020.8.16,9343,8412,260,322
2020.8.17,9343,8412,260,0
2020.8.18,9981,8776,264,638
2020.8.19,10218,9126,269,237
2020.8.20,10372,9126,274,154
2020.8.21,10372,9126,274,0
2020.8.22,10627,9126,277,255
2020.8.23,11082,9942,280,455
2020.8.24,11082,9942,280,0
2020.8.25,11148,10208,280,66
2020.8.26,11285,10400,282,137
2020.8.27,11376,10693,282,91
2020.8.28,11779,10945,283,403
2020.8.29,11902,11092,284,123
2020.8.30,12025,11454,287,123
2020.8.31,12097,11469,288,72
2020.9.1,12097,11469,288,0
2020.9.2,12415,11494,292,318
2020.9.3,12523,11562,292,108
2020.9.4,12639,11572,292,116
2020.9.5,12709,11668,292,70
2020.9.6,12776,11674,295,67
2020.9.7,12776,11674,295,0
2020.9.8,12836,11748,295,60
2020.9.9,13112,11839,300,276
2020.9.10,13214,11899,300,102
2020.9.11,13323,11899,306,109
2020.9.12,13466,12007,312,143
2020.9.13,13539,12260,312,73
2020.9.14,13720,12380,320,181
2020.9.15,13819,12590,324,99
2020.9.16,13887,12869,326,68
2020.9.17,13887,12869,326,0
2020.9.18,13928,13029,326,41
2020.9.19,14022,13207,329,94
2020.9.20,14131,13365,330,109
2020.9.21,14175,13365,330,44
2020.9.22,14389,13629,331,214
2020.9.23,14389,13629,331,0
2020.9.24,14491,13643,332,102
2020.9.25,14515,13643,332,24
2020.9.26,14515,13643,332,0
2020.9.27,14612,13727,332,97
2020.9.28,14660,13821,332,48
2020.9.29,14715,13937,332,55
2020.9.30,14759,13959,332,44
2020.10.1,14759,13959,332,0
2020.10.2,14830,13980,333,71
2020.10.3,14830,13980,333,0
2020.10.4,14974,14094,333,144
2020.10.5,15089,14306,334,115
2020.10.6,15170,14313,335,81
2020.10.7,15170,14313,335,0
2020.10.8,15224,14342,335,54
2020.10.9,15301,14365,335,77
2020.10.10,15415,14541,337,114
2020.10.11,15415,14541,337,0
2020.10.12,15549,14682,345,134
2020.10.13,15549,14682,345,0
2020.10.14,15616,14850,345,67
2020.10.15,15616,14850,345,0
2020.10.16,15659,14899,346,43
2020.10.17,15659,14899,346,0
2020.10.18,15853,15005,346,194
2020.10.19,15897,15031,346,44
2020.10.20,15982,15038,346,85
2020.10.21,16000,15168,346,18
2020.10.22,16000,15168,346,0
2020.10.23,16095,15179,346,95
2020.10.24,16095,15179,346,0
2020.10.25,16117,15179,348,22
2020.10.26,16200,15445,348,83
2020.10.27,16200,15445,348,0
2020.10.28,16243,15481,348,43
2020.10.29,16325,15585,348,82
2020.10.30,16415,15600,349,90
2020.10.31,16415,15600,349,0
2020.11.1,16480,15733,349,65
2020.11.2,16543,15733,349,63
2020.11.3,16661,15763,349,118
2020.11.4,16698,15819,349,37
2020.11.5,16698,15819,349,0
2020.11.6,16819,15862,349,121
2020.11.7,16908,15873,349,89
2020.11.8,16954,15950,349,46
2020.11.9,16971,16011,349,17
2020.11.10,16997,16019,350,26
2020.11.11,16997,16019,350,0
2020.11.12,17056,16102,350,59
2020.11.13,17093,16134,350,37
2020.11.14,17093,16134,350,0
2020.11.15,17123,16137,353,30
2020.11.16,17187,16400,353,64
2020.11.17,17187,16400,353,0
2020.11.18,17280,16495,356,93
2020.11.19,17350,16591,356,70
2020.11.20,17373,16606,356,23
2020.11.21,17394,16659,356,21
2020.11.22,17424,16701,357,30
2020.11.23,17454,16701,357,30
2020.11.24,17466,16707,357,12
2020.11.25,17466,16707,357,0
2020.11.26,17535,16755,357,69
2020.11.27,17569,16845,357,34
2020.11.28,17589,16925,357,20
2020.11.29,17608,16983,357,19
2020.11.30,17647,16998,357,39
2020.12.1,17665,17059,357,18
2020.12.2,17700,17086,357,35
2020.12.3,17730,17102,357,30
2020.12.4,17730,17102,357,0
2020.12.5,17857,17145,364,127
2020.12.6,17916,17173,364,59
2020.12.7,17931,17211,364,15
2020.12.8,17963,17268,364,32
2020.12.9,18062,17295,364,99
2020.12.10,18091,17307,364,29
2020.12.11,18161,17329,365,70
2020.12.12,18217,17339,366,56
2020.12.13,18274,17388,367,57
2020.12.14,18322,17409,367,48
2020.12.15,18322,17409,367,0
2020.12.16,18428,17487,368,106
2020.12.17,18504,17680,369,76
2020.12.18,18575,17729,373,71
2020.12.19,18575,17729,373,0
2020.12.20,18716,17762,373,141
2020.12.21,18768,17818,375,52
2020.12.22,18881,17890,379,113
2020.12.23,18881,17890,379,0
2020.12.24,19234,18036,381,353
2020.12.25,19571,18127,381,337
2020.12.26,19671,18200,382,100
2020.12.27,19943,18296,384,272
2020.12.28,19943,18296,384,0
2020.12.29,20177,18380,385,234
2020.12.30,20462,18530,386,285
2020.12.31,20725,18660,388,263
2021.1.1,20997,18773,390,272
2021.1.2,21230,18942,392,233
2021.1.3,21582,19083,394,352
2021.1.4,21993,19229,398,411
2021.1.5,22645,19526,412,652
2021.1.6,23495,19672,417,850
2021.1.7,24297,19980,423,802
2021.1.8,25326,20349,441,1029
2021.1.9,25326,20349,441,0
2021.1.10,27728,20598,469,2402
2021.1.11,28596,20781,471,868
2021.1.12,29757,21074,495,1161
2021.1.13,31100,21568,509,1343
2021.1.14,32800,22504,514,1700
2021.1.15,34278,24105,527,1478
2021.1.16,36074,25106,537,1796
2021.1.17,37605,26159,546,1531
2021.1.18,38207,27327,559,602
2021.1.19,39515,28066,578,1308
2021.1.20,39515,28066,578,0
2021.1.21,42213,31522,597,2698
2021.1.22,43333,32667,610,1120
2021.1.23,44592,34293,627,1259
2021.1.24,45337,35960,639,745
2021.1.25,46146,38639,660,809
2021.1.26,47622,40362,672,1476
2021.1.27,48911,41282,688,1289
2021.1.28,48911,41282,688,0
2021.1.29,51624,44133,728,2713
2021.1.30,53352,45443,745,1728
2021.1.31,54217,48000,763,865
2021.2.1,55042,49394,780,825
2021.2.2,56233,49696,794,1191
2021.2.3,57489,50479,804,1256
2021.2.4,59003,51305,812,1514
2021.2.5,60427,52045,828,1424
2021.2.6,61427,53410,839,1000
2021.2.7,62633,54835,853,1206
2021.2.8,63573,56329,869,940
2021.2.9,64610,58319,881,1037
2021.2.10,65573,58875,901,963
2021.2.11,66598,59989,914,1025
2021.2.12,67681,61302,931,1083
2021.2.13,68454,62575,940,773
2021.2.14,69437,62870,951,983
2021.2.15,70248,63262,959,811
2021.2.16,70823,63609,974,575
2021.2.17,71677,64040,983,854
2021.2.18,72467,65051,991,790
2021.2.19,73203,66013,1002,736
2021.2.20,73894,66943,1016,691
2021.2.21,74503,67944,1020,609
2021.2.22,75027,68928,1031,524
2021.2.23,75582,69436,1040,555
2021.2.24,76484,69803,1051,902
2021.2.25,77171,70800,1059,687
2021.2.26,77639,72635,1066,468
2021.2.27,78202,73609,1081,563
2021.2.28,78534,74498,1091,332
2021.3.1,79002,75087,1098,468
2021.3.2,79557,75563,1104,555
2021.3.3,80090,76299,1108,533
2021.3.4,80687,76498,1109,597
2021.3.5,81341,77081,1113,654
2021.3.6,82011,77609,1116,670
2021.3.7,82421,77943,1124,410
2021.3.8,82655,78721,1132,234
2021.3.9,82655,78721,1132,0
2021.3.10,83333,79556,1140,678
2021.3.11,83333,79556,1140,0
2021.3.12,83913,80027,1148,580
2021.3.13,84474,80599,1153,561
2021.3.14,84797,81756,1158,323
2021.3.15,84950,82375,1164,153
2021.3.16,85240,82432,1167,290
2021.3.17,85502,82457,1170,262
2021.3.18,85889,82527,1175,387
2021.3.19,86059,82714,1178,170
2021.3.20,86273,83110,1178,214
2021.3.21,86449,83258,1179,176
2021.3.22,86535,83319,1182,86
2021.3.23,86779,83478,1185,244
2021.3.24,86993,83617,1187,214
2021.3.25,86993,83617,1187,0
2021.3.26,87583,84018,1194,590
2021.3.27,87583,84264,1198,0
2021.3.28,87872,84347,1200,289
2021.3.29,88012,84464,1200,140
2021.3.30,88199,84519,1202,187
2021.3.31,88418,84592,1208,219
2021.4.1,88418,84592,1208,0
2021.4.2,88730,84825,1215,312
2021.4.3,88800,85017,1215,70
2021.4.4,88800,85017,1215,0
2021.4.5,89009,85178,1222,209
2021.4.6,89071,85338,1224,62
2021.4.7,89386,85409,1224,315
2021.4.8,89592,85446,1225,206
2021.4.9,89783,85559,1226,191
2021.4.10,89783,85559,1226,0
2021.4.11,90029,88018,1226,246
2021.4.12,90064,88077,1227,35
2021.4.13,90064,88077,1227,0
2021.4.14,90389,88241,1229,325
2021.4.15,90532,88283,1230,143
2021.4.16,90750,88414,1233,218
2021.4.17,90844,88555,1234,94
2021.4.18,90918,88718,1235,74
2021.4.19,90942,88860,1236,24
2021.4.20,90942,88860,1236,0
