date,累计确诊,治愈,死亡,新增确诊
2020.4.8,1572,237,205,104
2020.4.9,1666,347,235,94
2020.4.10,1761,405,256,95
2020.4.11,1825,460,275,64
2020.4.12,1914,591,293,89
2020.4.13,1983,601,313,69
2020.4.14,2070,691,326,87
2020.4.15,2160,708,336,90
2020.4.16,2268,783,348,108
2020.4.17,2418,846,364,150
2020.4.18,2534,894,367,116
2020.4.19,2629,1047,375,95
2020.4.20,2718,1099,384,89
2020.4.21,2811,1152,392,93
2020.4.22,2910,1204,402,99
2020.4.23,3007,1355,407,97
2020.4.24,3127,1408,415,120
2020.4.25,3256,1479,419,129
2020.4.26,3382,1508,425,126
2020.4.27,3517,1558,432,135
2020.4.28,3649,1651,437,132
2020.4.29,3848,1702,444,199
2020.4.30,4006,1779,450,158
2020.5.1,4154,1821,453,148
2020.5.2,4295,1872,459,141
2020.5.3,4474,1936,463,179
2020.5.4,4648,1998,465,174
2020.5.5,4838,2067,470,190
2020.5.6,4997,2197,476,159
2020.5.7,5182,2197,483,185
2020.5.8,5369,2467,488,187
2020.5.9,5558,2546,494,189
2020.5.10,5723,2678,502,165
2020.5.11,5891,2841,507,168
2020.5.12,6067,2841,515,176
2020.5.13,6253,3058,522,186
2020.5.14,6442,3158,529,189
2020.5.15,6629,3271,536,187
2020.5.16,6821,3409,542,192
2020.5.17,7019,3507,548,198
2020.5.18,7201,3625,555,182
2020.5.19,7377,3625,561,176
2020.5.20,7542,3968,568,165
2020.5.21,7542,3968,568,0
2020.5.22,7918,4256,582,376
2020.5.23,8113,4426,592,195
2020.5.24,8113,4426,592,0
2020.5.25,8306,4578,600,193
2020.5.26,8503,4747,609,197
2020.5.27,8697,4918,617,194
2020.5.28,8857,5129,623,160
2020.5.29,8997,5277,630,140
2020.5.30,9134,5422,638,137
2020.5.31,9394,5748,653,260
2020.6.1,9513,5894,661,119
2020.6.2,9513,5894,661,0
2020.6.3,9626,6067,667,113
2020.6.4,9831,6297,681,205
2020.6.5,9831,6297,681,0
2020.6.6,10050,6631,698,219
2020.6.7,10154,6717,707,104
2020.6.8,10265,6799,715,111
2020.6.9,10382,6951,724,117
2020.6.10,10484,6951,732,102
2020.6.11,10484,7074,732,0
2020.6.12,10589,7255,741,105
2020.6.13,10698,7322,751,109
2020.6.14,10919,7606,767,221
2020.6.15,10919,7606,767,0
2020.6.16,11031,7735,777,112
2020.6.17,11147,7842,788,116
2020.6.18,11268,7943,799,121
2020.6.19,11504,8196,825,236
2020.6.20,11504,8196,825,0
2020.6.21,11771,8422,845,267
2020.6.22,11771,8422,845,0
2020.6.23,12077,8653,861,306
2020.6.24,12076,8674,861,0
2020.6.25,12248,8792,869,172
2020.6.26,12445,8920,878,197
2020.6.27,12685,9066,885,240
2020.6.28,13273,9371,897,588
2020.6.29,13571,9671,905,298
2020.6.30,13571,9674,905,0
2020.7.1,13907,9897,912,336
2020.7.2,14272,10040,920,365
2020.7.3,14657,10342,928,385
2020.7.4,15070,10832,937,413
2020.7.5,15500,11181,946,430
2020.7.6,15941,11492,952,441
2020.7.7,16404,11884,959,463
2020.7.8,16879,12094,968,475
2020.7.9,17348,12329,978,469
2020.7.10,17808,12637,988,460
2020.7.11,18712,13124,1004,904
2020.7.12,18712,13124,1004,0
2020.7.13,19195,13743,1011,483
2020.7.14,20216,14295,1028,1021
2020.7.15,20216,14295,1028,0
2020.7.16,20770,14792,1040,554
2020.7.17,21355,15107,1052,585
2020.7.18,21948,15430,1057,593
2020.7.19,23084,16051,1078,1136
2020.7.20,23084,16051,1078,0
2020.7.21,23691,16400,1087,607
2020.7.22,24278,16646,1100,587
2020.7.23,24872,16983,1111,594
2020.7.24,26159,17369,1136,1287
2020.7.25,26159,17369,1136,0
2020.7.26,26764,18076,1146,605
2020.7.27,27357,18088,1155,593
2020.7.28,28615,18837,1174,1258
2020.7.29,28615,19233,1174,0
2020.7.30,29229,19592,1186,614
2020.7.31,29831,20082,1200,602
2020.8.1,30394,20537,1210,563
2020.8.2,30950,20988,1223,556
2020.8.3,31465,21419,1231,515
2020.8.4,31972,21901,1239,507
2020.8.5,33055,22375,1261,1083
2020.8.6,33055,22802,1261,0
2020.8.7,33626,23238,1273,571
2020.8.8,34155,23667,1282,529
2020.8.9,34693,24083,1293,538
2020.8.10,35214,24506,1302,521
2020.8.11,35712,24920,1312,498
2020.8.12,36204,25263,1322,492
2020.8.13,36699,25627,1333,495
2020.8.14,37187,26004,1341,488
2020.8.15,37664,26308,1351,477
2020.8.16,38133,26644,1360,469
2020.8.17,38583,27017,1370,450
2020.8.18,39025,27347,1379,442
2020.8.19,39444,27653,1391,419
2020.8.20,39847,27971,1402,403
2020.8.21,40258,28281,1411,411
2020.8.22,40667,28587,1418,409
2020.8.23,41068,28874,1424,401
2020.8.24,41460,29142,1435,392
2020.8.25,41858,29369,1446,398
2020.8.26,42228,29587,1456,370
2020.8.27,42619,29886,1465,391
2020.8.28,43016,30157,1475,397
2020.8.29,43403,30436,1483,387
2020.8.30,43781,30717,1491,378
2020.8.31,44146,30978,1501,365
2020.9.1,44494,31244,1510,348
2020.9.2,44833,31493,1518,339
2020.9.3,45158,31746,1523,325
2020.9.4,45469,32006,1529,311
2020.9.5,45773,32259,1539,304
2020.9.6,46071,32481,1549,298
2020.9.7,46364,32745,1556,293
2020.9.8,46653,32985,1562,289
2020.9.9,46938,33183,1571,285
2020.9.10,47216,33379,1581,278
2020.9.11,47488,33562,1591,272
2020.9.12,47752,33723,1599,264
2020.9.13,48007,33875,1605,255
2020.9.14,48254,34037,1612,247
2020.9.15,48496,34204,1620,242
2020.9.16,48734,34385,1632,238
2020.9.17,48966,34517,1645,232
2020.9.18,49194,34675,1654,228
2020.9.19,49413,34818,1659,219
2020.9.20,49623,34923,1665,210
2020.9.21,49826,35047,1672,203
2020.9.22,50023,35180,1679,197
2020.9.23,50214,35307,1689,191
2020.9.24,50400,35428,1698,186
2020.9.25,50579,35544,1703,179
2020.9.26,50754,35654,1707,175
2020.9.27,51067,35860,1714,313
2020.9.28,51067,35860,1714,0
2020.9.29,51213,35962,1719,146
2020.9.30,51368,36063,1726,155
2020.10.1,51530,36174,1736,162
2020.10.2,51690,36282,1741,160
2020.10.3,51847,36385,1749,157
2020.10.4,51995,36482,1756,148
2020.10.5,52136,36578,1760,141
2020.10.6,52270,36672,1768,134
2020.10.7,52399,36763,1768,129
2020.10.8,52520,36857,1771,121
2020.10.9,52658,36958,1783,138
2020.10.10,52804,37067,1789,146
2020.10.11,52940,37170,1795,136
2020.10.12,53072,37170,1801,132
2020.10.13,53225,37382,1809,153
2020.10.14,53399,37492,1818,174
2020.10.15,53584,37603,1827,185
2020.10.16,53777,37603,1827,193
2020.10.17,53998,37856,1841,221
2020.10.18,54203,37971,1846,205
2020.10.19,54402,38088,1856,199
2020.10.20,54616,38215,1865,214
2020.10.21,54829,38346,1873,213
2020.10.22,55081,38482,1880,252
2020.10.23,55357,38618,1888,276
2020.10.24,55630,38788,1897,273
2020.10.25,55880,38932,1907,250
2020.10.26,56143,39095,1914,263
2020.10.27,56419,39273,1922,276
2020.10.28,56706,39444,1931,287
2020.10.29,57026,39635,1941,320
2020.10.30,57332,39635,1949,306
2020.10.31,57651,40014,1956,319
2020.11.1,57942,40201,1964,291
2020.11.2,58272,40395,1973,330
2020.11.3,58574,40577,1980,302
2020.11.4,58979,40577,1980,405
2020.11.5,59527,41001,1999,548
2020.11.6,60169,41244,2011,642
2020.11.7,60800,41510,2024,631
2020.11.8,61381,41783,2036,581
2020.11.9,62051,42037,2048,670
2020.11.10,62693,42325,2062,642
2020.11.11,64257,42980,2093,1564
2020.11.12,64257,42980,2093,0
2020.11.13,65108,42980,2111,851
2020.11.14,65975,43779,2124,867
2020.11.15,66819,44199,2139,844
2020.11.16,67679,44633,2154,860
2020.11.17,68589,45148,2168,910
2020.11.18,69591,45148,2186,1002
2020.11.19,70629,46326,2206,1038
2020.11.20,71652,46962,2224,1023
2020.11.21,72755,47581,2236,1103
2020.11.22,73774,48183,2255,1019
2020.11.23,74862,48794,2272,1088
2020.11.24,75867,49421,2294,1005
2020.11.25,78025,50712,2329,2158
2020.11.26,78025,50712,2329,0
2020.11.27,79110,51334,2352,1085
2020.11.28,80168,51946,2372,1058
2020.11.29,81212,52568,2393,1044
2020.11.30,83199,53809,2431,1009
2020.12.1,83199,53809,2431,0
2020.12.2,84152,54405,2447,953
2020.12.3,85084,54990,2464,932
2020.12.4,85927,55538,2480,843
2020.12.5,86730,56079,2492,803
2020.12.6,87502,56617,2501,772
2020.12.7,88252,57146,2516,750
2020.12.8,88825,57648,2527,573
2020.12.9,89416,58146,2539,591
2020.12.10,90014,58146,2554,598
2020.12.11,90579,59135,2564,565
2020.12.12,91121,59590,2575,542
2020.12.13,91638,60028,2584,517
2020.12.14,92597,60888,2609,959
2020.12.15,92597,60888,2609,0
2020.12.16,93065,61307,2623,468
2020.12.17,93507,61700,2631,442
2020.12.18,93933,62089,2640,426
2020.12.19,94371,62487,2647,438
2020.12.20,94781,62869,2659,410
2020.12.21,95203,63260,2666,422
2020.12.22,95659,63644,2675,456
2020.12.23,96069,64020,2687,410
2020.12.24,96549,64401,2696,480
2020.12.25,97007,64777,2705,458
2020.12.26,97441,65144,2716,434
2020.12.27,98249,65862,2728,808
2020.12.28,98631,66214,2737,382
2020.12.29,98631,66214,2737,0
2020.12.30,98988,66550,2745,357
2020.12.31,99311,66855,2751,323
2021.1.1,99610,67127,2756,299
2021.1.2,99897,67395,2762,287
2021.1.3,100159,67611,2769,262
2021.1.4,100408,67808,2772,249
2021.1.5,100645,67999,2777,237
2021.1.6,100873,68185,2782,228
2021.1.7,101120,68383,2786,247
2021.1.8,101382,68589,2792,262
2021.1.9,101657,68802,2798,275
2021.1.10,101913,69011,2803,256
2021.1.11,102144,69212,2807,231
2021.1.12,102369,69403,2812,225
2021.1.13,102641,69608,2816,272
2021.1.14,102860,69791,2819,219
2021.1.15,103127,69992,2822,267
2021.1.16,103381,70188,2827,254
2021.1.17,103611,70373,2831,230
2021.1.18,103833,70554,2836,222
2021.1.19,104092,70747,2840,259
2021.1.20,104341,70933,2843,249
2021.1.21,104606,71127,2849,265
2021.1.22,104852,71343,2853,246
2021.1.23,105124,71552,2856,272
2021.1.24,105369,71755,2861,245
2021.1.25,105596,71945,2863,227
2021.1.26,105854,72143,2866,258
2021.1.27,106097,72336,2871,243
2021.1.28,106359,72538,2877,262
2021.1.29,106610,72745,2881,251
2021.1.30,106887,72956,2884,277
2021.1.31,107122,73152,2888,235
2021.2.1,107339,73344,2891,217
2021.2.2,107578,73530,2894,239
2021.2.3,107841,73732,2898,263
2021.2.4,108116,73940,2900,275
2021.2.5,108381,74136,2904,265
2021.2.6,108629,74330,2909,248
2021.2.7,108629,74330,2909,0
2021.2.8,109088,74692,2914,459
2021.2.9,109313,74871,2918,225
2021.2.10,109559,75057,2924,246
2021.2.11,109782,75243,2926,223
2021.2.12,110049,75436,2930,267
2021.2.13,110303,75628,2932,254
2021.2.14,110513,75816,2935,210
2021.2.15,110711,75999,2939,198
2021.2.16,110894,76168,2943,183
2021.2.17,111069,76330,2945,175
2021.2.18,111247,76489,2947,178
2021.2.19,111418,76640,2950,171
2021.2.20,111600,76797,2954,182
2021.2.21,111764,76940,2958,164
2021.2.22,111917,77076,2961,153
2021.2.23,112094,77225,2964,177
2021.2.24,112279,77382,2967,185
2021.2.25,112461,77537,2970,182
2021.2.26,112622,77683,2973,161
2021.2.27,112805,77842,2977,183
2021.2.28,112960,77976,2979,155
2021.3.1,113092,78098,2983,132
2021.3.2,113255,78234,2987,163
2021.3.3,113430,78377,2991,175
2021.3.4,113593,78524,2996,163
2021.3.5,113761,78672,3002,168
2021.3.6,113948,78824,3007,187
2021.3.7,114104,78946,3010,156
2021.3.8,114234,79064,3013,130
2021.3.9,114382,79187,3018,148
2021.3.10,114543,79319,3022,161
2021.3.11,114681,79428,3026,138
2021.3.12,114851,79556,3028,170
2021.3.13,115008,79672,3031,157
2021.3.14,115143,79783,3034,135
2021.3.15,115265,79887,3036,122
2021.3.16,115410,79994,3040,145
2021.3.17,115540,80103,3045,130
2021.3.18,115688,80219,3048,148
2021.3.19,115842,80347,3051,154
2021.3.20,115970,80455,3053,128
2021.3.21,116066,80566,3055,96
2021.3.22,116157,80659,3057,91
2021.3.23,116255,80887,3061,98
2021.3.24,116349,80981,3066,94
2021.3.25,116438,81065,3069,89
2021.3.26,116543,81065,3071,105
2021.3.27,116657,81160,3074,114
2021.3.28,116750,81242,3077,93
2021.3.29,116836,81316,3080,86
2021.3.30,116946,81349,3084,110
2021.3.31,117061,81442,3089,115
2021.4.1,117192,81538,3093,131
2021.4.2,117304,81632,3096,112
2021.4.3,117429,81729,3099,125
2021.4.4,117524,81813,3102,95
2021.4.5,117622,81896,3105,98
2021.4.6,117739,81994,3108,117
2021.4.7,117879,82096,3112,140
2021.4.8,118004,82192,3116,125
2021.4.9,118116,82289,3119,112
2021.4.10,118251,82392,3123,135
2021.4.11,118378,82493,3126,127
2021.4.12,118516,82600,3130,138
2021.4.13,118645,82704,3134,129
2021.4.14,118799,82813,3137,154
2021.4.15,118975,82929,3141,176
2021.4.16,119142,83048,3144,167
2021.4.17,119323,83169,3148,181
2021.4.18,119486,83286,3152,163
2021.4.19,119642,83397,3155,156
2021.4.20,119805,83514,3160,163
