date,累计确诊,治愈,死亡,新增确诊
2020.4.7,444,18,14,21
2020.4.8,484,32,15,40
2020.4.9,521,32,15,37
2020.4.12,607,32,18,52
2020.4.13,714,40,23,49
2020.4.14,784,43,25,70
2020.4.15,840,54,30,56
2020.4.16,906,99,30,66
2020.4.17,933,112,30,27
2020.4.18,993,131,32,60
2020.4.19,996,131,33,63
2020.4.20,1092,150,36,66
2020.4.21,1143,150,36,51
2020.4.22,1226,177,40,50
2020.4.23,1330,179,42,51
2020.4.24,1463,188,47,112
2020.4.25,1531,206,47,68
2020.4.26,1703,220,57,172
2020.4.27,1828,228,58,125
2020.4.28,1938,231,58,110
2020.4.29,2171,252,60,232
2020.4.30,2335,310,68,164
2020.5.1,2469,331,72,134
2020.5.2,2704,345,85,235
2020.5.3,2894,397,90,190
2020.5.4,3224,421,95,330
2020.5.5,3392,458,104,168
2020.5.6,3563,468,106,171
2020.5.7,3778,472,109,215
2020.5.8,4033,502,115,255
2020.5.9,4402,558,120,369
2020.5.10,4687,558,122,285
2020.5.11,4963,610,127,276
2020.5.12,5226,648,132,263
2020.5.13,5639,691,136,413
2020.5.14,6053,745,153,414
2020.5.15,6402,745,168,349
2020.5.16,6664,778,169,262
2020.5.17,7072,801,173,408
2020.5.18,7072,801,173,0
2020.5.19,7653,850,178,581
2020.5.20,8145,930,187,492
2020.5.21,8676,938,193,531
2020.5.22,9216,996,205,540
2020.5.23,9998,1040,216,782
2020.5.24,10582,1075,218,584
2020.5.25,11173,1097,219,591
2020.5.26,11831,1128,220,658
2020.5.27,12456,1138,227,625
2020.5.28,13036,1209,235,580
2020.5.29,13659,1259,246,623
2020.5.30,14525,1303,249,866
2020.5.31,15205,1328,257,680
2020.6.1,15750,1428,265,545
2020.6.2,16492,1450,270,742
2020.6.3,17267,1522,294,775
2020.6.4,18054,1585,300,787
2020.6.5,18969,1762,309,915
2020.6.6,19551,1820,320,582
2020.6.7,20342,1875,357,791
2020.6.8,20917,2171,369,575
2020.6.9,21459,2651,384,542
2020.6.10,22142,3013,405,683
2020.6.11,22890,3326,426,748
2020.6.12,23546,3928,446,656
2020.6.13,24102,4201,451,556
2020.6.14,24766,4725,471,664
2020.6.15,25527,5164,476,761
2020.6.16,26310,5508,491,783
2020.6.17,26874,6158,504,564
2020.6.18,27532,7660,546,658
2020.6.19,27878,7962,548,346
2020.6.20,28424,8292,569,546
2020.6.21,28833,8764,581,409
2020.6.22,29143,8841,598,310
2020.6.23,29481,9260,618,338
2020.6.24,29640,9869,639,159
2020.6.25,30175,10174,675,535
2020.6.26,30451,10306,683,276
2020.6.27,30616,10674,703,165
2020.6.28,30967,12604,721,351
2020.6.29,31238,13934,733,271
2020.6.30,31517,14131,746,279
2020.7.1,31836,15651,774,319
2020.7.2,32022,16041,807,186
2020.7.3,32324,17331,819,302
2020.7.4,32672,19164,826,348
2020.7.5,32951,19366,864,279
2020.7.6,33190,20103,898,239
2020.7.7,33384,20179,920,194
2020.7.8,33594,20305,936,210
2020.7.9,33908,20847,957,314
2020.7.10,34194,20882,971,286
2020.7.11,34366,21135,994,172
2020.7.12,34451,21216,1010,85
2020.7.13,34455,21254,1012,4
2020.7.14,34740,21454,1048,285
2020.7.15,34994,22456,1094,254
2020.7.16,35070,22824,1113,76
2020.7.17,35229,23151,1147,159
2020.7.18,35289,23243,1147,60
2020.7.19,35475,23634,1181,186
2020.7.20,35526,23741,1185,51
2020.7.21,35615,23741,1186,89
2020.7.22,35727,23924,1190,112
2020.7.23,35915,24538,1211,188
2020.7.24,35981,24602,1225,66
2020.7.25,36036,24793,1248,55
2020.7.26,36157,25180,1259,121
2020.7.27,36263,25198,1269,106
2020.7.28,36368,25358,1270,105
2020.7.29,36471,25389,1271,103
2020.7.30,36542,25471,1271,71
2020.7.31,36675,25509,1272,133
2020.8.1,36710,25509,1283,35
2020.8.2,36710,25509,1283,0
2020.8.3,36710,25510,1284,0
2020.8.4,36747,25669,1288,37
2020.8.5,36829,25742,1294,82
2020.8.6,36896,25840,1298,67
2020.8.7,37015,25903,1307,119
2020.8.8,37054,25960,1312,39
2020.8.9,37054,25960,1312,0
2020.8.10,37162,26228,1328,108
2020.8.11,37269,26415,1344,107
2020.8.12,37345,26694,1354,76
2020.8.13,37424,26714,1363,79
2020.8.14,37431,26714,1363,7
2020.8.15,37550,27166,1369,119
2020.8.16,37596,27166,1375,46
2020.8.17,37599,27166,1375,3
2020.8.18,37599,27166,1375,0
2020.8.19,37599,27166,1375,0
2020.8.20,37856,27681,1385,257
2020.8.21,37894,28016,1385,38
2020.8.22,37953,28016,1385,59
2020.8.23,37999,28180,1387,46
2020.8.24,38054,28360,1389,55
2020.8.25,38070,28440,1397,16
2020.8.26,38113,29042,1401,43
2020.8.27,38129,29046,1401,16
2020.8.28,38140,29059,1402,11
2020.8.29,38143,29063,1402,3
2020.8.30,38162,29089,1402,19
2020.8.31,38165,29089,1402,3
2020.9.1,38196,29231,1406,31
2020.9.2,38243,29315,1409,47
2020.9.3,38288,29390,1409,45
2020.9.4,38304,29713,1409,16
2020.9.5,38324,30082,1409,20
2020.9.6,38398,30537,1412,74
2020.9.7,38494,30557,1415,96
2020.9.8,38520,30715,1418,26
2020.9.9,38544,31048,1420,24
2020.9.10,38572,31129,1420,28
2020.9.11,38606,31154,1420,34
2020.9.12,38641,31234,1420,35
2020.9.13,38716,31638,1420,75
2020.9.14,38772,32073,1425,56
2020.9.15,38815,32098,1426,43
2020.9.16,38855,32503,1436,40
2020.9.17,38872,32505,1436,17
2020.9.18,38883,32576,1437,11
2020.9.19,38919,32576,1437,36
2020.9.20,39044,32576,1441,125
2020.9.21,39074,32576,1444,30
2020.9.22,39096,32576,1445,22
2020.9.23,39145,32610,1446,49
2020.9.24,39170,32619,1451,25
2020.9.25,39186,32619,1451,16
2020.9.26,39192,32635,1453,6
2020.9.27,39227,32642,1453,35
2020.9.28,39233,32642,1455,6
2020.9.29,39254,32746,1458,21
2020.9.30,39268,32789,1458,14
2020.10.1,39285,32842,1458,17
2020.10.2,39290,32842,1458,5
2020.10.3,39297,32842,1462,7
2020.10.4,39341,32852,1462,44
2020.10.5,39422,32879,1466,81
2020.10.6,39486,32977,1467,64
2020.10.7,39548,33045,1469,62
2020.10.8,39616,33058,1470,68
2020.10.9,39693,33058,1472,77
2020.10.10,39703,33064,1473,10
2020.10.11,39799,33114,1477,96
2020.10.12,39870,33118,1479,71
2020.10.13,39928,33308,1480,58
2020.10.14,39994,33354,1481,66
2020.10.15,40026,33447,1481,32
2020.10.16,40073,33516,1485,47
2020.10.17,40141,33561,1488,68
2020.10.18,40200,33614,1492,59
2020.10.19,40287,33760,1497,87
2020.10.20,40357,33790,1499,70
2020.10.21,40510,33824,1501,153
2020.10.22,40626,33831,1505,116
2020.10.23,40687,34010,1507,61
2020.10.24,40768,34023,1511,81
2020.10.25,40833,34129,1514,65
2020.10.26,40937,34150,1518,104
2020.10.27,41032,34217,1523,95
2020.10.28,41145,34237,1529,113
2020.10.29,41268,34239,1532,123
2020.10.30,41334,34258,1533,66
2020.10.31,41425,34321,1536,91
2020.11.1,41501,34326,1536,76
2020.11.2,41633,34342,1541,132
2020.11.3,41728,34355,1544,95
2020.11.4,41814,34362,1548,86
2020.11.5,41935,34440,1554,121
2020.11.6,41975,34440,1554,40
2020.11.7,42033,34446,1556,58
2020.11.8,42092,34458,1558,59
2020.11.9,42297,34721,1574,205
2020.11.10,42463,34954,1577,166
2020.11.11,42609,34967,1581,146
2020.11.12,42795,35024,1591,186
2020.11.13,42969,35036,1595,174
2020.11.14,43035,35067,1605,66
2020.11.15,43240,35092,1617,205
2020.11.16,43403,35137,1626,163
2020.11.17,43628,35160,1638,225
2020.11.18,43851,35295,1645,223
2020.11.19,44228,35350,1650,377
2020.11.20,44443,35370,1661,215
2020.11.21,44503,35422,1675,60
2020.11.22,44706,35934,1687,203
2020.11.23,44988,35976,1695,282
2020.11.24,45280,36122,1712,292
2020.11.25,45490,36145,1725,210
2020.11.26,45716,36232,1737,226
2020.11.27,45839,36295,1740,123
2020.11.28,45966,36709,1752,127
2020.11.29,46215,36731,1763,249
2020.11.30,46498,36788,1774,283
2020.12.1,46717,36907,1797,219
2020.12.2,46980,37026,1822,263
2020.12.3,47258,37302,1841,278
2020.12.4,47388,37347,1847,130
2020.12.5,47641,37485,1865,253
2020.12.6,47901,37782,1875,260
2020.12.7,48136,37984,1902,235
2020.12.8,48366,38033,1908,230
2020.12.9,48540,38150,1921,174
2020.12.10,48753,38221,1939,213
2020.12.11,48826,38266,1949,73
2020.12.12,48952,38328,1960,126
2020.12.13,49273,38384,1971,321
2020.12.14,49484,38410,1975,211
2020.12.15,49703,38500,2001,219
2020.12.16,49970,38648,2017,267
2020.12.17,50202,38686,2032,232
2020.12.18,50445,38721,2037,243
2020.12.19,50536,38799,2054,91
2020.12.20,50677,39158,2110,141
2020.12.21,50888,39701,2089,211
2020.12.22,51089,39784,2105,201
2020.12.23,51357,39900,2126,268
2020.12.24,51595,40571,2135,238
2020.12.25,51764,40665,2148,169
2020.12.26,51844,41012,2158,80
2020.12.27,52147,41610,2182,303
2020.12.28,52147,41610,2182,0
2020.12.29,52330,41801,2189,183
2020.12.30,52330,41801,2189,0
2020.12.31,52513,42006,2201,183
2021.1.1,52586,42175,2211,73
2021.1.2,52709,42291,2221,123
2021.1.3,52909,42405,2230,200
2021.1.4,53011,42530,2237,102
2021.1.5,53105,42666,2244,94
2021.1.6,53207,42840,2253,102
2021.1.7,53332,43291,2257,125
2021.1.8,53400,43440,2264,68
2021.1.9,53489,43740,2277,89
2021.1.10,53522,43948,2288,33
2021.1.11,53584,44137,2301,62
2021.1.12,53690,44608,2308,106
2021.1.13,53774,44850,2317,84
2021.1.14,53831,45298,2324,57
2021.1.15,53938,45434,2336,107
2021.1.16,53984,45465,2339,46
2021.1.17,54062,45868,2343,78
2021.1.18,54141,46359,2346,79
2021.1.19,54278,46554,2354,137
2021.1.20,54403,46759,2363,125
2021.1.21,54483,46887,2370,80
2021.1.22,54559,46912,2373,76
2021.1.23,54595,46943,2378,36
2021.1.24,54672,47298,2385,77
2021.1.25,54750,47365,2389,78
2021.1.26,54854,47459,2389,104
2021.1.27,54891,47549,2397,37
2021.1.28,54939,47583,2398,48
2021.1.29,55008,47606,2400,69
2021.1.30,55023,47609,2400,15
2021.1.31,55059,47679,2404,36
2021.2.1,55121,47723,2405,62
2021.2.2,55174,47798,2406,53
2021.2.3,55231,47982,2407,57
2021.2.4,55256,47995,2407,25
2021.2.5,55330,48018,2408,74
2021.2.6,55335,48027,2410,5
2021.2.7,55359,48041,2413,24
2021.2.8,55384,48042,2414,25
2021.2.9,55402,48109,2418,18
2021.2.10,55420,48133,2419,18
2021.2.11,55445,48279,2424,25
2021.2.12,55473,48390,2427,28
2021.2.13,55492,48392,2427,19
2021.2.14,55514,48395,2427,22
2021.2.15,55518,48433,2428,4
2021.2.16,55540,48514,2428,22
2021.2.17,55557,48626,2430,17
2021.2.18,55575,48798,2430,18
2021.2.19,55580,48803,2430,5
2021.2.20,55604,48820,2432,24
2021.2.21,55617,48834,2433,13
2021.2.22,55646,48895,2435,29
2021.2.23,55664,48967,2436,18
2021.2.24,55680,49086,2438,16
2021.2.25,55696,49281,2442,16
2021.2.26,55707,49285,2443,11
2021.2.27,55707,49285,2443,0
2021.2.28,55733,49333,2444,26
2021.3.1,55759,49344,2446,26
2021.3.2,55770,49347,2446,11
2021.3.3,55797,49359,2447,27
2021.3.4,55933,49362,2449,136
2021.3.5,55933,49362,2449,0
2021.3.6,55847,49369,2449,0
2021.3.7,55876,49378,2451,29
2021.3.8,55868,49402,2451,0
2021.3.9,55894,49409,2451,26
2021.3.10,55901,49499,2451,7
2021.3.11,55901,49499,2451,0
2021.3.12,55957,49499,2457,56
2021.3.13,55985,49471,2457,28
2021.3.14,55972,49477,2459,0
2021.3.15,55995,49481,2460,23
2021.3.16,56016,49499,2460,21
2021.3.17,56044,49536,2462,28
2021.3.18,56069,49664,2462,25
2021.3.19,56093,49681,2462,24
2021.3.20,56103,49681,2463,10
2021.3.21,56153,49737,2464,50
2021.3.22,56177,49743,2466,24
2021.3.23,56192,49752,2466,15
2021.3.24,56226,49802,2467,34
2021.3.25,56254,49937,2469,28
2021.3.26,56290,49994,2469,36
2021.3.27,56294,49994,2470,4
2021.3.28,56322,50013,2472,28
2021.3.29,56384,50666,2476,62
2021.3.30,56454,51473,2484,70
2021.3.31,56517,51550,2489,63
2021.4.1,56572,51788,2495,55
2021.4.2,56595,51798,2496,23
2021.4.3,56595,51798,2496,0
2021.4.4,56676,51802,2497,81
2021.4.5,56779,51902,2512,103
2021.4.6,56873,51928,2512,94
2021.4.7,56943,51940,2516,70
2021.4.8,57019,51956,2521,76
2021.4.9,57019,51956,2521,0
2021.4.10,57160,51962,2521,141
2021.4.11,57242,51989,2529,82
2021.4.12,57364,52005,2529,122
2021.4.13,57492,52013,2532,128
2021.4.14,57534,52022,2533,42
2021.4.15,57612,52083,2535,78
2021.4.16,57721,52105,2539,109
2021.4.17,57793,52116,2540,72
2021.4.18,57898,52168,2546,105
2021.4.19,58038,52244,2550,140
2021.4.20,58214,52272,2557,176
