date,累计确诊,治愈,死亡,新增确诊
2020.4.7,400,154,22,17
2020.4.8,400,154,22,16
2020.4.9,409,165,23,9
2020.4.12,467,232,23,21
2020.4.14,494,251,25,19
2020.4.15,518,277,26,24
2020.4.16,539,283,26,21
2020.4.17,548,302,26,9
2020.4.18,548,302,26,9
2020.4.19,584,327,26,22
2020.4.20,609,345,26,25
2020.4.21,634,356,27,25
2020.4.22,663,385,27,29
2020.4.23,678,394,27,15
2020.4.24,712,403,27,34
2020.4.25,726,410,28,14
2020.4.27,736,422,28,10
2020.4.28,766,455,30,16
2020.4.29,773,470,31,7
2020.4.30,782,488,31,9
2020.5.1,789,519,31,7
2020.5.2,795,531,31,6
2020.5.3,803,543,31,8
2020.5.4,820,570,31,17
2020.5.5,832,595,31,12
2020.5.6,842,605,31,10
2020.5.7,850,620,31,8
2020.5.8,856,627,31,6
2020.5.9,868,650,31,12
2020.5.10,872,654,31,12
2020.5.11,876,682,31,4
2020.5.12,880,688,31,4
2020.5.13,898,694,31,18
2020.5.14,916,705,31,18
2020.5.15,933,714,31,17
2020.5.16,946,715,31,13
2020.5.17,948,727,31,2
2020.5.18,948,727,31,2
2020.5.19,949,742,31,1
2020.5.20,964,758,31,15
2020.5.21,969,771,31,5
2020.5.22,981,777,31,12
2020.5.23,989,783,31,8
2020.5.24,998,789,32,9
2020.5.25,1004,795,32,6
2020.5.26,1029,803,33,25
2020.5.27,1050,812,33,21
2020.5.28,1076,823,33,26
2020.5.29,1099,851,33,23
2020.5.30,1122,857,33,23
2020.5.31,1136,872,33,14
2020.6.1,1143,877,33,7
2020.6.2,1164,891,33,21
2020.6.3,1184,898,33,20
2020.6.4,1197,898,33,13
2020.6.5,1212,910,33,15
2020.6.6,1232,925,34,20
2020.6.7,1246,938,34,14
2020.6.8,1263,945,34,17
2020.6.9,1299,960,34,36
2020.6.10,1341,980,34,42
2020.6.11,1385,1001,35,44
2020.6.12,1416,1034,36,31
2020.6.13,1464,1039,36,48
2020.6.14,1521,1044,36,57
2020.6.15,1590,1055,36,69
2020.6.16,1672,1064,37,82
2020.6.17,1722,1077,38,50
2020.6.18,1788,1086,39,66
2020.6.19,1838,1114,42,50
2020.6.20,1891,1126,43,53
2020.6.21,1962,1134,44,71
2020.6.22,1995,1159,44,33
2020.6.23,2047,1195,45,52
2020.6.24,2114,1217,47,67
2020.6.25,2192,1250,49,78
2020.6.26,2269,1298,51,77
2020.6.27,2330,1346,53,61
2020.6.28,2402,1384,55,72
2020.6.29,2466,1438,58,64
2020.6.30,2535,1459,62,69
2020.7.1,2580,1516,65,45
2020.7.2,2662,1559,69,82
2020.7.3,2752,1592,72,90
2020.7.4,2819,1637,74,67
2020.7.5,2893,1657,76,74
2020.7.6,2964,1702,79,71
2020.7.7,3038,1744,81,74
2020.7.8,3106,1791,83,68
2020.7.9,3188,1832,83,82
2020.7.10,3278,1875,85,90
2020.7.11,3371,1881,89,93
2020.7.12,3454,1946,93,83
2020.7.13,3571,2014,95,117
2020.7.14,3667,2062,97,96
2020.7.15,3752,2091,101,85
2020.7.16,3851,2137,104,99
2020.7.17,3906,2214,107,55
2020.7.18,4008,2264,111,102
2020.7.19,4090,2311,112,82
2020.7.20,4090,2311,112,0
2020.7.21,4290,2397,117,200
2020.7.22,4358,2463,120,68
2020.7.23,4466,2523,123,108
2020.7.24,4570,2608,128,104
2020.7.25,4637,2637,134,67
2020.7.26,4637,2637,134,0
2020.7.27,4880,2745,144,243
2020.7.28,4997,2789,148,117
2020.7.29,5105,2830,150,108
2020.7.30,5105,2830,150,0
2020.7.31,5197,2883,154,92
2020.8.1,5396,2961,161,199
2020.8.2,5519,3018,166,123
2020.8.3,5519,3018,166,0
2020.8.4,5750,3031,176,231
2020.8.5,5889,3123,182,139
2020.8.6,6016,3155,188,127
2020.8.7,6151,3227,189,135
2020.8.8,6275,3268,193,124
2020.8.9,6411,3342,199,136
2020.8.10,6536,3379,200,125
2020.8.11,6676,3480,205,140
2020.8.12,6676,3480,205,0
2020.8.13,6971,3616,213,295
2020.8.14,7117,3695,219,146
2020.8.15,7117,3695,219,0
2020.8.16,7380,3794,228,263
2020.8.17,7380,3794,228,0
2020.8.18,7499,3816,230,119
2020.8.19,7654,3871,232,155
2020.8.20,7967,3986,238,313
2020.8.21,7967,3986,238,0
2020.8.22,8119,4096,240,152
2020.8.23,8427,4332,250,308
2020.8.24,8605,4413,254,178
2020.8.25,8759,4530,259,154
2020.8.26,8927,4633,263,168
2020.8.27,9083,4791,266,156
2020.8.28,9195,4923,271,112
2020.8.29,9279,5020,275,84
2020.8.30,9279,5020,275,0
2020.8.31,9380,5139,280,101
2020.9.1,9513,5214,284,133
2020.9.2,9606,5441,290,93
2020.9.3,9844,5732,301,238
2020.9.4,9967,5882,306,123
2020.9.5,10102,5976,312,135
2020.9.6,10102,5976,312,0
2020.9.7,10406,6186,319,304
2020.9.8,10406,6186,319,0
2020.9.9,10553,6239,321,147
2020.9.10,10860,6346,324,307
2020.9.11,10860,6346,324,0
2020.9.12,11021,6443,327,161
2020.9.13,11185,6494,330,164
2020.9.14,11353,6569,334,168
2020.9.15,11672,6668,340,319
2020.9.16,11816,6733,343,144
2020.9.17,11816,6733,343,0
2020.9.18,11948,6788,347,132
2020.9.19,12073,6831,353,125
2020.9.20,12385,6940,362,312
2020.9.21,12385,6940,362,0
2020.9.22,12666,7042,367,281
2020.9.23,12787,7139,370,121
2020.9.24,12921,7239,370,134
2020.9.25,13045,7309,373,124
2020.9.26,13153,7397,375,108
2020.9.27,13259,7397,377,106
2020.9.28,13391,7629,380,132
2020.9.29,13391,7629,380,0
2020.9.30,13649,7847,387,258
2020.10.1,13649,7847,387,0
2020.10.2,13965,8342,389,316
2020.10.3,14117,8536,392,152
2020.10.4,14266,8675,396,149
2020.10.5,14410,8825,400,144
2020.10.6,14568,8965,403,158
2020.10.7,14730,9115,407,162
2020.10.8,14899,9215,411,169
2020.10.9,15066,9304,413,167
2020.10.10,15231,9406,416,165
2020.10.11,15399,9500,420,168
2020.10.12,15570,9585,424,171
2020.10.13,15752,9675,429,182
2020.10.14,15955,9762,434,203
2020.10.15,16212,9864,439,257
2020.10.16,16501,9957,443,289
2020.10.17,16774,10001,448,273
2020.10.18,17055,10071,451,281
2020.10.19,17350,10167,454,295
2020.10.20,17651,10225,458,301
2020.10.21,17948,10341,462,297
2020.10.22,18250,10395,465,302
2020.10.23,18556,10466,469,306
2020.10.24,18858,10548,473,302
2020.10.25,19157,10654,477,299
2020.10.26,19445,10705,480,288
2020.10.27,19445,10705,480,0
2020.10.28,19729,10808,487,284
2020.10.29,20315,11007,499,586
2020.10.30,20634,11097,502,319
2020.10.31,20634,11097,502,0
2020.11.1,20875,11189,509,241
2020.11.2,21523,11367,527,648
2020.11.3,21904,11473,532,381
2020.11.4,21904,11473,532,0
2020.11.5,22300,11578,536,396
2020.11.6,23210,11861,549,910
2020.11.7,23705,12002,557,495
2020.11.8,24206,12092,559,501
2020.11.9,24206,12092,559,0
2020.11.10,24731,12203,571,525
2020.11.11,25801,12493,590,1070
2020.11.12,26211,12574,598,410
2020.11.13,26701,12667,605,490
2020.11.14,27233,12767,612,532
2020.11.15,27830,12889,623,597
2020.11.16,28432,13453,631,602
2020.11.17,28432,13453,631,0
2020.11.18,29126,13804,637,694
2020.11.19,30623,14565,657,1497
2020.11.20,31459,15055,672,836
2020.11.21,32196,15469,685,737
2020.11.22,32761,15842,699,565
2020.11.23,33556,16230,716,795
2020.11.24,34300,16666,735,744
2020.11.25,34944,17031,743,644
2020.11.26,35600,17352,753,656
2020.11.27,36245,17755,771,645
2020.11.28,36790,18152,787,545
2020.11.29,37625,18481,798,835
2020.11.30,38182,18849,810,557
2020.12.1,39014,19384,822,832
2020.12.2,39719,19912,839,705
2020.12.3,40501,20484,852,782
2020.12.4,41302,20974,870,801
2020.12.5,42148,21286,889,846
2020.12.6,42988,21617,905,840
2020.12.7,42988,21617,905,0
2020.12.8,44436,22527,936,1448
2020.12.9,45188,23072,951,752
2020.12.10,46061,23609,965,873
2020.12.11,46863,24136,977,802
2020.12.12,47742,24520,989,879
2020.12.13,48530,24820,1003,788
2020.12.14,49191,24820,1016,661
2020.12.15,50000,25876,1028,809
2020.12.16,50637,26381,1040,637
2020.12.17,51424,26898,1055,787
2020.12.18,51424,26898,1055,0
2020.12.19,52004,27426,1066,580
2020.12.20,53003,28121,1088,999
2020.12.21,53003,28121,1088,0
2020.12.22,53425,28752,1098,422
2020.12.23,53814,29249,1111,389
2020.12.24,54827,30276,1125,1013
2020.12.25,55380,30790,1134,553
2020.12.26,55755,31181,1143,375
2020.12.27,56254,31565,1153,499
2020.12.28,56572,32122,1164,318
2020.12.29,57146,32700,1170,574
2020.12.30,57727,33185,1174,581
2020.12.31,58316,33634,1181,589
2021.1.1,58316,33634,1181,0
2021.1.2,58316,33634,1181,0
2021.1.3,59438,34648,1193,1122
2021.1.4,59623,34996,1199,185
2021.1.5,60283,35551,1210,660
2021.1.6,60283,35551,1210,0
2021.1.7,61705,36535,1223,1422
2021.1.8,62378,36971,1230,673
2021.1.9,62378,36971,1230,0
2021.1.10,63595,37648,1241,1217
2021.1.11,63595,37648,1241,0
2021.1.12,63971,37981,1247,376
2021.1.13,64627,38421,1252,656
2021.1.14,65334,38860,1256,707
2021.1.15,65994,39246,1261,660
2021.1.16,66635,39625,1265,641
2021.1.17,67690,40453,1277,1055
2021.1.18,67690,40453,1277,0
2021.1.19,67982,40870,1281,292
2021.1.20,69238,41969,1291,1256
2021.1.21,69916,42426,1296,678
2021.1.22,70655,42895,1303,739
2021.1.23,71441,43384,1310,786
2021.1.24,71441,43384,1310,0
2021.1.25,72274,43890,1315,833
2021.1.26,72812,44291,1324,538
2021.1.27,73691,44880,1332,879
2021.1.28,75454,45906,1350,1763
2021.1.29,75454,45906,1350,0
2021.1.30,76350,46420,1358,896
2021.1.31,77251,46927,1369,901
2021.2.1,78127,47424,1380,876
2021.2.2,78992,47922,1393,865
2021.2.3,80941,48958,1404,1949
2021.2.4,80941,48958,1404,0
2021.2.5,81993,49543,1418,1052
2021.2.6,83082,50219,1433,1089
2021.2.7,84212,50875,1446,1130
2021.2.8,85336,51444,1460,1124
2021.2.9,86289,52128,1472,953
2021.2.10,87528,52933,1488,1239
2021.2.11,88671,53616,1503,1143
2021.2.12,89776,54362,1517,1105
2021.2.13,90835,55243,1531,1059
2021.2.14,91987,55983,1543,1152
2021.2.15,93075,56764,1555,1088
2021.2.16,93850,57736,1567,775
2021.2.17,94651,58794,1582,801
2021.2.18,95726,59684,1600,1075
2021.2.19,96838,60675,1617,1112
2021.2.20,97909,61605,1636,1071
2021.2.21,99062,62533,1653,1153
2021.2.22,100246,63329,1666,1184
2021.2.23,101285,64318,1681,1039
2021.2.24,102306,65403,1696,1021
2021.2.25,103327,66309,1715,1021
2021.2.26,104313,67158,1736,986
2021.2.27,105229,68007,1756,916
2021.2.28,106215,68969,1775,986
2021.3.1,107167,69773,1796,952
2021.3.2,107931,70413,1816,764
2021.3.3,108823,71173,1835,892
2021.3.4,109674,72076,1856,851
2021.3.5,110521,72853,1876,847
2021.3.6,111301,73610,1897,780
2021.3.7,112078,74352,1918,777
2021.3.8,112897,75190,1939,819
2021.3.9,113580,75887,1956,683
2021.3.10,114209,76784,1969,629
2021.3.11,114840,77498,1986,631
2021.3.12,115442,78259,2002,602
2021.3.13,116123,79131,2018,681
2021.3.14,116821,79821,2030,698
2021.3.15,117474,80483,2045,653
2021.3.16,118017,81061,2060,543
2021.3.17,118492,81810,2077,475
2021.3.18,118938,82554,2092,446
2021.3.19,119528,83264,2106,590
2021.3.20,120022,83954,2122,494
2021.3.21,120541,84625,2133,519
2021.3.22,121200,85147,2137,659
2021.3.23,121544,85846,2145,344
2021.3.24,121847,86497,2156,303
2021.3.25,122295,87193,2171,448
2021.3.26,122767,87760,2184,472
2021.3.27,123216,88349,2192,449
2021.3.28,123641,88899,2204,425
2021.3.29,124134,89456,2210,493
2021.3.30,124419,90024,2216,285
2021.3.31,124723,90617,2227,304
2021.4.1,125157,91271,2235,434
2021.4.2,125842,92500,2247,685
2021.4.3,125842,92500,2247,0
2021.4.4,126183,93173,2256,341
2021.4.5,126531,93842,2265,348
2021.4.6,126795,94431,2274,264
2021.4.7,126936,95035,2283,141
2021.4.8,127192,95600,2291,256
2021.4.9,127509,96129,2297,317
2021.4.10,127795,96672,2304,286
2021.4.11,128155,97206,2310,360
2021.4.12,128393,97723,2317,238
2021.4.13,128752,98903,2326,359
2021.4.14,128752,98903,2326,0
2021.4.15,129128,100013,2335,376
2021.4.16,129128,100013,2335,0
2021.4.17,129307,100600,2337,179
2021.4.18,129594,101584,2342,287
2021.4.19,129594,101584,2342,0
2021.4.20,129694,102171,2347,100
