date,累计确诊,治愈,死亡,新增确诊
2020.4.8,457,109,2,38
2020.4.9,457,109,3,38
2020.4.10,546,109,3,62
2020.4.11,599,109,3,53
2020.4.12,599,109,4,53
2020.4.13,813,130,4,86
2020.4.14,910,130,4,97
2020.4.15,1019,131,4,109
2020.4.16,1069,176,5,50
2020.4.18,1266,233,6,86
2020.4.19,1410,238,7,144
2020.4.20,1410,238,8,98
2020.4.21,1614,238,8,106
2020.4.22,1716,307,8,102
2020.4.23,1790,325,9,74
2020.4.24,1905,329,10,115
2020.4.25,1998,333,10,93
2020.4.26,2049,333,10,51
2020.4.27,2131,364,10,82
2020.4.28,2274,364,10,143
2020.4.29,2348,495,10,74
2020.5.1,2483,750,11,36
2020.5.2,2568,750,12,85
2020.5.3,2637,816,12,69
2020.5.4,2735,858,12,98
2020.5.5,2903,888,13,168
2020.5.6,2958,980,13,55
2020.5.7,3112,1025,15,154
2020.5.8,3224,1068,17,112
2020.5.9,3399,1117,17,175
2020.5.10,3573,1211,17,174
2020.5.11,3721,1250,17,14
2020.5.12,4019,1289,17,298
2020.5.13,4341,1303,17,322
2020.5.14,4625,1350,19,284
2020.5.15,5029,1436,20,404
2020.5.16,5186,1465,22,157
2020.5.17,5379,1496,25,193
2020.5.18,5379,1496,25,0
2020.5.19,5671,1574,27,292
2020.5.20,6043,1661,29,372
2020.5.21,6370,1821,30,327
2020.5.22,6794,1821,32,424
2020.5.23,7257,1848,35,463
2020.5.24,7770,1933,36,513
2020.5.25,7770,1933,37,0
2020.5.26,8118,2067,37,348
2020.5.27,8373,2177,38,255
2020.5.28,9009,2177,40,636
2020.5.29,9820,2396,40,811
2020.5.30,10423,2396,42,603
2020.5.31,11437,2396,47,1014
2020.6.1,12223,2682,50,786
2020.6.2,12799,2812,59,576
2020.6.3,13537,2845,67,738
2020.6.4,14316,3451,67,779
2020.6.5,15086,3451,72,770
2020.6.6,16016,3451,72,930
2020.6.7,16882,3451,75,866
2020.6.8,17486,3793,81,604
2020.6.9,18198,4152,83,712
2020.6.10,18887,5640,84,689
2020.6.11,19954,6623,89,1067
2020.6.12,21071,7489,96,1117
2020.6.13,22077,7530,99,1006
2020.6.14,23481,8454,104,1404
2020.6.15,24524,9533,108,1043
2020.6.16,25269,11089,114,745
2020.6.17,26079,11797,116,810
2020.6.18,26818,13264,119,739
2020.6.19,27670,13974,125,852
2020.6.20,28566,14780,128,896
2020.6.21,29471,15552,131,905
2020.6.22,31076,16408,137,1605
2020.6.23,32394,17279,140,1318
2020.6.24,33536,17972,142,1142
2020.6.25,34902,18520,144,1366
2020.6.26,36034,19482,153,1132
2020.6.27,36953,20363,159,919
2020.6.28,38150,21200,163,1197
2020.6.29,39060,22422,169,910
2020.6.30,40070,23425,176,1010
2020.7.1,41194,24162,185,1124
2020.7.2,42555,25318,188,1361
2020.7.3,43929,26169,193,1374
2020.7.4,45106,26968,203,1177
2020.7.5,46178,27917,213,1072
2020.7.6,47735,29146,218,1557
2020.7.7,48997,31000,224,1262
2020.7.8,50207,32005,233,1210
2020.7.9,51725,33021,236,1518
2020.7.10,53614,34225,244,1889
2020.7.11,54697,35255,248,1083
2020.7.12,56015,36098,257,1318
2020.7.13,58179,37257,259,2164
2020.7.14,59568,37987,273,1389
2020.7.15,61247,39038,281,1679
2020.7.16,62574,40090,290,1327
2020.7.17,64193,41450,298,1619
2020.7.18,65504,42772,308,1311
2020.7.19,66661,44004,318,1157
2020.7.20,68400,45150,326,1739
2020.7.21,69887,46608,337,1487
2020.7.22,71547,47922,349,1660
2020.7.23,72646,51349,355,1099
2020.7.24,73791,53007,359,1145
2020.7.25,74858,54061,371,1067
2020.7.26,76005,55299,384,1147
2020.7.27,77058,57028,393,1053
2020.7.28,77904,58587,402,846
2020.7.29,78569,60240,412,665
2020.7.30,79159,61421,421,590
2020.7.31,79159,61421,421,0
2020.8.1,79159,61421,421,0
2020.8.2,79159,61421,421,0
2020.8.3,79159,61421,421,0
2020.8.4,79159,61421,421,0
2020.8.5,79159,61421,421,0
2020.8.6,80713,70910,492,1554
2020.8.7,81067,72263,502,354
2020.8.8,81357,73481,509,290
2020.8.9,81580,74691,513,223
2020.8.10,81787,76124,521,207
2020.8.11,82050,76720,533,263
2020.8.12,82299,77072,539,249
2020.8.13,82531,77278,551,232
2020.8.14,82743,77427,557,212
2020.8.15,82924,77550,562,181
2020.8.16,83086,77680,572,162
2020.8.17,83226,77812,588,140
2020.8.18,83418,77977,597,192
2020.8.19,83606,78188,603,188
2020.8.20,83769,78386,609,163
2020.8.21,83769,78386,609,0
2020.8.22,83769,78386,609,0
2020.8.23,83769,78386,609,0
2020.8.24,84509,78912,637,740
2020.8.25,84652,79147,642,143
2020.8.26,84818,79409,646,166
2020.8.27,85005,79608,650,187
2020.8.28,85005,79608,650,0
2020.8.29,85005,79608,650,0
2020.8.30,85544,80459,677,539
2020.8.31,85722,80810,685,178
2020.9.1,85928,81024,689,206
2020.9.2,85928,81024,689,0
2020.9.3,86380,81828,705,452
2020.9.4,86380,81828,705,0
2020.9.5,86380,81828,705,0
2020.9.6,87072,82406,728,692
2020.9.7,87328,82805,734,256
2020.9.8,87590,82973,742,262
2020.9.9,87939,83115,751,349
2020.9.10,88337,83325,762,398
2020.9.11,88337,83325,762,0
2020.9.12,88337,83325,762,0
2020.9.13,89746,83771,780,1409
2020.9.14,90222,83928,790,476
2020.9.15,90660,84113,797,438
2020.9.16,91196,84363,805,536
2020.9.17,91753,84648,818,557
2020.9.18,91753,84648,818,0
2020.9.19,91753,84648,818,0
2020.9.20,93475,85418,846,1722
2020.9.21,94051,85781,853,576
2020.9.22,94711,86195,865,660
2020.9.23,95339,86482,875,628
2020.9.24,95907,86765,885,568
2020.9.25,95907,86765,885,0
2020.9.26,95907,86765,885,0
2020.9.27,97450,87801,909,1543
2020.9.28,98057,88234,924,607
2020.9.29,98585,88528,935,528
2020.9.30,98585,88528,935,0
2020.10.1,98585,88528,935,0
2020.10.2,98585,88528,935,0
2020.10.3,98585,88528,935,0
2020.10.4,101270,90296,977,2685
2020.10.5,101814,90600,985,544
2020.10.6,102648,91275,990,834
2020.10.7,103465,91329,1000,817
2020.10.8,104129,91731,1009,664
2020.10.9,104129,91731,1009,0
2020.10.10,104129,91731,1009,0
2020.10.11,105890,92840,1038,1761
2020.10.12,106575,93222,1046,685
2020.10.13,107213,93557,1053,638
2020.10.14,107776,93908,1061,563
2020.10.15,108296,94229,1071,520
2020.10.16,108296,94229,1071,0
2020.10.17,108296,94229,1071,0
2020.10.18,109953,95624,1101,1657
2020.10.19,110594,96400,1114,641
2020.10.20,111033,96949,1122,439
2020.10.21,111484,97367,1137,451
2020.10.22,111837,97949,1147,353
2020.10.23,111837,97949,1147,0
2020.10.24,111837,97949,1147,0
2020.10.25,112932,99278,1174,1095
2020.10.26,113354,99668,1190,422
2020.10.27,113820,99997,1203,466
2020.10.28,114434,103060,1208,614
2020.10.29,114434,103060,1208,0
2020.10.30,114434,103060,1208,0
2020.10.31,114434,103060,1208,0
2020.11.1,115734,105700,1246,1300
2020.11.2,116152,106195,1256,418
2020.11.3,116528,106540,1264,376
2020.11.4,116847,106903,1275,319
2020.11.5,117167,107368,1286,320
2020.11.6,117167,107368,1286,0
2020.11.7,117167,107368,1286,0
2020.11.8,118140,108681,1301,973
2020.11.9,118503,108968,1310,363
2020.11.10,118884,109330,1316,381
2020.11.11,119186,109633,1321,302
2020.11.12,119442,110050,1326,256
2020.11.13,119442,110050,1326,0
2020.11.14,119442,110050,1326,0
2020.11.15,120389,111096,1338,947
2020.11.16,120718,111446,1350,329
2020.11.17,120718,111446,1350,0
2020.11.18,121129,112014,1360,411
2020.11.19,121360,112406,1365,231
2020.11.20,121360,112406,1365,0
2020.11.21,121360,112406,1365,0
2020.11.22,122081,113269,1380,721
2020.11.23,122356,113577,1386,275
2020.11.24,122579,113856,1391,223
2020.11.25,122579,113856,1391,0
2020.11.26,122579,113856,1391,0
2020.11.27,122579,113856,1391,0
2020.11.28,122579,113856,1391,0
2020.11.29,123484,114963,1418,905
2020.11.30,123699,115216,1423,215
2020.12.1,123908,115441,1430,209
2020.12.2,124145,115613,1430,237
2020.12.3,124329,115866,1435,184
2020.12.4,124329,115866,1435,0
2020.12.5,124329,115866,1435,0
2020.12.6,124886,116354,1444,557
2020.12.7,125115,116506,1452,229
2020.12.8,125325,116720,1454,210
2020.12.9,125490,117034,1461,165
2020.12.10,125669,117327,1463,179
2020.12.11,125669,117327,1463,0
2020.12.12,125669,117327,1463,0
2020.12.13,126240,118048,1471,571
2020.12.14,126504,118287,1472,264
2020.12.15,126719,118505,1475,215
2020.12.16,126835,118736,1480,116
2020.12.17,127019,119009,1483,184
2020.12.18,127019,119009,1483,0
2020.12.19,127019,119009,1483,0
2020.12.20,127667,119574,1488,648
2020.12.21,127931,119745,1489,264
2020.12.22,128143,119945,1490,212
2020.12.23,128236,120178,1491,93
2020.12.24,128290,120441,1491,54
2020.12.25,128290,120441,1491,0
2020.12.26,128290,120441,1491,0
2020.12.27,128563,121182,1495,273
2020.12.28,128563,121182,1495,0
2020.12.29,128633,121356,1497,70
2020.12.30,128719,121614,1497,86
2020.12.31,128867,121890,1499,148
2021.1.1,128867,121890,1499,0
2021.1.2,128867,121890,1499,0
2021.1.3,129404,122266,1501,537
2021.1.4,129584,122372,1502,180
2021.1.5,129774,122406,1502,190
2021.1.6,129888,122456,1504,114
2021.1.7,130070,122556,1505,182
2021.1.8,130070,122556,1505,0
2021.1.9,130070,122556,1505,0
2021.1.10,130608,122867,1508,538
2021.1.11,130780,123024,1508,172
2021.1.12,130944,123187,1508,164
2021.1.13,131086,123415,1508,142
2021.1.14,131264,123593,1509,178
2021.1.15,131264,123593,1509,0
2021.1.16,131264,123593,1509,0
2021.1.17,131790,124067,1512,526
2021.1.18,132011,124213,1514,221
2021.1.19,132146,124398,1516,135
2021.1.20,132317,124579,1516,171
2021.1.21,132486,124730,1517,169
2021.1.22,132486,124730,1517,0
2021.1.23,132486,124730,1517,0
2021.1.24,133044,126262,1521,558
2021.1.25,133253,126334,1522,209
2021.1.26,133407,126409,1524,154
2021.1.27,133574,126486,1525,167
2021.1.28,133728,126572,1527,154
2021.1.29,133728,126572,1527,0
2021.1.30,133728,126572,1527,0
2021.1.31,134326,126854,1529,598
2021.2.1,134524,126949,1532,198
2021.2.2,134685,127054,1532,161
2021.2.3,134856,127169,1532,171
2021.2.4,135041,127266,1532,185
2021.2.5,135041,127266,1532,0
2021.2.6,135041,127266,1532,0
2021.2.7,135674,127698,1534,633
2021.2.8,135990,127853,1535,316
2021.2.9,136187,128089,1536,197
2021.2.10,136377,128255,1537,190
2021.2.11,136622,128461,1539,245
2021.2.12,136622,128461,1539,0
2021.2.13,136622,128461,1539,0
2021.2.14,137306,129054,1542,684
2021.2.15,137592,129291,1543,286
2021.2.16,137929,129543,1544,337
2021.2.17,138206,129752,1549,277
2021.2.18,138494,130084,1549,288
2021.2.19,138494,130084,1549,0
2021.2.20,138494,130084,1549,0
2021.2.21,139362,130653,1552,868
2021.2.22,139692,130653,1555,330
2021.2.23,139989,131143,1557,297
2021.2.24,140300,131385,1558,311
2021.2.25,140588,131684,1562,288
2021.2.26,140588,131684,1562,0
2021.2.27,140588,131684,1562,0
2021.2.28,141496,132459,1570,908
2021.3.1,141808,132685,1577,312
2021.3.2,142169,132945,1580,361
2021.3.3,142527,133138,1583,358
2021.3.4,142896,133491,1583,369
2021.3.5,142896,133491,1583,0
2021.3.6,142896,133491,1583,0
2021.3.7,143955,134314,1591,1059
2021.3.8,144404,134684,1594,449
2021.3.9,144831,135005,1597,427
2021.3.10,145257,135227,1600,426
2021.3.11,145257,135227,1600,0
2021.3.12,145257,135227,1600,0
2021.3.13,145257,135227,1600,0
2021.3.14,146867,136429,1608,1610
2021.3.15,147423,136770,1609,556
2021.3.16,148010,137028,1614,587
2021.3.17,148558,137544,1617,548
2021.3.18,149135,137871,1620,577
2021.3.19,149135,137871,1620,0
2021.3.20,149135,137871,1620,0
2021.3.21,150800,139100,1622,1665
2021.3.22,151528,139442,1629,728
2021.3.23,152364,139846,1633,836
2021.3.24,153105,140220,1644,741
2021.3.25,153838,140766,1650,733
2021.3.26,153838,140766,1650,0
2021.3.27,153838,140766,1650,0
2021.3.28,156087,142420,1661,2249
2021.3.29,156883,142944,1662,796
2021.3.30,158056,143398,1669,1173
2021.3.31,159218,143966,1678,1162
2021.4.1,160018,144639,1681,800
2021.4.2,160018,144639,1681,0
2021.4.3,160018,144639,1681,0
2021.4.4,163157,146677,1690,3139
2021.4.5,164274,147539,1722,1117
2021.4.6,165480,148303,1728,1206
2021.4.7,166685,149049,1735,1205
2021.4.8,168005,149969,1747,1320
2021.4.9,168005,149969,1747,0
2021.4.10,168005,149969,1747,0
2021.4.11,171549,152784,1776,3544
2021.4.12,173029,153986,1789,1480
2021.4.13,174364,154771,1798,1335
2021.4.14,175633,155645,1807,1269
2021.4.15,176668,156845,1821,1035
2021.4.16,176668,156845,1821,0
2021.4.17,176668,156845,1821,0
2021.4.18,176668,156845,1821,0
2021.4.19,181430,161670,1890,4762
2021.4.20,182693,162656,1909,1263
