date,累计确诊,治愈,死亡,新增确诊
2020.4.7,2659,239,12,283
2020.4.8,2659,239,12,300
2020.4.9,2990,268,14,331
2020.4.10,3360,418,16,370
2020.4.12,4123,680,22,387
2020.4.13,4521,852,25,398
2020.4.14,4933,933,28,412
2020.4.15,5365,1034,33,432
2020.4.16,5825,1095,35,460
2020.4.17,6302,1188,37,477
2020.4.18,6781,1188,41,479
2020.4.19,7265,1286,41,484
2020.4.20,7755,1443,46,490
2020.4.21,8238,1546,52,483
2020.4.22,8756,1637,56,518
2020.4.24,9281,1760,64,525
2020.4.25,9813,1887,71,532
2020.4.27,10839,2090,82,490
2020.4.29,11929,2329,98,148
2020.4.30,13038,2543,111,557
2020.5.2,13599,2664,119,561
2020.5.4,14730,2966,137,567
2020.5.6,15738,3359,157,546
2020.5.7,16793,3837,174,553
2020.5.9,17417,4295,185,624
2020.5.11,18878,5381,201,680
2020.5.13,20386,6523,206,725
2020.5.14,21831,7328,210,747
2020.5.16,22627,7931,214,796
2020.5.18,23358,8512,220,731
2020.5.19,25063,10791,227,1705
2020.5.20,25063,10791,227,0
2020.5.21,26004,11809,233,941
2020.5.22,26898,12755,237,894
2020.5.23,27892,13798,241,994
2020.5.24,29485,15056,245,1593
2020.5.25,29485,15056,245,0
2020.5.26,31086,15982,253,1601
2020.5.27,31086,15982,253,0
2020.5.28,32532,16685,258,1446
2020.5.29,33170,17097,260,638
2020.5.30,33170,17097,260,0
2020.5.31,34557,17932,264,1387
2020.6.1,34557,17932,264,0
2020.6.2,35788,18726,269,1231
2020.6.3,35788,18726,269,0
2020.6.4,37018,19572,273,1230
2020.6.5,37018,19572,273,0
2020.6.6,37642,20337,274,624
2020.6.7,38808,21806,276,1166
2020.6.8,38808,21806,276,0
2020.6.9,39904,22740,283,1096
2020.6.10,39904,22740,283,0
2020.6.11,40986,25234,286,1082
2020.6.12,41499,25946,287,513
2020.6.13,41990,26761,288,491
2020.6.14,42294,27462,289,304
2020.6.15,42294,27462,289,0
2020.6.16,42982,28861,293,688
2020.6.17,42982,28861,293,0
2020.6.18,43752,30241,298,770
2020.6.19,44145,30996,300,393
2020.6.20,44533,31754,301,388
2020.6.21,44925,32415,302,392
2020.6.22,44925,32415,302,0
2020.6.23,45683,33703,305,758
2020.6.24,45683,33703,305,0
2020.6.25,46563,35165,308,880
2020.6.26,46973,35469,310,410
2020.6.27,46973,35469,310,0
2020.6.28,47797,36411,313,824
2020.6.29,47797,36411,313,0
2020.6.30,48667,37566,315,870
2020.7.1,48667,37566,315,0
2020.7.2,49069,38160,316,402
2020.7.3,49469,38664,317,400
2020.7.4,50857,39857,321,1388
2020.7.5,51540,40297,323,683
2020.7.6,51540,40297,323,0
2020.7.7,52600,41714,326,1060
2020.7.8,53045,42282,327,445
2020.7.9,53577,43570,328,532
2020.7.10,54050,43969,330,473
2020.7.11,54453,44648,331,403
2020.7.12,54453,44648,331,0
2020.7.13,54854,45140,333,401
2020.7.14,55198,45513,334,344
2020.7.15,55573,46025,335,375
2020.7.16,55848,46418,335,275
2020.7.17,56422,48448,337,574
2020.7.18,56711,48917,338,289
2020.7.19,56922,49269,339,211
2020.7.20,57193,49621,340,271
2020.7.21,57498,49964,341,305
2020.7.22,57498,49964,341,0
2020.7.23,57988,50848,342,490
2020.7.24,58249,51235,343,261
2020.7.25,58562,51628,343,313
2020.7.26,58913,52182,344,351
2020.7.27,58913,52182,344,0
2020.7.28,59546,52905,347,633
2020.7.29,59921,53202,347,375
2020.7.30,60223,53626,349,302
2020.7.31,60506,53909,351,283
2020.8.1,60760,54255,351,254
2020.8.2,60999,54615,351,239
2020.8.3,60999,54615,351,0
2020.8.4,61352,55090,351,353
2020.8.5,61606,55385,353,254
2020.8.6,61845,55739,354,239
2020.8.7,62061,56015,356,216
2020.8.8,62300,56245,356,239
2020.8.9,62525,56568,357,225
2020.8.10,62525,56568,357,0
2020.8.11,62966,56961,358,441
2020.8.12,63212,57193,358,246
2020.8.13,63489,57372,358,277
2020.8.14,63819,57473,359,330
2020.8.15,64102,57571,361,283
2020.8.16,64312,57694,364,210
2020.8.17,64541,57794,364,229
2020.8.18,64541,57794,364,0
2020.8.19,65341,58022,367,800
2020.8.20,65802,58153,369,461
2020.8.21,66193,58296,370,391
2020.8.22,66617,58408,372,424
2020.8.23,67007,58488,375,390
2020.8.24,67282,58582,376,275
2020.8.25,67621,58754,377,339
2020.8.26,68020,59070,378,399
2020.8.27,68511,59472,378,491
2020.8.28,68901,59861,379,390
2020.8.29,69328,60202,379,427
2020.8.30,69690,60600,382,362
2020.8.31,69690,60600,382,0
2020.9.1,70231,60931,384,541
2020.9.2,71540,62029,387,1309
2020.9.3,72154,62668,387,614
2020.9.4,72766,63158,387,612
2020.9.5,73471,63652,388,705
2020.9.6,73984,66095,388,513
2020.9.7,74454,66533,390,470
2020.9.8,75098,66943,391,644
2020.9.9,75981,67359,393,883
2020.9.10,76911,67945,398,930
2020.9.11,77842,68462,398,931
2020.9.12,78849,68983,399,1007
2020.9.13,79489,69451,399,640
2020.9.14,80266,69981,399,777
2020.9.15,80940,70635,401,674
2020.9.16,81782,71456,402,842
2020.9.17,82568,72117,402,786
2020.9.18,83433,72790,403,865
2020.9.19,84242,73512,404,809
2020.9.20,84916,74273,404,674
2020.9.21,85595,75086,405,679
2020.9.22,86447,76025,405,852
2020.9.23,87530,76995,406,1083
2020.9.24,88532,77937,407,1002
2020.9.25,89540,78819,409,1008
2020.9.26,90618,79676,411,1078
2020.9.27,91469,80544,412,851
2020.9.28,92095,81462,413,626
2020.9.29,93090,82538,416,995
2020.9.30,93090,82538,416,0
2020.10.1,95348,84903,421,2258
2020.10.2,96529,86071,424,1181
2020.10.3,97760,87122,426,1231
2020.10.4,98801,88123,426,1041
2020.10.5,99733,89410,429,932
2020.10.6,100794,90556,435,1061
2020.10.7,101840,91710,436,1046
2020.10.8,102929,93479,438,1089
2020.10.9,104004,94903,442,1075
2020.10.10,105133,95973,443,1129
2020.10.11,106229,97284,445,1096
2020.10.12,107293,98555,446,1064
2020.10.13,108608,100007,448,1315
2020.10.14,110039,101659,450,1431
2020.10.15,111437,103325,452,1398
2020.10.16,112849,104943,455,1412
2020.10.17,114387,106354,459,1538
2020.10.18,115602,107516,463,1215
2020.10.19,116517,108811,466,915
2020.10.20,117594,110313,470,1077
2020.10.21,119132,111814,472,1538
2020.10.22,120710,113364,474,1578
2020.10.23,122273,115068,475,1563
2020.10.24,123764,116894,475,1491
2020.10.25,125123,118931,477,1359
2020.10.26,126234,120750,480,1111
2020.10.27,127624,122458,482,1390
2020.10.28,129024,124647,485,1400
2020.10.29,130336,126147,488,1312
2020.10.30,131508,127607,490,1172
2020.10.31,132629,128902,495,1121
2020.11.1,133907,130508,496,1278
2020.11.2,135141,132024,497,1234
2020.11.3,136149,133490,503,1008
2020.11.4,137310,134983,505,1161
2020.11.5,138599,136118,508,1289
2020.11.6,139891,136936,510,1292
2020.11.7,141032,137608,514,1141
2020.11.8,142143,138291,514,1111
2020.11.9,143289,138959,515,1146
2020.11.10,144385,139701,518,1096
2020.11.11,145599,140442,520,1214
2020.11.12,146735,141215,523,1136
2020.11.13,147961,141883,528,1226
2020.11.14,149135,142561,528,1174
2020.11.15,150345,143252,530,1210
2020.11.16,151554,143932,534,1209
2020.11.17,152809,144647,538,1255
2020.11.18,154101,145537,542,1292
2020.11.19,155254,146469,544,1153
2020.11.20,156523,147309,547,1269
2020.11.21,157785,148080,548,1262
2020.11.22,158990,148871,552,1205
2020.11.23,160055,149578,554,1065
2020.11.24,161365,150261,559,1310
2020.11.25,162662,151044,563,1297
2020.11.26,162662,151044,563,0
2020.11.27,163967,151870,564,1305
2020.11.28,163967,151870,564,0
2020.11.29,163967,151870,564,0
2020.11.30,168860,154899,572,1107
2020.12.1,170149,155667,576,1289
2020.12.2,171434,156380,580,1285
2020.12.3,172751,157035,585,1317
2020.12.4,174062,157828,586,1311
2020.12.5,175276,158498,589,1214
2020.12.6,176429,159132,592,1153
2020.12.7,177577,159711,594,1148
2020.12.8,178837,160295,596,1260
2020.12.9,180150,161084,598,1313
2020.12.10,181405,161741,602,1255
2020.12.11,182601,162435,607,1196
2020.12.12,183755,163048,609,1154
2020.12.13,183755,163048,609,0
2020.12.14,186041,164349,618,2286
2020.12.15,187267,165023,622,1226
2020.12.16,188545,165749,626,1278
2020.12.17,188545,165749,626,0
2020.12.18,191150,167306,630,2605
2020.12.19,192404,168129,634,1254
2020.12.20,193575,168995,637,1171
2020.12.21,194652,169840,639,1077
2020.12.22,195878,171451,642,1226
2020.12.23,197124,172984,645,1246
2020.12.24,198435,174479,647,1311
2020.12.25,199665,175865,653,1230
2020.12.26,200892,177407,655,1227
2020.12.27,202863,179925,660,1971
2020.12.28,202863,179925,660,0
2020.12.29,204369,181400,662,1506
2020.12.30,206092,183007,665,1723
2020.12.31,207822,184442,669,1730
2021.1.1,209678,186019,671,1856
2021.1.2,211641,188100,674,1963
2021.1.3,213231,189709,679,1590
2021.1.4,214732,191455,682,1501
2021.1.5,216699,193321,685,1967
2021.1.6,218766,195520,689,2067
2021.1.7,221754,199178,694,2988
2021.1.8,224704,201396,697,2950
2021.1.9,227702,203660,702,2998
2021.1.10,230578,206114,708,2876
2021.1.11,232982,208366,711,2404
2021.1.12,236225,210561,717,3243
2021.1.13,239587,213149,723,3362
2021.1.14,242969,215820,726,3382
2021.1.15,246376,218988,733,3407
2021.1.16,249808,222106,740,3432
2021.1.17,253261,225374,745,3453
2021.1.18,256732,228364,751,3471
2021.1.19,260223,231675,756,3491
2021.1.20,263729,235421,762,3506
2021.1.21,267258,239322,766,3529
2021.1.22,270810,243267,776,3552
2021.1.23,274376,247318,783,3566
2021.1.24,277955,251484,792,3579
2021.1.25,281546,255304,798,3591
2021.1.26,285147,259194,805,3601
2021.1.27,285147,259194,805,0
2021.1.28,293052,267024,819,7905
2021.1.29,297014,269999,826,3962
2021.1.30,300661,272769,838,3647
2021.1.31,303609,276958,850,2948
2021.2.1,306339,281410,859,2730
2021.2.2,309649,285201,866,3310
2021.2.3,313626,289276,878,3977
2021.2.4,316875,293180,888,3249
2021.2.5,320126,297040,902,3251
2021.2.6,323402,301081,914,3276
2021.2.7,326495,305759,921,3093
2021.2.8,329293,309692,930,2798
2021.2.9,332603,313060,947,3310
2021.2.10,336142,316053,956,3539
2021.2.11,339667,319787,974,3525
2021.2.12,342974,323191,986,3307
2021.2.13,345605,326780,1001,2631
2021.2.14,348772,331839,1014,3167
2021.2.15,351895,336731,1027,3123
2021.2.16,355131,340365,1041,3236
2021.2.17,358583,343935,1055,3452
2021.2.18,361877,347366,1073,3294
2021.2.19,365017,351715,1093,3140
2021.2.20,368175,356013,1108,3158
2021.2.21,370425,359697,1125,2250
2021.2.22,372530,363052,1140,2105
2021.2.23,375535,366567,1145,3005
2021.2.24,378637,370381,1164,3102
2021.2.25,381662,375059,1182,3025
2021.2.26,385160,377537,1198,3498
2021.2.27,388594,379708,1213,3434
2021.2.28,391524,381225,1221,2930
2021.3.1,394050,382332,1238,2526
2021.3.2,396771,383998,1253,2721
2021.3.3,399463,385587,1269,2692
2021.3.4,402205,387278,1286,2742
2021.3.5,405277,389304,1296,3072
2021.3.6,408236,391205,1310,2959
2021.3.7,410849,392792,1322,2613
2021.3.8,413332,394649,1335,2483
2021.3.9,415705,396433,1345,2373
2021.3.10,417909,398126,1353,2204
2021.3.11,419996,399803,1369,2087
2021.3.12,422246,401539,1378,2250
2021.3.13,424405,403478,1388,2159
2021.3.14,426397,405647,1395,1992
2021.3.15,428295,408085,1402,1898
2021.3.16,430313,410736,1406,2018
2021.3.17,432364,413477,1414,2051
2021.3.18,434465,416105,1424,2101
2021.3.19,436625,418496,1428,2160
2021.3.20,438638,420736,1433,2013
2021.3.21,440355,422696,1438,1717
2021.3.22,442226,424840,1445,1871
2021.3.23,444398,427188,1451,2172
2021.3.24,446594,429573,1456,2196
2021.3.25,448637,431773,1466,2043
2021.3.26,450765,434035,1472,2128
2021.3.27,453069,436463,1477,2304
2021.3.28,455197,438706,1481,2128
2021.3.29,457071,440731,1486,1874
2021.3.30,459360,443153,1492,2289
2021.3.31,461444,445355,1497,2084
2021.4.1,463759,447790,1499,2315
2021.4.2,465939,450111,1502,2180
2021.4.3,468023,452321,1504,2084
2021.4.4,470136,454600,1510,2113
2021.4.5,472148,456747,1512,2012
2021.4.6,474136,458885,1516,1988
2021.4.7,476019,460841,1520,1883
2021.4.8,478131,463032,1523,2112
2021.4.9,480006,464971,1526,1875
2021.4.10,481937,466804,1529,1931
2021.4.11,483747,468456,1531,1810
2021.4.12,485675,470175,1533,1928
2021.4.13,487697,471906,1537,2022
2021.4.14,489495,473398,1541,1798
2021.4.15,491423,475012,1545,1928
2021.4.16,493266,476518,1547,1843
2021.4.17,495224,478063,1550,1958
2021.4.18,497154,479566,1554,1930
2021.4.19,498957,481326,1556,1803
2021.4.20,500860,483180,1559,1903
2021.4.21,502791,485078,1561,1931
