date,累计确诊,治愈,死亡,新增确诊
2020.4.8,1795,358,80,80
2020.4.9,1894,365,79,99
2020.4.10,1975,375,82,81
2020.4.11,2142,440,89,167
2020.4.12,2208,468,95,66
2020.4.13,2277,515,98,135
2020.4.14,2443,559,105,166
2020.4.15,2571,596,112,294
2020.4.16,2669,631,122,98
2020.4.17,2758,666,129,89
2020.4.18,2839,685,132,170
2020.4.19,2941,709,134,102
2020.4.20,3031,737,142,90
2020.4.21,3144,840,151,113
2020.4.22,3288,872,159,144
2020.4.23,3435,919,165,147
2020.4.24,3607,976,176,172
2020.4.25,3780,1030,185,173
2020.4.26,3892,1107,192,112
2020.4.27,4003,1140,197,111
2020.4.28,4127,1162,207,124
2020.4.29,4285,1192,214,158
2020.4.30,4428,1256,218,143
2020.5.1,4532,1292,225,104
2020.5.2,4681,1320,237,149
2020.5.4,4887,1442,260,104
2020.5.5,5020,1472,264,133
2020.5.6,5208,1524,273,188
2020.5.7,5371,1601,282,163
2020.5.8,5611,1659,293,240
2020.5.9,5766,1728,300,155
2020.5.10,6021,1757,305,245
2020.5.11,6265,1837,314,231
2020.5.12,6563,1862,319,285
2020.5.13,6879,2266,329,316
2020.5.14,7134,2385,353,255
2020.5.15,7479,2497,356,345
2020.5.16,7805,2534,363,326
2020.5.17,8068,2569,373,263
2020.5.18,8068,2625,374,0
2020.5.19,8371,2625,382,303
2020.5.20,8809,2933,394,438
2020.5.21,9283,2933,403,474
2020.5.22,9931,3032,419,648
2020.5.23,10649,3530,439,718
2020.5.24,11353,3530,445,704
2020.5.25,12076,3999,456,723
2020.5.26,12628,4167,471,552
2020.5.27,13228,4349,492,600
2020.5.28,13933,4349,501,705
2020.5.29,14702,4788,510,769
2020.5.30,15419,4788,520,717
2020.5.31,16214,5336,530,795
2020.6.1,16851,5521,541,637
2020.6.2,17415,5709,560,564
2020.6.3,18319,5896,570,904
2020.6.4,19268,5993,588,949
2020.6.5,20197,6088,615,929
2020.6.6,21037,6180,642,840
2020.6.7,22020,6909,656,983
2020.6.8,22794,7305,670,774
2020.6.9,23620,7568,698,826
2020.6.10,24761,7991,717,1141
2020.6.11,25987,8332,741,1226
2020.6.12,27373,8743,772,1386
2020.6.13,28764,9083,802,1391
2020.6.14,30295,9564,819,1531
2020.6.15,31577,9891,842,1282
2020.6.16,32785,10174,862,1208
2020.6.17,34159,10512,886,1374
2020.6.18,35552,10721,929,1393
2020.6.19,37510,11851,954,1958
2020.6.20,39570,12206,980,2060
2020.6.21,41204,12728,1000,1634
2020.6.22,42785,13153,1016,1581
2020.6.23,44931,13576,1049,2146
2020.6.24,47216,13816,1085,2285
2020.6.25,49851,14788,1124,2635
2020.6.26,52457,18416,1167,2606
2020.6.27,55343,19143,1192,2886
2020.6.28,57744,20134,1217,2401
2020.6.29,59933,21138,1245,2189
2020.6.30,62268,22028,1283,2335
2020.7.1,64530,23040,1310,2262
2020.7.2,67197,24186,1363,2667
2020.7.3,69941,25224,1403,2744
2020.7.4,72786,25930,1453,2845
2020.7.5,75376,27597,1490,2590
2020.7.6,77815,28531,1523,2439
2020.7.7,80447,30095,1602,2632
2020.7.8,83426,36502,1654,2979
2020.7.9,87030,38313,1707,3604
2020.7.10,90693,38984,1749,3663
2020.7.11,94060,41408,1787,3367
2020.7.12,97509,42694,1818,3449
2020.7.13,100166,44173,1859,2657
2020.7.14,103265,45467,1926,3099
2020.7.15,106910,47298,1987,3645
2020.7.16,111146,47298,2050,4236
2020.7.17,114783,49780,2133,3637
2020.7.18,119301,52607,2204,4518
2020.7.19,122524,54105,2246,3223
2020.7.20,126755,55913,2281,4231
2020.7.21,130774,55913,2373,4019
2020.7.22,136118,60531,2506,5344
2020.7.23,141900,62815,2617,5782
2020.7.24,148027,65447,2722,6127
2020.7.25,153520,68022,2847,5493
2020.7.26,158334,68022,2893,4814
2020.7.27,162526,72575,2956,4192
2020.7.28,167416,75083,3082,4890
2020.7.29,173355,75083,3179,5939
2020.7.30,178996,77855,3288,5641
2020.7.31,185373,83780,3466,6377
2020.8.1,191302,86499,3558,5929
2020.8.2,196543,89026,3612,5241
2020.8.3,201919,91302,3667,5376
2020.8.4,206743,94129,3863,4824
2020.8.5,213535,96948,4009,6792
2020.8.6,220682,99852,4135,7147
2020.8.7,228195,99852,4251,7513
2020.8.8,235677,108242,4450,7482
2020.8.9,241811,108242,4556,6134
2020.8.10,246499,108242,4634,4688
2020.8.11,253868,181389,4785,7369
2020.8.12,260911,187283,5088,7043
2020.8.13,268574,192434,5246,7663
2020.8.14,276072,199005,5428,7498
2020.8.15,282437,199005,5527,6365
2020.8.16,289100,211702,5657,6663
2020.8.17,294569,211702,5703,5469
2020.8.18,299126,223531,5877,4557
2020.8.19,305966,228725,6114,6840
2020.8.20,312659,233651,6406,6693
2020.8.21,320884,239806,6567,8225
2020.8.22,329043,245781,6795,8159
2020.8.23,336802,251400,6947,7759
2020.8.24,342154,256789,7079,5352
2020.8.25,350867,263202,7402,8713
2020.8.26,359638,268801,7661,8771
2020.8.27,370188,274458,7944,10550
2020.8.28,380292,280165,8129,10104
2020.8.29,392009,287220,8305,11717
2020.8.30,401239,294007,8401,9230
2020.8.31,408426,301195,8498,7187
2020.9.1,417735,308376,8730,9309
2020.9.2,428239,315530,8971,10504
2020.9.3,439172,322461,9155,10933
2020.9.4,451198,331621,9468,12026
2020.9.5,461882,340381,9685,10684
2020.9.6,471806,349132,9807,9924
2020.9.7,478792,357388,9912,6986
2020.9.8,488007,366590,10179,9215
2020.9.9,500034,382490,10457,12027
2020.9.10,512293,390098,10713,12259
2020.9.11,524198,400121,10994,11905
2020.9.12,535705,409771,11206,11507
2020.9.13,546481,419513,11307,10776
2020.9.14,555537,428953,11412,9056
2020.9.15,565446,438883,11710,9909
2020.9.16,577338,448263,11910,11892
2020.9.17,589012,456347,12229,11674
2020.9.18,601713,467286,12491,12701
2020.9.19,613658,478077,12705,11945
2020.9.20,622934,488231,12909,9276
2020.9.21,631365,488231,13053,8431
2020.9.22,640147,508563,13482,8782
2020.9.23,652174,517228,13952,12027
2020.9.24,664799,525486,14376,12625
2020.9.25,678266,536589,14766,13467
2020.9.26,691235,546924,15208,12969
2020.9.27,702484,556489,15543,11249
2020.9.28,711325,565935,15749,8841
2020.9.29,723132,576715,16113,11807
2020.9.30,736609,585857,16519,13477
2020.10.1,751001,594645,16937,14392
2020.10.2,765002,603140,20288,14001
2020.10.3,779689,614515,20599,14687
2020.10.4,790818,626114,20795,11129
2020.10.5,798486,636672,21018,7668
2020.10.6,809728,649017,21468,11242
2020.10.7,824468,660272,21827,14740
2020.10.8,840915,670725,22226,16447
2020.10.9,856369,684844,22710,15454
2020.10.10,871468,697141,23225,15099
2020.10.11,883882,709464,23581,12414
2020.10.12,894206,721380,23868,10324
2020.10.13,903730,732582,24186,9524
2020.10.14,917035,742235,24572,13305
2020.10.15,931967,751146,24921,14932
2020.10.16,949063,764859,25342,17096
2020.10.17,965609,778501,25723,16546
2020.10.18,979119,791174,26107,13510
2020.10.19,989680,803965,26267,10561
2020.10.20,1002662,803965,26716,12982
2020.10.21,1018999,829647,27100,16337
2020.10.22,1037325,840520,27519,18326
2020.10.23,1053650,851854,27957,16325
2020.10.24,1069368,866695,28338,15718
2020.10.25,1081336,881113,28613,11968
2020.10.26,1090589,894819,28896,9253
2020.10.27,1102301,909586,29301,11712
2020.10.28,1116609,921344,29730,14308
2020.10.29,1130533,931147,30071,13924
2020.10.30,1143800,946134,30442,13267
2020.10.31,1157179,961101,30792,13379
2020.11.1,1166924,973939,31002,9745
2020.11.2,1173533,985316,31140,6609
2020.11.3,1183131,998016,31623,9598
2020.11.4,1195276,1009278,32052,12145
2020.11.5,1205928,1017647,32520,10652
2020.11.6,1217028,1030137,32766,11100
2020.11.7,1228814,1042237,33136,11786
2020.11.8,1236851,1053313,33348,8037
2020.11.9,1242182,1062911,33560,5331
2020.11.10,1250499,1073577,33907,8317
2020.11.11,1262476,1081897,34183,11977
2020.11.12,1273356,1081897,34531,10880
2020.11.13,1284519,1100180,34782,11163
2020.11.14,1296378,1110477,35045,11859
2020.11.15,1304846,1119366,35307,8468
2020.11.16,1310491,1129102,35436,5645
2020.11.17,1318384,1140196,35727,7893
2020.11.18,1329005,1148833,36106,10621
2020.11.19,1339337,1156474,36347,10332
2020.11.20,1349434,1167514,36532,10097
2020.11.21,1359042,1177819,36790,9608
2020.11.22,1366182,1187053,36902,7140
2020.11.23,1370366,1195492,37002,4184
2020.11.24,1374631,1203800,37122,4265
2020.11.25,1381795,1210634,37432,7164
2020.11.26,1390388,1217284,37714,8593
2020.11.27,1407277,1235257,38216,16889
2020.11.28,1413375,1242877,38322,6098
2020.11.29,1418807,1249843,38473,5432
2020.11.30,1424533,1257227,38730,11158
2020.12.1,1424533,1257227,38730,0
2020.12.2,1432570,1263251,38928,8037
2020.12.3,1440103,1268358,39156,7533
2020.12.4,1447732,1274675,39305,7629
2020.12.5,1454631,1281955,39512,6899
2020.12.6,1459832,1288785,39632,5201
2020.12.7,1463110,1294692,39770,3278
2020.12.8,1466309,1300696,39888,3199
2020.12.9,1469919,1305587,40009,3610
2020.12.10,1475222,1311488,40222,5303
2020.12.11,1482216,1318187,40431,6994
2020.12.12,1489328,1324792,40606,7112
2020.12.13,1494602,1330160,40668,5274
2020.12.14,1498160,1335317,40766,3558
2020.12.15,1503222,1340120,41041,5062
2020.12.16,1510203,1344300,41204,6981
2020.12.17,1517046,1347914,41365,6843
2020.12.18,1524372,1352556,41534,7326
2020.12.19,1531374,1356755,41672,7002
2020.12.20,1537169,1362617,41763,5795
2020.12.21,1541285,1368346,41813,4116
2020.12.22,1547138,1374401,41997,5853
2020.12.23,1555279,1379726,42254,8141
2020.12.24,1563865,1384277,42314,8586
2020.12.25,1571680,1384277,42392,7815
2020.12.26,1574554,1384277,42422,2874
2020.12.27,1583297,1407926,42650,8743
2020.12.28,1590513,1414680,42868,7216
2020.12.29,1590513,1414680,42868,0
2020.12.30,1602163,1420885,43018,11650
2020.12.31,1613928,1426676,43163,11765
2021.1.1,1625514,1426676,43245,11586
2021.1.2,1629594,1426676,43319,4080
2021.1.3,1634834,1447092,43375,5240
2021.1.4,1640718,1452960,43482,5884
2021.1.5,1648940,1458083,43634,8222
2021.1.6,1662730,1466616,43785,13790
2021.1.7,1676171,1474048,43976,13441
2021.1.8,1690006,1484794,44122,13835
2021.1.9,1703352,1494896,44273,13346
2021.1.10,1714409,1504330,44417,11057
2021.1.11,1722217,1511750,44495,7808
2021.1.12,1730921,1518715,44654,8704
2021.1.13,1744704,1527861,44848,13783
2021.1.14,1757429,1536423,44983,12725
2021.1.15,1770715,1549490,45125,13286
2021.1.16,1783047,1561963,45227,12332
2021.1.17,1791979,1573104,45295,8932
2021.1.18,1799243,1583465,45407,7264
2021.1.19,1807428,1594768,45832,8185
2021.1.20,1819569,1604373,46066,12141
2021.1.21,1831681,1613773,46216,12112
2021.1.22,1843077,1625755,46355,11396
2021.1.23,1853830,1636826,46575,10753
2021.1.24,1862192,1646668,46737,8362
2021.1.25,1867223,1656149,46827,5031
2021.1.26,1874801,1666527,47034,7578
2021.1.27,1885210,1674555,47253,10409
2021.1.28,1896053,1682563,47435,10843
2021.1.29,1905524,1693146,47601,9471
2021.1.30,1915362,1703459,47775,9838
2021.1.31,1922264,1712868,47931,6902
2021.2.1,1927239,1721650,47974,4975
2021.2.2,1933853,1729999,48249,6614
2021.2.3,1943548,1738768,48426,9695
2021.2.4,1952744,1745208,48539,9196
2021.2.5,1961635,1754705,48700,8891
2021.2.6,1970009,1763762,48985,8374
2021.2.7,1976689,1772059,49110,6680
2021.2.8,1980347,1778965,49171,3658
2021.2.9,1985501,1786178,49398,5154
2021.2.10,1993295,1792321,49566,7794
2021.2.11,2001034,1798120,49674,7739
2021.2.12,2008345,1806260,49874,7311
2021.2.13,2015496,1814160,50029,7151
2021.2.14,2021553,1820965,50188,6057
2021.2.15,2025798,1827118,50236,4245
2021.2.16,2029057,1833442,50327,3259
2021.2.17,2033060,1838291,50432,4003
2021.2.18,2039124,1842878,50616,6064
2021.2.19,2046795,1849451,50857,7671
2021.2.20,2054681,1855645,51000,7886
2021.2.21,2060625,1861433,51122,5944
2021.2.22,2064334,1866501,51198,3709
2021.2.23,2069751,1872213,51359,5417
2021.2.24,2077228,1877898,51510,7477
2021.2.25,2085411,1882568,51650,8183
2021.2.26,2093645,1886732,51795,8234
2021.2.27,2098728,1892834,51887,5083
2021.2.28,2104197,1899087,51946,5469
2021.3.1,2107365,1905021,51965,3168
2021.3.2,2112023,1911338,52077,4658
2021.3.3,2118676,1916936,52192,6653
2021.3.4,2126531,1921589,52453,7855
2021.3.5,2133963,1928377,52644,7432
2021.3.6,2141854,1934845,52784,7891
2021.3.7,2146714,1940317,52870,4860
2021.3.8,2149636,1945816,52880,2922
2021.3.9,2154694,1951540,53121,5058
2021.3.10,2162001,1956591,53252,7307
2021.3.11,2169694,1961640,53359,7693
2021.3.12,2177898,1968462,53493,8204
2021.3.13,2185747,1974866,53578,7849
2021.3.14,2192025,1981157,53646,6278
2021.3.15,2195722,1986903,53670,3697
2021.3.16,2201886,1993215,53836,6164
2021.3.17,2210121,1998594,54036,8235
2021.3.18,2218425,2003121,54231,8304
2021.3.19,2226753,2009877,54386,8328
2021.3.20,2234913,2016729,54476,8160
2021.3.21,2241739,2023664,54517,6826
2021.3.22,2245771,2030153,54545,4032
2021.3.23,2252172,2037686,54671,6401
2021.3.24,2261577,2043957,54823,9405
2021.3.25,2269877,2049035,54946,8300
2021.3.26,2278115,2056472,55092,8238
2021.3.27,2291051,2064479,55235,12936
2021.3.28,2301389,2072228,55368,10338
2021.3.29,2308597,2079515,55449,7208
2021.3.30,2322611,2088256,55611,14014
2021.3.31,2332765,2095853,55736,10154
2021.4.1,2348821,2102616,55858,16056
2021.4.2,2363251,2112266,55941,14430
2021.4.3,2373153,2121954,56023,9902
2021.4.4,2383537,2130640,56106,10384
2021.4.5,2393492,2140480,56199,9955
2021.4.6,2407159,2153509,56471,13667
2021.4.7,2428029,2164045,56634,20870
2021.4.8,2450068,2174625,56832,22039
2021.4.9,2473751,2188983,57122,23683
2021.4.10,2497881,2203926,57350,24130
2021.4.11,2517300,2217783,57647,19419
2021.4.12,2532562,2233140,57779,15262
2021.4.13,2551999,2247124,57957,19437
2021.4.14,2579000,2262875,58174,27001
2021.4.15,2604157,2278486,58542,25157
2021.4.16,2629156,2300232,58925,24999
2021.4.17,2658628,2324107,59084,29472
2021.4.18,2677747,2343808,59164,19119
2021.4.19,2694014,2364171,59228,16267
2021.4.20,2714475,2386383,59476,20461
2021.4.21,2743620,2407853,59792,29145
