date,累计确诊,治愈,死亡,新增确诊
2020.4.8,77,14,0,3
2020.4.9,82,20,0,5
2020.4.10,86,27,0,4
2020.4.11,92,29,0,6
2020.4.15,93,39,1,1
2020.4.16,95,39,2,2
2020.4.17,96,43,2,1
2020.4.19,97,49,2,1
2020.4.21,97,51,2,0
2020.4.22,100,68,2,3
2020.4.24,100,69,2,0
2020.4.26,100,73,2,0
2020.4.30,100,79,2,0
2020.5.5,101,82,2,1
2020.5.16,101,93,3,0
2020.5.17,101,93,3,0
2020.5.18,101,93,3,0
2020.5.19,101,93,3,0
2020.5.20,101,93,3,0
2020.5.21,101,95,3,0
2020.5.22,101,95,3,0
2020.5.23,101,95,3,0
2020.5.24,101,95,3,0
2020.5.25,101,95,3,0
2020.5.26,101,95,3,0
2020.5.27,101,95,3,0
2020.5.28,101,97,3,0
2020.5.29,101,98,3,0
2020.5.30,101,98,3,0
2020.5.31,101,98,3,0
2020.6.1,101,98,3,0
2020.6.2,101,98,3,0
2020.6.3,101,98,3,0
2020.6.4,101,98,3,0
2020.6.5,101,98,3,0
2020.6.6,101,98,3,0
2020.6.7,101,98,3,0
2020.6.8,101,98,3,0
2020.6.9,101,98,3,0
2020.6.10,101,98,3,0
2020.6.11,101,98,3,0
2020.6.12,101,98,3,0
2020.6.13,101,98,3,0
2020.6.14,101,98,3,0
2020.6.15,101,98,3,0
2020.6.16,101,98,3,0
2020.6.17,101,98,3,0
2020.6.18,101,98,3,0
2020.6.19,101,98,3,0
2020.6.20,101,98,3,0
2020.6.21,101,98,3,0
2020.6.22,101,98,3,0
2020.6.23,101,98,3,0
2020.6.24,101,98,3,0
2020.6.25,101,98,3,0
2020.6.26,101,98,3,0
2020.6.27,101,98,3,0
2020.6.28,101,98,3,0
2020.6.29,101,98,3,0
2020.6.30,103,98,3,2
2020.7.1,103,98,3,0
2020.7.2,103,98,3,0
2020.7.3,104,98,3,1
2020.7.4,104,98,3,0
2020.7.5,105,98,3,1
2020.7.6,105,98,3,0
2020.7.7,105,98,3,0
2020.7.8,105,98,3,0
2020.7.9,105,98,3,0
2020.7.10,105,98,3,0
2020.7.11,105,98,3,0
2020.7.12,105,99,3,0
2020.7.13,105,99,3,0
2020.7.14,105,99,3,0
2020.7.15,106,99,3,1
2020.7.16,106,99,3,0
2020.7.17,108,100,3,2
2020.7.18,111,100,3,3
2020.7.19,111,100,3,0
2020.7.20,113,100,3,2
2020.7.21,115,100,3,2
2020.7.22,117,100,3,2
2020.7.23,117,100,3,0
2020.7.24,117,101,3,0
2020.7.25,118,101,3,1
2020.7.26,119,102,3,1
2020.7.27,119,102,3,0
2020.7.28,119,102,3,0
2020.7.29,119,102,3,0
2020.7.30,119,102,3,0
2020.7.31,120,105,3,1
2020.8.1,121,105,3,1
2020.8.2,121,105,3,0
2020.8.3,122,111,3,1
2020.8.4,124,112,3,2
2020.8.5,132,112,3,8
2020.8.6,171,112,3,39
2020.8.7,263,114,3,92
2020.8.8,396,114,3,133
2020.8.9,509,114,3,113
2020.8.10,563,114,3,54
2020.8.11,630,114,3,67
2020.8.12,717,114,3,87
2020.8.13,798,114,3,81
2020.8.14,894,114,4,96
2020.8.15,973,114,4,79
2020.8.16,1048,193,4,75
2020.8.17,1102,200,4,54
2020.8.18,1121,212,4,19
2020.8.19,1205,277,4,84
2020.8.20,1296,277,5,91
2020.8.21,1387,277,6,91
2020.8.22,1464,415,6,77
2020.8.23,1534,446,7,70
2020.8.24,1568,455,7,34
2020.8.25,1628,461,7,60
2020.8.26,1670,565,8,42
2020.8.27,1760,587,8,90
2020.8.28,1848,608,8,88
2020.8.29,1906,743,9,58
2020.8.30,1975,765,10,69
2020.8.31,1997,765,10,22
2020.9.1,2006,768,10,9
2020.9.2,2104,857,10,98
2020.9.3,2211,934,12,107
2020.9.4,2292,1031,13,81
2020.9.5,2358,1119,13,66
2020.9.6,2428,1206,14,70
2020.9.7,2449,1206,14,21
2020.9.8,2482,1244,15,33
2020.9.9,2589,1293,15,107
2020.9.10,2730,1351,15,141
2020.9.11,2819,1407,16,89
2020.9.12,2898,1451,18,79
2020.9.13,2994,1542,18,96
2020.9.14,3046,1542,18,52
2020.9.15,3060,1566,20,14
2020.9.16,3152,1610,22,92
2020.9.17,3328,1676,22,176
2020.9.18,3382,1742,23,54
2020.9.19,3460,2128,23,78
2020.9.20,3460,2128,23,0
2020.9.21,3551,2239,23,91
2020.9.22,3587,2369,24,36
2020.9.23,3665,2426,25,78
2020.9.24,3721,2501,25,56
2020.9.25,3756,2664,25,35
2020.9.26,3799,2753,25,43
2020.9.27,3832,2829,25,33
2020.9.28,3844,2948,25,12
2020.9.29,3872,3037,25,28
2020.9.30,3934,3181,26,62
2020.10.1,3963,3259,27,29
2020.10.2,3998,3327,27,35
2020.10.3,4038,3406,30,40
2020.10.4,4074,3474,30,36
2020.10.5,4079,3532,30,5
2020.10.6,4094,3612,31,15
2020.10.7,4108,3643,31,14
2020.10.8,4133,3678,31,25
2020.10.9,4150,3718,31,17
2020.10.10,4167,3718,32,17
2020.10.11,4188,3753,32,21
2020.10.12,4194,3768,33,6
2020.10.13,4197,3790,33,3
2020.10.14,4229,3849,33,32
2020.10.15,4255,3875,32,26
2020.10.16,4285,3910,32,30
2020.10.17,4289,3947,32,4
2020.10.18,4304,3983,34,15
2020.10.19,4322,3983,34,18
2020.10.20,4334,4040,34,12
2020.10.21,4355,4065,34,21
2020.10.22,4369,4084,35,14
2020.10.23,4389,4120,36,20
2020.10.24,4401,4160,36,12
2020.10.25,4410,4186,36,9
2020.10.26,4420,4209,36,10
2020.10.27,4422,4222,36,2
2020.10.28,4437,4253,36,15
2020.10.29,4455,4265,37,18
2020.10.30,4472,4286,37,17
2020.10.31,4494,4286,37,22
2020.11.1,4513,4319,38,19
2020.11.2,4519,4326,38,6
2020.11.3,4524,4331,38,5
2020.11.4,4538,4340,38,14
2020.11.5,4553,4348,39,15
2020.11.6,4564,4352,39,11
2020.11.7,4578,4367,39,14
2020.11.8,4589,4383,40,11
2020.11.9,4600,4389,40,11
2020.11.10,4606,4389,41,6
2020.11.11,4622,4399,42,16
2020.11.12,4631,4419,43,9
2020.11.13,4639,4497,43,8
2020.11.14,4650,4511,43,11
2020.11.15,4658,4521,44,8
2020.11.16,4662,4534,44,4
2020.11.17,4668,4535,44,6
2020.11.18,4676,4547,44,8
2020.11.19,4685,4558,45,9
2020.11.20,4693,4569,45,8
2020.11.21,4698,4580,45,5
2020.11.22,4724,4588,45,26
2020.11.23,4731,4596,45,7
2020.11.24,4737,4607,45,6
2020.11.25,4751,4618,45,14
2020.11.26,4778,4632,45,27
2020.11.27,4791,4640,45,13
2020.11.28,4808,4648,45,17
2020.11.29,4833,4664,45,25
2020.11.30,4845,4692,45,25
2020.12.1,4845,4692,45,0
2020.12.2,4872,4705,45,27
2020.12.3,4902,4718,45,30
2020.12.4,4923,4733,45,21
2020.12.5,4942,4746,45,19
2020.12.6,4957,4763,45,15
2020.12.7,4965,4788,45,8
2020.12.8,4966,4801,45,1
2020.12.9,4984,4827,45,18
2020.12.10,4996,4856,45,12
2020.12.11,5011,4865,46,15
2020.12.12,5031,4879,46,20
2020.12.13,5044,4890,46,13
2020.12.14,5049,4896,46,5
2020.12.15,5056,4903,46,7
2020.12.16,5079,4911,46,23
2020.12.17,5106,4919,47,27
2020.12.18,5124,4919,47,18
2020.12.19,5138,4928,47,14
2020.12.20,5155,4937,47,17
2020.12.21,5163,4957,47,8
2020.12.22,5176,4969,47,13
2020.12.23,5199,4997,47,23
2020.12.24,5228,5008,47,29
2020.12.25,5257,5031,47,29
2020.12.26,5268,5058,49,11
2020.12.27,5305,5092,49,37
2020.12.28,5323,5110,49,18
2020.12.29,5323,5110,49,0
2020.12.30,5373,5118,49,50
2020.12.31,5442,5132,49,69
2021.1.1,5489,5149,49,47
2021.1.2,5509,5179,49,20
2021.1.3,5532,5209,49,23
2021.1.4,5564,5209,49,32
2021.1.5,5606,5218,49,42
2021.1.6,5716,5237,50,110
2021.1.7,5811,5273,50,95
2021.1.8,5883,5323,50,72
2021.1.9,5977,5389,50,94
2021.1.10,6013,5436,50,36
2021.1.11,6042,5456,51,29
2021.1.12,6068,5479,52,26
2021.1.13,6154,5511,52,86
2021.1.14,6228,5552,52,74
2021.1.15,6296,5662,52,68
2021.1.16,6350,5757,52,54
2021.1.17,6405,5829,52,55
2021.1.18,6435,5923,52,30
2021.1.19,6451,5923,52,16
2021.1.20,6523,5959,52,72
2021.1.21,6562,5987,52,39
2021.1.22,6623,6013,52,61
2021.1.23,6656,6098,56,33
2021.1.24,6708,6172,56,52
2021.1.25,6723,6240,56,15
2021.1.26,6742,6294,57,19
2021.1.27,6768,6349,57,26
2021.1.28,6809,6378,58,41
2021.1.29,6858,6394,59,49
2021.1.30,6896,6466,59,38
2021.1.31,6944,6505,59,48
2021.2.1,6966,6566,59,22
2021.2.2,6986,6593,59,20
2021.2.3,7028,6648,59,42
2021.2.4,7083,6681,61,55
2021.2.5,7134,6706,61,51
2021.2.6,7168,6747,62,34
2021.2.7,7202,6796,62,34
2021.2.8,7223,6834,62,21
2021.2.9,7238,6881,64,15
2021.2.10,7286,6902,66,48
2021.2.11,7319,6922,68,33
2021.2.12,7338,6962,68,19
2021.2.13,7368,7017,68,30
2021.2.14,7400,7067,68,32
2021.2.15,7413,7067,68,13
2021.2.16,7438,7098,68,25
2021.2.17,7461,7131,69,23
2021.2.18,7513,7152,69,52
2021.2.19,7553,7198,70,40
2021.2.20,7599,7242,71,46
2021.2.21,7647,7291,71,48
2021.2.22,7674,7323,71,27
2021.2.23,7692,7361,71,18
2021.2.24,7735,7384,71,43
2021.2.25,7775,7436,71,40
2021.2.26,7804,7494,71,29
2021.2.27,7849,7526,71,45
2021.2.28,7876,7563,73,27
2021.3.1,7891,7595,73,15
2021.3.2,7908,7655,74,17
2021.3.3,7938,7695,74,30
2021.3.4,7973,7724,75,35
2021.3.5,8009,7725,75,36
2021.3.6,8054,7796,76,45
2021.3.7,8089,7811,76,35
2021.3.8,8110,7828,77,21
2021.3.9,8110,7828,77,0
2021.3.10,8177,7893,77,67
2021.3.11,8227,7929,77,50
2021.3.12,8272,7974,77,45
2021.3.13,8320,8009,77,48
2021.3.14,8376,8028,78,56
2021.3.15,8395,8045,79,19
2021.3.16,8421,8074,79,26
2021.3.17,8482,8094,80,61
2021.3.18,8551,8143,81,69
2021.3.19,8624,8164,81,73
2021.3.20,8664,8188,82,40
2021.3.21,8731,8222,82,67
2021.3.22,8771,8252,82,40
2021.3.23,8800,8292,82,29
2021.3.24,8902,8310,82,102
2021.3.25,8985,8336,82,83
2021.3.26,9073,8373,82,88
2021.3.27,9142,8401,82,69
2021.3.28,9214,8455,82,72
2021.3.29,9259,8558,82,45
2021.3.30,9294,8608,82,35
2021.3.31,9374,8635,85,80
2021.4.1,9443,8684,86,69
2021.4.2,9503,8713,86,60
2021.4.3,9560,8815,86,57
2021.4.4,9607,8898,86,47
2021.4.5,9638,8984,90,31
2021.4.6,9681,9053,90,43
2021.4.7,9760,9125,91,79
2021.4.8,9834,9170,92,74
2021.4.9,9896,9205,92,62
2021.4.10,9958,9283,92,62
2021.4.11,10016,9351,92,58
2021.4.12,10050,9411,92,34
2021.4.13,10076,9468,92,26
2021.4.14,10122,9515,92,46
2021.4.15,10159,9573,92,37
2021.4.16,10219,9611,92,60
2021.4.17,10264,9660,92,45
2021.4.18,10305,9725,92,41
2021.4.19,10324,9781,92,19
2021.4.20,10345,9862,92,21
2021.4.21,10399,9932,94,54
