date,累计确诊,治愈,死亡,新增确诊
2020.4.7,4119,1487,65,156
2020.4.8,4228,1608,67,109
2020.4.9,4346,1830,70,118
2020.4.12,4817,2276,77,134
2020.4.13,4987,2478,82,170
2020.4.14,5072,2647,83,85
2020.4.15,5182,2766,84,110
2020.4.16,5251,2967,86,69
2020.4.17,5305,3102,88,54
2020.4.18,5389,3197,89,84
2020.4.19,5425,3295,89,36
2020.4.20,5482,3349,92,57
2020.4.21,5532,3452,93,50
2020.4.22,5603,3542,95,71
2020.4.23,5691,3663,96,88
2020.4.24,5742,3762,98,51
2020.4.25,5780,3862,98,38
2020.4.26,5820,3957,99,40
2020.4.27,5851,4032,100,31
2020.4.28,5945,4087,100,94
2020.4.29,6002,4171,102,57
2020.4.30,6071,4210,103,69
2020.5.1,6176,4326,103,105
2020.5.2,6298,4413,105,122
2020.5.3,6353,4484,105,55
2020.5.4,6383,4567,106,30
2020.5.5,6428,4702,107,45
2020.5.6,6467,4776,107,39
2020.5.7,6535,4864,107,68
2020.5.8,6589,4929,108,54
2020.5.9,6656,5025,108,67
2020.5.10,6726,5113,109,70
2020.5.11,6742,5223,109,1
2020.5.12,6779,5281,111,37
2020.5.13,6819,5351,112,40
2020.5.14,6855,5439,112,36
2020.5.15,6872,5512,113,17
2020.5.16,6894,5571,113,22
2020.5.17,6941,5615,113,47
2020.5.18,6941,5615,113,0
2020.5.19,6978,5646,114,37
2020.5.20,7009,5706,114,31
2020.5.21,7059,5796,114,50
2020.5.22,7137,5859,115,78
2020.5.23,7185,5912,115,48
2020.5.24,7245,5945,115,60
2020.5.25,7417,5979,115,172
2020.5.26,7604,6041,115,187
2020.5.27,7619,6083,115,15
2020.5.28,7629,6169,115,10
2020.5.29,7732,6235,115,103
2020.5.30,7762,6330,115,30
2020.5.31,7819,6353,115,57
2020.6.1,7857,6404,115,38
2020.6.2,7877,6470,115,20
2020.6.3,7970,6531,115,93
2020.6.4,8247,6559,115,277
2020.6.5,8266,6610,116,19
2020.6.6,8303,6635,117,37
2020.6.7,8322,6674,117,19
2020.6.8,8329,6694,117,7
2020.6.9,8336,6975,117,7
2020.6.10,8338,7014,118,2
2020.6.11,8369,7065,118,31
2020.6.12,8402,7168,119,33
2020.6.13,8445,7311,120,43
2020.6.14,8453,7346,121,8
2020.6.15,8494,7400,121,41
2020.6.16,8505,7733,121,11
2020.6.17,8515,7873,121,10
2020.6.18,8529,8000,121,14
2020.6.19,8535,8070,121,6
2020.6.20,8556,8146,121,21
2020.6.21,8572,8156,121,16
2020.6.22,8587,8177,121,15
2020.6.23,8590,8186,121,3
2020.6.24,8596,8231,121,6
2020.6.25,8600,8271,121,4
2020.6.26,8606,8294,121,6
2020.6.27,8616,8308,121,10
2020.6.28,8634,8318,121,18
2020.6.29,8637,8334,121,3
2020.6.30,8639,8354,121,2
2020.7.1,8640,8375,121,1
2020.7.2,8643,8437,121,3
2020.7.3,8648,8446,121,5
2020.7.4,8658,8461,121,10
2020.7.5,8663,8465,121,5
2020.7.6,8668,8476,121,5
2020.7.7,8674,8481,121,6
2020.7.8,8677,8486,121,3
2020.7.9,8683,8499,121,6
2020.7.10,8696,8511,121,13
2020.7.11,8704,8515,122,8
2020.7.12,8718,8519,122,14
2020.7.13,8725,8520,122,7
2020.7.14,8729,8524,122,4
2020.7.15,8734,8526,122,5
2020.7.16,8737,8538,122,3
2020.7.17,8755,8541,122,18
2020.7.18,8764,8546,122,9
2020.7.19,8779,8553,123,15
2020.7.20,8800,8555,123,21
2020.7.21,8815,8562,123,15
2020.7.22,8831,8566,123,16
2020.7.23,8840,8574,123,9
2020.7.24,8861,8577,123,21
2020.7.25,8884,8594,123,23
2020.7.26,8897,8600,124,13
2020.7.27,8904,8601,124,7
2020.7.28,8943,8607,124,39
2020.7.29,8956,8612,124,13
2020.7.30,8964,8617,124,8
2020.7.31,8976,8644,125,12
2020.8.1,8985,8647,125,9
2020.8.2,8999,8664,125,14
2020.8.3,9001,8668,125,2
2020.8.4,9002,8684,125,1
2020.8.5,9023,8702,125,21
2020.8.6,9038,8713,125,15
2020.8.7,9063,8728,125,25
2020.8.8,9070,8775,125,7
2020.8.9,9083,8784,125,13
2020.8.10,9094,8803,125,11
2020.8.11,9103,8809,125,9
2020.8.12,9114,8817,125,11
2020.8.13,9129,8821,125,15
2020.8.14,9149,8828,125,20
2020.8.15,9175,8831,125,26
2020.8.16,9200,8859,125,25
2020.8.17,9212,8876,125,12
2020.8.18,9219,8902,125,7
2020.8.19,9235,8925,125,16
2020.8.20,9240,8932,125,5
2020.8.21,9249,8945,125,9
2020.8.22,9257,8949,125,8
2020.8.23,9267,8959,125,10
2020.8.24,9274,8965,125,7
2020.8.25,9285,8971,125,11
2020.8.26,9291,8978,125,6
2020.8.27,9296,8994,125,5
2020.8.28,9306,9030,125,10
2020.8.29,9317,9038,125,11
2020.8.30,9334,9048,126,17
2020.8.31,9340,9054,127,6
2020.9.1,9354,9075,128,14
2020.9.2,9360,9079,128,6
2020.9.3,9374,9083,128,14
2020.9.4,9385,9092,128,11
2020.9.5,9391,9113,128,6
2020.9.6,9397,9115,128,6
2020.9.7,9459,9124,128,62
2020.9.8,9559,9136,128,100
2020.9.9,9583,9143,128,24
2020.9.10,9628,9167,128,45
2020.9.11,9810,9181,128,182
2020.9.12,9868,9189,128,58
2020.9.13,9915,9196,128,47
2020.9.14,9946,9203,128,31
2020.9.15,9969,9209,128,23
2020.9.16,10031,9235,128,62
2020.9.17,10052,9250,128,21
2020.9.18,10147,9264,129,95
2020.9.19,10167,9315,130,20
2020.9.20,10219,9355,130,52
2020.9.21,10276,9395,130,57
2020.9.22,10358,9563,130,82
2020.9.23,10505,9602,133,147
2020.9.24,10576,9666,133,71
2020.9.25,10687,9696,133,111
2020.9.26,10769,9785,133,82
2020.9.27,10919,9835,134,150
2020.9.28,11034,9889,134,115
2020.9.29,11135,9939,134,101
2020.9.30,11224,9967,136,89
2020.10.1,11484,10014,136,260
2020.10.2,11771,10095,136,287
2020.10.3,12088,10216,137,317
2020.10.4,12381,10283,137,293
2020.10.5,12813,10340,137,432
2020.10.6,13504,10427,141,691
2020.10.7,13993,10501,141,489
2020.10.8,14368,10519,146,375
2020.10.9,14722,10707,152,354
2020.10.10,15096,10780,155,374
2020.10.11,15657,10913,157,561
2020.10.12,16220,11022,159,563
2020.10.13,16880,11372,163,660
2020.10.14,17540,11605,167,660
2020.10.15,18129,12014,170,589
2020.10.16,18758,12259,176,629
2020.10.17,19627,12561,180,869
2020.10.18,20498,13262,187,871
2020.10.19,21363,13717,190,865
2020.10.20,22225,14351,193,862
2020.10.21,22957,14931,199,732
2020.10.22,23804,15417,204,847
2020.10.23,24514,15884,214,710
2020.10.24,25742,16555,221,1228
2020.10.25,26565,17134,229,823
2020.10.26,27805,17825,236,1240
2020.10.27,28640,18499,238,835
2020.10.28,29441,19072,246,801
2020.10.29,30090,19757,246,649
2020.10.30,30889,20248,249,799
2020.10.31,31548,21248,249,659
2020.11.1,32505,22220,249,957
2020.11.2,33339,23120,251,834
2020.11.3,34393,23995,263,1054
2020.11.4,35425,24815,271,1032
2020.11.5,36434,25654,277,1009
2020.11.6,38189,26380,279,1755
2020.11.7,39357,27409,282,1168
2020.11.8,40209,28234,286,852
2020.11.9,41181,29579,294,972
2020.11.10,42050,30304,300,869
2020.11.11,42872,31073,302,822
2020.11.12,43791,32069,303,919
2020.11.13,45095,32969,304,1304
2020.11.14,46209,33772,306,1114
2020.11.15,47417,34785,309,1208
2020.11.16,48520,35606,313,1103
2020.11.17,49730,36624,318,1210
2020.11.18,50390,37254,322,660
2020.11.19,51680,38132,326,1290
2020.11.20,52638,39088,329,958
2020.11.21,53679,40493,332,1041
2020.11.22,54775,41597,335,1096
2020.11.23,56659,42480,337,1884
2020.11.24,58847,44153,341,2188
2020.11.25,59817,46501,345,970
2020.11.26,60752,49056,348,935
2020.11.27,61861,50204,350,1109
2020.11.28,63176,51314,354,1315
2020.11.29,64485,52647,357,1309
2020.11.30,65697,54759,360,1212
2020.12.1,67169,56311,363,1472
2020.12.2,68020,56969,365,851
2020.12.3,69095,57917,376,1075
2020.12.4,70236,59061,376,1141
2020.12.5,71359,60204,380,1123
2020.12.6,72694,61273,382,1335
2020.12.7,74294,62306,384,1600
2020.12.8,75306,64056,388,1012
2020.12.9,76265,65124,393,959
2020.12.10,78499,66236,396,2234
2020.12.11,80309,67173,402,1810
2020.12.12,82246,68084,411,1937
2020.12.13,83475,69393,415,1229
2020.12.14,84846,70597,419,1371
2020.12.15,86618,71681,422,1772
2020.12.16,87913,72733,429,1295
2020.12.17,89133,74030,432,1220
2020.12.18,90816,75244,432,1683
2020.12.19,91969,76242,433,1153
2020.12.20,93309,77309,437,1340
2020.12.21,95327,78393,438,2018
2020.12.22,97389,79304,439,2062
2020.12.23,98737,80014,444,1348
2020.12.24,100318,81099,446,1581
2020.12.25,101565,82540,449,1247
2020.12.26,103900,83414,451,2335
2020.12.27,106690,85592,455,2790
2020.12.28,106690,85592,455,0
2020.12.29,108615,86715,457,1925
2020.12.30,110485,87460,463,1870
2020.12.31,113010,88941,471,2525
2021.1.1,115078,91171,474,2068
2021.1.2,117373,94492,483,2295
2021.1.3,119077,97218,494,1704
2021.1.4,120818,98228,501,1741
2021.1.5,122845,99449,509,2027
2021.1.6,125438,100578,513,2593
2021.1.7,128465,102723,521,3027
2021.1.8,131108,105431,537,2643
2021.1.9,133559,106832,542,2451
2021.1.10,135992,108109,551,2433
2021.1.11,138224,109115,555,2232
2021.1.12,141533,110584,559,3309
2021.1.13,144518,111578,563,2985
2021.1.14,147855,113288,578,3337
2021.1.15,151066,115227,586,3211
2021.1.16,155095,117375,594,4029
2021.1.17,158434,120051,601,3339
2021.1.18,161740,122344,605,3306
2021.1.19,165371,125288,619,3631
2021.1.20,169379,127662,630,4008
2021.1.21,172549,130152,642,3170
2021.1.22,176180,132706,660,3631
2021.1.23,180455,137019,667,4275
2021.1.24,183801,141446,678,3346
2021.1.25,186849,145084,689,3048
2021.1.26,190434,149160,700,3585
2021.1.27,194114,151018,707,3680
2021.1.28,198208,154299,717,4094
2021.1.29,203933,157722,733,5725
2021.1.30,209661,161527,746,5728
2021.1.31,214959,166049,760,5298
2021.2.1,219173,170329,770,4214
2021.2.2,222628,173990,791,3455
2021.2.3,226912,177794,809,4284
2021.2.4,231483,181886,826,4571
2021.2.5,234874,185278,845,3391
2021.2.6,238721,186970,857,3847
2021.2.7,242452,190339,872,3731
2021.2.8,245552,192679,896,3100
2021.2.9,248316,196566,909,2764
2021.2.10,251604,198495,923,3288
2021.2.11,254988,202269,936,3384
2021.2.12,258306,205774,953,3318
2021.2.13,261805,209289,958,3499
2021.2.14,264269,213814,965,2464
2021.2.15,266445,218335,975,2176
2021.2.16,269165,224053,983,2720
2021.2.17,272163,229762,1005,2998
2021.2.18,274875,235082,1030,2712
2021.2.19,277811,239971,1043,2936
2021.2.20,280272,244753,1051,2461
2021.2.21,283569,249209,1056,3297
2021.2.22,285761,252623,1062,2192
2021.2.23,288229,256678,1076,2468
2021.2.24,291774,260009,1088,3545
2021.2.25,293698,263761,1100,1924
2021.2.26,295951,266846,1111,2253
2021.2.27,298315,270166,1121,2364
2021.2.28,300752,273417,1130,2437
2021.3.1,302580,275903,1135,1828
2021.3.2,304135,278431,1141,1555
2021.3.3,305880,280707,1148,1745
2021.3.4,307943,283629,1153,2063
2021.3.5,310097,286904,1159,2154
2021.3.6,311777,289452,1166,1680
2021.3.7,313460,291958,1169,1683
2021.3.8,314989,294034,1177,1529
2021.3.9,316269,296379,1186,1280
2021.3.10,317717,298516,1191,1448
2021.3.11,319364,300620,1200,1647
2021.3.12,320939,302662,1203,1575
2021.3.13,322409,304492,1206,1470
2021.3.14,323763,306274,1210,1354
2021.3.15,324971,308247,1213,1208
2021.3.16,326034,309612,1218,1063
2021.3.17,327253,310958,1220,1219
2021.3.18,328466,312461,1223,1213
2021.3.19,330042,314457,1225,1576
2021.3.20,331713,316042,1229,1671
2021.3.21,333040,317289,1233,1327
2021.3.22,334156,318784,1238,1116
2021.3.23,335540,319842,1244,1384
2021.3.24,336808,320925,1246,1268
2021.3.25,338168,322416,1248,1360
2021.3.26,339443,323925,1249,1275
2021.3.27,340642,325182,1251,1199
2021.3.28,341944,326309,1255,1302
2021.3.29,342885,327406,1260,941
2021.3.30,344018,328554,1265,1133
2021.3.31,345500,329624,1272,1482
2021.4.1,346678,331001,1278,1178
2021.4.2,347972,332443,1283,1294
2021.4.3,349610,333892,1286,1638
2021.4.4,350959,335162,1288,1349
2021.4.5,352029,336456,1295,1070
2021.4.6,353329,337868,1300,1300
2021.4.7,354468,339067,1304,1139
2021.4.8,355753,340242,1308,1285
2021.4.9,357607,341489,1313,1854
2021.4.10,359117,342737,1321,1510
2021.4.11,360856,343953,1329,1739
2021.4.12,362173,345005,1333,1317
2021.4.13,363940,346295,1345,1767
2021.4.14,365829,347780,1353,1889
2021.4.15,367977,349039,1363,2148
2021.4.16,370528,350563,1365,2551
2021.4.17,372859,352395,1370,2331
2021.4.18,375054,353822,1378,2195
2021.4.19,377132,355224,1386,2078
2021.4.20,379473,356816,1389,2341
