date,累计确诊,治愈,死亡,新增确诊
2020.4.9,9,0,1,1
2020.4.10,9,0,1,1
2020.4.11,12,0,2,3
2020.4.12,16,0,2,3
2020.4.16,17,0,2,1
2020.4.20,18,3,2,1
2020.4.21,23,3,2,5
2020.4.22,33,3,3,10
2020.4.24,33,4,3,0
2020.4.25,34,4,3,1
2020.4.26,36,4,3,2
2020.4.29,36,7,3,0
2020.5.2,38,9,3,1
2020.5.3,41,9,3,2
2020.5.5,43,9,3,2
2020.5.8,56,14,3,13
2020.5.12,63,24,3,6
2020.5.16,65,24,3,2
2020.5.17,70,27,3,5
2020.5.18,70,27,3,0
2020.5.19,70,27,3,0
2020.5.20,71,27,3,1
2020.5.21,71,27,3,0
2020.5.22,72,27,3,1
2020.5.23,82,28,3,10
2020.5.24,82,28,4,0
2020.5.25,101,33,4,19
2020.5.26,101,37,4,0
2020.5.27,101,37,4,0
2020.5.28,203,37,4,102
2020.5.29,203,42,4,0
2020.5.30,273,42,4,70
2020.5.31,279,42,4,6
2020.6.1,284,42,4,5
2020.6.2,336,42,4,52
2020.6.3,358,42,4,22
2020.6.4,369,51,4,11
2020.6.5,393,51,4,24
2020.6.6,409,55,4,16
2020.6.7,409,55,4,0
2020.6.8,438,55,4,29
2020.6.9,443,55,4,5
2020.6.10,455,55,4,12
2020.6.11,455,55,4,0
2020.6.12,481,55,4,26
2020.6.13,481,65,4,0
2020.6.14,529,66,5,48
2020.6.15,547,69,6,18
2020.6.16,555,69,6,8
2020.6.17,564,73,6,9
2020.6.18,572,73,6,8
2020.6.19,592,74,8,20
2020.6.20,620,91,8,28
2020.6.21,730,258,11,110
2020.6.22,749,258,11,19
2020.6.23,803,258,11,54
2020.6.24,803,258,11,0
2020.6.25,941,259,11,138
2020.6.26,960,260,12,19
2020.6.27,1005,260,13,45
2020.6.28,1038,260,13,33
2020.6.29,1146,260,13,108
2020.6.30,1224,260,14,78
2020.7.1,1265,260,16,41
2020.7.2,1342,271,16,77
2020.7.3,1402,317,16,60
2020.7.4,1498,317,16,96
2020.7.5,1613,317,17,115
2020.7.6,1742,317,19,129
2020.7.7,1818,317,19,76
2020.7.8,1864,345,24,46
2020.7.9,1942,369,25,78
2020.7.10,1984,369,29,42
2020.7.11,2069,379,31,85
2020.7.12,2261,517,33,192
2020.7.13,2364,557,38,103
2020.7.14,2430,747,39,66
2020.7.15,2497,795,40,67
2020.7.16,2614,1005,43,117
2020.7.17,2712,1073,51,98
2020.7.18,2810,1111,55,98
2020.7.19,2907,1135,59,97
2020.7.20,2992,1153,62,85
2020.7.21,3045,1180,64,53
2020.7.22,3149,1256,71,104
2020.7.23,3302,1282,76,153
2020.7.24,3386,1328,79,84
2020.7.25,3453,1373,87,67
2020.7.26,3557,1585,94,104
2020.7.27,3640,1639,99,83
2020.7.28,3709,1667,103,69
2020.7.29,3738,1728,103,29
2020.7.30,3738,1728,103,0
2020.7.31,3981,1807,109,243
2020.8.1,4078,1875,114,97
2020.8.2,4186,1914,120,108
2020.8.3,4231,1919,123,45
2020.8.4,4272,1945,123,41
2020.8.5,4361,2047,128,89
2020.8.6,4426,2078,136,65
2020.8.7,4491,2137,137,65
2020.8.8,4575,2184,137,84
2020.8.9,4624,2329,143,49
2020.8.10,4658,2375,146,34
2020.8.11,4674,2430,146,16
2020.8.12,4714,2477,152,40
2020.8.13,4752,2529,152,38
2020.8.14,4912,2550,153,160
2020.8.15,4988,2576,156,76
2020.8.16,5026,2623,157,38
2020.8.17,5072,2626,161,46
2020.8.18,5125,2690,162,53
2020.8.19,5193,2716,163,68
2020.8.20,5240,2857,164,47
2020.8.21,5282,2883,165,42
2020.8.22,5322,2929,166,40
2020.8.23,5382,2998,168,60
2020.8.24,5414,3012,168,32
2020.8.25,5419,3059,169,5
2020.8.26,5423,3066,170,4
2020.8.27,5474,3085,173,51
2020.8.28,5496,3121,173,22
2020.8.29,5523,3143,174,27
2020.8.30,5528,3143,174,5
2020.8.31,5536,3147,174,8
2020.9.1,5566,3160,175,30
2020.9.2,5576,3420,175,10
2020.9.3,5579,3500,175,3
2020.9.4,5593,3516,175,14
2020.9.5,5608,3533,175,15
2020.9.6,5611,3551,175,3
2020.9.7,5614,3551,175,3
2020.9.8,5621,3590,176,7
2020.9.9,5630,3630,176,9
2020.9.10,5653,3630,176,23
2020.9.11,5655,3683,176,2
2020.9.12,5669,3720,177,14
2020.9.13,5678,3724,177,9
2020.9.14,5690,3731,177,12
2020.9.15,5697,3742,178,7
2020.9.16,5701,3762,178,4
2020.9.17,5704,3764,178,3
2020.9.18,5711,4000,179,7
2020.9.19,5716,4026,179,5
2020.9.20,5718,4030,179,2
2020.9.21,5731,4040,179,13
2020.9.22,5733,4053,179,2
2020.9.23,5739,4065,179,6
2020.9.24,5746,4140,179,7
2020.9.25,5747,4163,179,1
2020.9.26,5764,4178,179,17
2020.9.27,5766,4185,179,2
2020.9.28,5768,4206,179,2
2020.9.29,5770,4243,179,2
2020.9.30,5772,4245,179,2
2020.10.1,5773,4263,179,1
2020.10.2,5779,4514,179,6
2020.10.3,5783,4535,179,4
2020.10.4,5783,4539,179,0
2020.10.5,5786,4541,179,3
2020.10.6,5794,4541,180,8
2020.10.7,5796,4549,180,2
2020.10.8,5803,4575,180,7
2020.10.9,5809,4626,180,6
2020.10.10,5821,4644,180,12
2020.10.11,5821,4647,180,0
2020.10.12,5821,4647,180,0
2020.10.13,5827,4688,181,6
2020.10.14,5827,4688,181,0
2020.10.15,5829,4723,181,2
2020.10.16,5836,4728,181,7
2020.10.17,5852,4740,181,16
2020.10.18,5857,4742,181,5
2020.10.19,5860,4757,181,3
2020.10.20,5861,4757,182,1
2020.10.21,5861,4757,182,0
2020.10.22,5864,4762,183,3
2020.10.23,5885,5287,183,21
2020.10.24,5885,5287,183,0
2020.10.25,5887,5288,183,2
2020.10.26,5894,5294,183,7
2020.10.27,5894,5294,183,0
2020.10.28,5897,5299,183,3
2020.10.29,5904,5300,184,7
2020.10.30,5916,5303,184,12
2020.10.31,5923,5323,184,7
2020.11.1,5932,5323,184,9
2020.11.2,5933,5323,184,1
2020.11.3,5934,5333,184,1
2020.11.4,5934,5333,184,0
2020.11.5,5934,5336,184,0
2020.11.6,5940,5338,184,6
2020.11.7,5948,5346,184,8
2020.11.8,5951,5348,184,3
2020.11.9,5951,5348,184,0
2020.11.10,5953,5359,185,2
2020.11.11,5953,5361,185,0
2020.11.12,5955,5366,185,2
2020.11.13,5958,5369,185,3
2020.11.14,5962,5372,185,4
2020.11.15,5964,5399,185,2
2020.11.16,5971,5402,185,7
2020.11.17,5971,5402,185,0
2020.11.18,5971,5402,185,0
2020.11.19,5999,5434,185,28
2020.11.20,6002,5435,185,3
2020.11.21,6003,5439,185,1
2020.11.22,6003,5441,185,0
2020.11.23,6003,5441,185,0
2020.11.24,6009,5443,185,6
2020.11.25,6018,5450,185,9
2020.11.26,6018,5450,185,0
2020.11.27,6024,5453,185,6
2020.11.28,6024,5453,185,0
2020.11.29,6025,5453,185,1
2020.11.30,6028,5455,185,3
2020.12.1,6028,5455,185,0
2020.12.2,6040,5471,185,12
2020.12.3,6040,5471,185,0
2020.12.4,6043,5472,185,3
2020.12.5,6047,5472,185,4
2020.12.6,6049,5476,185,2
2020.12.7,6051,5476,185,2
2020.12.8,6051,5476,185,0
2020.12.9,6051,5482,186,0
2020.12.10,6051,5487,186,0
2020.12.11,6053,5489,186,2
2020.12.12,6063,5491,186,10
2020.12.13,6063,5491,186,0
2020.12.14,6070,5491,187,7
2020.12.15,6070,5491,187,0
2020.12.16,6091,5661,187,21
2020.12.17,6091,5661,187,0
2020.12.18,6138,5661,187,47
2020.12.19,6148,5662,187,10
2020.12.20,6153,5662,187,5
2020.12.21,6161,5663,187,8
2020.12.22,6202,5664,187,41
2020.12.23,6248,5668,187,46
2020.12.24,6261,5675,187,13
2020.12.25,6277,5676,187,16
2020.12.26,6339,5676,187,62
2020.12.27,6354,5682,188,15
2020.12.28,6377,5682,188,23
2020.12.29,6377,5682,188,0
2020.12.30,6388,5688,188,11
2020.12.31,6471,5700,189,83
2021.1.1,6583,5705,189,112
2021.1.2,6684,5708,191,101
2021.1.3,6712,5710,192,28
2021.1.4,6844,5715,195,132
2021.1.5,6935,5718,196,91
2021.1.6,7110,5753,199,175
2021.1.7,7337,5787,199,227
2021.1.8,7611,5791,203,274
2021.1.9,7925,5802,208,314
2021.1.10,8306,5809,220,381
2021.1.11,8575,5826,225,269
2021.1.12,9027,5838,235,452
2021.1.13,9027,5838,235,0
2021.1.14,9400,5854,254,373
2021.1.15,10494,5905,285,1094
2021.1.16,11223,5974,291,729
2021.1.17,11785,5992,300,562
2021.1.18,12470,6036,314,685
2021.1.19,13027,6080,321,557
2021.1.20,13880,6127,336,853
2021.1.21,14851,6206,353,971
2021.1.22,16049,6314,396,1198
2021.1.23,17365,6408,445,1316
2021.1.24,18439,6520,470,1074
2021.1.25,19395,6699,508,956
2021.1.26,19987,6780,518,592
2021.1.27,20830,7005,540,843
2021.1.28,21660,7249,555,830
2021.1.29,22304,7548,628,644
2021.1.30,23020,7815,643,716
2021.1.31,23497,8318,687,477
2021.2.1,23963,8615,702,466
2021.2.2,24365,8945,712,402
2021.2.3,24903,9518,726,538
2021.2.4,25449,9814,761,546
2021.2.5,25884,10264,779,435
2021.2.6,26360,10761,779,476
2021.2.7,26875,11348,837,515
2021.2.8,27195,11596,856,320
2021.2.9,27422,11756,874,227
2021.2.10,27722,12065,883,300
2021.2.11,28050,12583,900,328
2021.2.12,28270,12879,914,220
2021.2.13,28630,13347,926,360
2021.2.14,28876,13554,937,246
2021.2.15,29035,13607,952,159
2021.2.16,29181,14195,958,146
2021.2.17,29421,14803,968,240
2021.2.18,29634,15321,976,213
2021.2.19,29837,15568,984,203
2021.2.20,30277,16251,997,440
2021.2.21,30528,16620,1004,251
2021.2.22,30742,16840,1013,214
2021.2.23,30942,17184,1021,200
2021.2.24,31106,17445,1024,164
2021.2.25,31295,17570,1029,189
2021.2.26,31502,18045,1033,207
2021.2.27,31675,18183,1037,173
2021.2.28,31798,18424,1041,123
2021.3.1,31945,18874,1044,147
2021.3.2,32008,19513,1048,63
2021.3.3,32148,19904,1053,140
2021.3.4,32229,20204,1056,81
2021.3.5,32283,20582,1058,54
2021.3.6,32357,21621,1063,74
2021.3.7,32398,21932,1067,41
2021.3.8,32442,22373,1069,44
2021.3.9,32469,23105,1070,27
2021.3.10,32528,23691,1074,59
2021.3.11,32614,24381,1077,86
2021.3.12,32673,24714,1078,59
2021.3.13,32746,25422,1079,73
2021.3.14,32789,25578,1082,43
2021.3.15,32789,25578,1082,0
2021.3.16,32864,26607,1084,75
2021.3.17,32894,26890,1088,30
2021.3.18,32970,27184,1088,76
2021.3.19,33045,27532,1091,75
2021.3.20,33174,27847,1092,129
2021.3.21,33216,28108,1093,42
2021.3.22,33237,28636,1096,21
2021.3.23,33270,28947,1098,33
2021.3.24,33323,29120,1099,53
2021.3.25,33354,29253,1105,31
2021.3.26,33387,29260,1108,33
2021.3.27,33415,29417,1112,28
2021.3.28,33481,29611,1114,66
2021.3.29,33481,29611,1114,0
2021.3.30,33505,30038,1114,24
2021.3.31,33525,30156,1116,20
2021.4.1,33551,30272,1117,26
2021.4.2,33584,30379,1118,33
2021.4.3,33639,30490,1119,55
2021.4.4,33647,30593,1120,8
2021.4.5,33661,30686,1123,14
2021.4.6,33673,30757,1124,12
2021.4.7,33685,30849,1124,12
2021.4.8,33718,30996,1125,33
2021.4.9,33738,31140,1125,20
2021.4.10,33779,31239,1126,41
2021.4.11,33805,31360,1127,26
2021.4.12,33827,31479,1128,22
2021.4.13,33859,31572,1132,32
2021.4.14,33872,31572,1133,13
2021.4.15,33891,31675,1134,19
2021.4.16,33902,31691,1134,11
2021.4.17,33919,31717,1136,17
2021.4.18,33919,31717,1136,0
2021.4.19,33941,31764,1138,22
2021.4.20,33959,31774,1139,18
2021.4.21,33968,31810,1142,9
