date,累计确诊,治愈,死亡,新增确诊
2020.4.7,299,5,0,6
2020.4.8,299,16,1,6
2020.4.9,340,16,2,3
2020.4.12,384,44,3,6
2020.4.13,393,44,3,9
2020.4.14,399,44,3,6
2020.4.15,412,82,3,13
2020.4.16,422,82,3,10
2020.4.17,426,99,3,4
2020.4.18,427,118,3,1
2020.4.19,431,126,3,4
2020.4.20,443,150,3,12
2020.4.22,445,204,3,1
2020.4.23,447,223,3,2
2020.4.24,448,249,4,1
2020.4.26,448,282,4,0
2020.4.27,458,303,4,8
2020.4.28,463,339,4,5
2020.4.29,465,351,4,2
2020.4.30,467,351,4,2
2020.5.1,468,383,4,1
2020.5.2,477,392,4,9
2020.5.3,480,399,4,3
2020.5.4,482,403,5,2
2020.5.5,484,407,5,2
2020.5.6,486,413,5,2
2020.5.7,489,419,5,3
2020.5.8,490,419,5,1
2020.5.9,496,433,5,6
2020.5.10,503,434,5,6
2020.5.11,506,434,5,7
2020.5.12,508,436,6,2
2020.5.13,522,443,6,14
2020.5.14,532,450,6,10
2020.5.15,546,450,6,14
2020.5.16,553,454,6,7
2020.5.17,558,456,6,5
2020.5.18,558,456,6,0
2020.5.19,569,460,6,11
2020.5.20,584,465,6,15
2020.5.21,599,468,6,15
2020.5.22,600,469,6,1
2020.5.23,609,473,6,9
2020.5.24,610,476,6,1
2020.5.25,611,485,6,1
2020.5.26,611,485,6,0
2020.5.27,612,491,7,1
2020.5.28,616,501,7,4
2020.5.29,616,514,8,0
2020.5.30,618,525,9,2
2020.5.31,618,534,9,0
2020.6.1,619,537,9,1
2020.6.2,620,554,9,1
2020.6.3,622,562,9,2
2020.6.4,622,576,9,0
2020.6.5,625,583,9,3
2020.6.6,627,596,9,2
2020.6.7,629,596,9,2
2020.6.8,630,596,9,1
2020.6.9,632,597,9,2
2020.6.10,635,597,9,3
2020.6.11,640,600,9,5
2020.6.12,645,600,9,5
2020.6.13,646,601,9,1
2020.6.14,649,603,9,3
2020.6.15,650,603,9,1
2020.6.16,656,608,9,6
2020.6.17,662,610,9,6
2020.6.18,663,610,9,1
2020.6.19,663,613,9,0
2020.6.20,664,616,9,1
2020.6.21,665,616,9,1
2020.6.22,665,617,9,0
2020.6.23,665,618,9,0
2020.6.24,665,624,9,0
2020.6.25,668,627,9,3
2020.6.26,670,632,9,2
2020.6.27,670,635,9,0
2020.6.28,670,636,9,0
2020.6.29,670,639,9,0
2020.6.30,670,640,9,0
2020.7.1,671,647,9,1
2020.7.2,671,649,9,0
2020.7.3,672,650,9,1
2020.7.4,672,650,9,0
2020.7.5,672,652,9,0
2020.7.6,672,652,9,0
2020.7.7,673,653,9,1
2020.7.8,673,654,9,0
2020.7.9,674,656,9,1
2020.7.10,674,658,9,0
2020.7.11,674,658,9,0
2020.7.12,674,660,9,0
2020.7.13,674,660,9,0
2020.7.14,674,660,9,0
2020.7.15,674,661,9,0
2020.7.16,674,661,9,0
2020.7.17,674,662,9,0
2020.7.18,675,662,9,1
2020.7.19,677,662,9,2
2020.7.20,677,664,9,0
2020.7.21,677,664,9,0
2020.7.22,679,665,9,2
2020.7.23,680,665,9,1
2020.7.24,686,665,9,6
2020.7.25,686,665,9,0
2020.7.26,700,665,9,14
2020.7.27,701,665,9,1
2020.7.28,708,665,9,7
2020.7.29,720,665,9,12
2020.7.30,729,665,9,9
2020.7.31,824,665,9,95
2020.8.1,845,665,9,21
2020.8.2,860,666,9,15
2020.8.3,874,666,9,14
2020.8.4,890,666,9,16
2020.8.5,926,668,9,36
2020.8.6,946,670,9,20
2020.8.7,995,675,9,49
2020.8.8,1035,675,9,40
2020.8.9,1089,684,9,54
2020.8.10,1112,688,9,23
2020.8.11,1141,692,9,29
2020.8.12,1190,695,9,49
2020.8.13,1245,708,9,55
2020.8.14,1276,762,9,31
2020.8.15,1348,782,9,72
2020.8.16,1306,749,9,0
2020.8.17,1375,759,9,69
2020.8.18,1423,766,9,48
2020.8.19,1470,784,9,47
2020.8.20,1510,802,9,40
2020.8.21,1546,854,10,36
2020.8.22,1577,901,10,31
2020.8.23,1612,934,10,35
2020.8.24,1667,977,10,55
2020.8.25,1705,1029,10,38
2020.8.26,1751,1077,10,46
2020.8.27,1788,1121,10,37
2020.8.28,1820,1186,10,32
2020.8.29,1847,1244,10,27
2020.8.30,1862,1313,11,15
2020.8.31,1883,1400,12,21
2020.9.1,1909,1453,12,26
2020.9.2,1931,1490,13,22
2020.9.3,1965,1528,13,34
2020.9.4,1984,1565,13,19
2020.9.5,2014,1601,14,30
2020.9.6,2039,1627,14,25
2020.9.7,2076,1690,14,37
2020.9.8,2099,1729,14,23
2020.9.9,2162,1760,14,63
2020.9.10,2204,1803,14,42
2020.9.11,2247,1833,15,43
2020.9.12,2274,1850,15,27
2020.9.13,2352,1872,15,78
2020.9.14,2405,1890,16,53
2020.9.15,2454,1931,16,49
2020.9.16,2560,1953,16,106
2020.9.17,2595,1978,16,35
2020.9.18,2634,1996,17,39
2020.9.19,2699,2017,19,65
2020.9.20,2731,2047,20,32
2020.9.21,2776,2079,22,45
2020.9.22,2814,2113,23,38
2020.9.23,2856,2173,25,42
2020.9.24,2898,2191,27,42
2020.9.25,2929,2261,29,31
2020.9.26,2958,2304,31,29
2020.9.27,2979,2358,31,21
2020.9.28,3006,2399,32,27
2020.9.29,3035,2484,34,29
2020.9.30,3058,2562,34,23
2020.10.1,3095,2605,35,37
2020.10.2,3139,2668,37,44
2020.10.3,3204,2711,38,65
2020.10.4,3270,2758,39,66
2020.10.5,3327,2770,39,57
2020.10.6,3374,2812,40,47
2020.10.7,3442,2865,41,68
2020.10.8,3506,2884,41,64
2020.10.9,3581,2915,41,75
2020.10.10,3681,2937,41,100
2020.10.11,3776,2967,41,95
2020.10.12,3844,2981,43,68
2020.10.13,3937,3012,44,93
2020.10.14,4048,3064,44,111
2020.10.15,4160,3106,45,112
2020.10.16,4282,3142,45,122
2020.10.17,4486,3184,45,204
2020.10.18,4628,3236,45,142
2020.10.19,4737,3242,45,109
2020.10.20,4871,3282,46,134
2020.10.21,5026,3331,46,155
2020.10.22,5137,3384,49,111
2020.10.23,5258,3439,49,121
2020.10.24,5373,3478,50,115
2020.10.25,5498,3567,51,125
2020.10.26,5578,3630,53,80
2020.10.27,5685,3715,55,107
2020.10.28,5760,3789,56,75
2020.10.29,5866,3880,59,106
2020.10.30,5942,3990,61,76
2020.10.31,6042,4155,62,100
2020.11.1,6182,4286,64,140
2020.11.2,6400,4397,66,218
2020.11.3,6506,4505,64,106
2020.11.4,6590,4672,65,84
2020.11.5,6764,4765,70,174
2020.11.6,6893,4832,73,129
2020.11.7,7039,5000,74,146
2020.11.8,7141,5103,76,102
2020.11.9,7243,5185,78,102
2020.11.10,7396,5274,81,153
2020.11.11,7537,5371,85,141
2020.11.12,7646,5479,88,109
2020.11.13,7796,5580,92,150
2020.11.14,7917,5702,95,121
2020.11.15,8034,5765,97,117
2020.11.16,8137,5888,98,103
2020.11.17,8247,6049,101,110
2020.11.18,8420,6184,103,173
2020.11.19,8560,6301,104,140
2020.11.20,8681,6406,108,121
2020.11.21,8822,6565,111,141
2020.11.22,8924,6654,111,102
2020.11.23,9004,6831,113,80
2020.11.24,9137,6938,117,133
2020.11.25,9253,7062,122,116
2020.11.26,9405,7165,125,152
2020.11.27,9501,7297,128,96
2020.11.28,9609,7418,132,108
2020.11.29,9752,7557,133,143
2020.11.30,9873,7665,137,121
2020.12.1,9975,7748,141,102
2020.12.2,10101,7887,146,126
2020.12.3,10197,8015,148,96
2020.12.4,10320,8120,149,123
2020.12.5,10423,8289,149,103
2020.12.6,10520,8396,151,97
2020.12.7,10659,8497,155,139
2020.12.8,10699,8641,157,40
2020.12.9,10778,8720,160,79
2020.12.10,10884,8848,164,106
2020.12.11,10980,8935,166,96
2020.12.12,11101,9079,166,121
2020.12.13,11153,9169,169,52
2020.12.14,11254,9319,174,101
2020.12.15,11303,9420,177,49
2020.12.16,11415,9516,180,112
2020.12.17,11475,9670,182,60
2020.12.18,11569,9780,183,94
2020.12.19,11621,9881,187,52
2020.12.20,11714,9978,190,93
2020.12.21,11802,10115,194,88
2020.12.22,11910,10161,196,108
2020.12.23,11992,10293,201,82
2020.12.24,12062,10423,203,70
2020.12.25,12112,10547,203,50
2020.12.26,12241,10550,206,129
2020.12.27,12426,10791,215,185
2020.12.28,12426,10791,215,0
2020.12.29,12541,10919,215,115
2020.12.30,12665,11057,216,124
2020.12.31,12774,11121,219,109
2021.1.1,12909,11178,219,135
2021.1.2,12997,11211,220,88
2021.1.3,13082,11275,220,85
2021.1.4,13230,11386,222,148
2021.1.5,13388,11460,226,158
2021.1.6,13612,11540,227,224
2021.1.7,13776,11613,228,164
2021.1.8,13967,11690,230,191
2021.1.9,14212,11759,232,245
2021.1.10,14396,11841,233,184
2021.1.11,14529,11936,233,133
2021.1.12,14769,12016,234,240
2021.1.13,14958,12123,234,189
2021.1.14,15079,12250,235,121
2021.1.15,15272,12393,236,193
2021.1.16,15447,12460,238,175
2021.1.17,15588,12596,239,141
2021.1.18,15742,12717,241,154
2021.1.19,15942,12865,242,200
2021.1.20,16129,13054,244,187
2021.1.21,16280,13234,245,151
2021.1.22,16423,13435,248,143
2021.1.23,16542,13646,250,119
2021.1.24,16658,13801,251,116
2021.1.25,16861,13976,253,203
2021.1.26,16999,14104,255,138
2021.1.27,17192,14252,258,193
2021.1.28,17400,14452,261,208
2021.1.29,17585,14626,264,185
2021.1.30,17721,14775,265,136
2021.1.31,17903,14960,267,182
2021.2.1,18027,15101,269,124
2021.2.2,18168,15233,270,141
2021.2.3,18306,15423,273,138
2021.2.4,18385,15567,273,79
2021.2.5,18442,15701,277,57
2021.2.6,18576,15896,279,134
2021.2.7,18676,16053,282,100
2021.2.8,18813,16179,282,137
2021.2.9,19015,16325,284,202
2021.2.10,19182,16490,286,167
2021.2.11,19333,16646,286,151
2021.2.12,19497,16811,288,164
2021.2.13,19651,17017,290,154
2021.2.14,19789,17126,293,138
2021.2.15,19945,17310,295,156
2021.2.16,20047,17434,297,102
2021.2.17,20246,17523,298,199
2021.2.18,20409,17679,301,163
2021.2.19,20563,17827,301,154
2021.2.20,20762,17933,303,199
2021.2.21,20892,18067,304,130
2021.2.22,21085,18309,305,193
2021.2.23,21306,18500,306,221
2021.2.24,21532,18720,308,226
2021.2.25,21724,18905,311,192
2021.2.26,21982,19087,313,258
2021.2.27,22219,19255,313,237
2021.2.28,22482,19447,315,263
2021.3.1,22657,19663,316,175
2021.3.2,22993,19743,319,336
2021.3.3,23226,19905,321,233
2021.3.4,23588,20135,325,362
2021.3.5,23871,20291,328,283
2021.3.6,24216,20484,329,345
2021.3.7,24398,20742,334,182
2021.3.8,24599,21087,334,201
2021.3.9,24847,21477,335,248
2021.3.10,25357,21838,337,510
2021.3.11,25640,22176,341,283
2021.3.12,25969,22435,346,329
2021.3.13,26267,22773,350,298
2021.3.14,26535,23060,351,268
2021.3.15,26748,23376,354,213
2021.3.16,27061,23591,357,313
2021.3.17,27272,23784,361,211
2021.3.18,27515,24118,363,243
2021.3.19,27694,24432,364,179
2021.3.20,27904,24662,369,210
2021.3.21,28128,25020,372,224
2021.3.22,28319,25343,373,191
2021.3.23,28409,25555,375,90
2021.3.24,28510,25857,377,101
2021.3.25,28612,26148,378,102
2021.3.26,28715,26480,382,103
2021.3.27,28808,26763,385,93
2021.3.28,28875,27086,387,67
2021.3.29,28938,27418,388,63
2021.3.30,28993,27704,390,55
2021.3.31,29033,27812,392,40
2021.4.1,29085,27951,394,52
2021.4.2,29127,28045,395,42
2021.4.3,29189,28159,397,62
2021.4.4,29223,28276,398,34
2021.4.5,29279,28349,399,56
2021.4.6,29343,28416,399,64
2021.4.7,29408,28463,400,65
2021.4.8,29463,28508,401,55
2021.4.9,29511,28561,401,48
2021.4.10,29548,28610,402,37
2021.4.11,29614,28654,402,66
2021.4.12,29661,28706,402,47
2021.4.13,29720,28756,403,59
2021.4.14,29778,28797,403,58
2021.4.15,29833,28842,403,55
2021.4.16,29860,28872,405,27
2021.4.17,29927,28910,409,67
2021.4.18,29966,28962,409,39
2021.4.19,30026,29003,409,60
2021.4.20,30039,29065,411,13
2021.4.21,30063,29130,411,24
