date,累计确诊,治愈,死亡,新增确诊
2020.4.7,93,11,0,6
2020.4.8,93,11,0,5
2020.4.10,102,11,0,9
2020.4.12,106,20,0,4
2020.4.13,108,23,0,2
2020.4.14,110,29,0,2
2020.4.15,111,33,0,1
2020.4.16,117,33,0,6
2020.4.18,120,35,0,3
2020.4.19,121,39,0,1
2020.4.20,121,41,0,0
2020.4.21,121,44,0,0
2020.4.22,121,52,0,0
2020.4.23,121,58,0,0
2020.4.24,123,62,0,1
2020.4.25,124,71,0,1
2020.4.27,128,75,0,4
2020.4.28,128,82,0,0
2020.4.30,128,92,0,0
2020.5.1,135,97,0,3
2020.5.2,149,98,0,14
2020.5.5,151,101,0,2
2020.5.7,193,101,0,35
2020.5.13,212,107,0,26
2020.5.14,230,108,0,18
2020.5.15,238,112,0,8
2020.5.16,283,114,0,45
2020.5.17,304,114,1,45
2020.5.18,322,119,1,18
2020.5.19,326,119,2,4
2020.5.20,371,131,2,45
2020.5.21,405,131,2,34
2020.5.22,448,135,2,43
2020.5.23,488,138,2,40
2020.5.24,527,142,2,39
2020.5.25,542,147,2,15
2020.5.26,586,147,2,44
2020.5.27,612,151,2,26
2020.5.28,656,154,2,44
2020.5.29,698,164,5,42
2020.5.30,758,165,6,60
2020.5.31,771,168,6,13
2020.6.1,826,174,6,55
2020.6.2,845,185,6,19
2020.6.3,908,195,6,63
2020.6.4,957,200,7,49
2020.6.5,975,201,7,18
2020.6.6,1026,212,8,51
2020.6.7,1052,233,9,26
2020.6.8,1094,254,9,42
2020.6.9,1138,274,9,44
2020.6.10,1162,296,10,24
2020.6.11,1203,312,10,41
2020.6.12,1240,344,10,37
2020.6.13,1252,362,10,12
2020.6.14,1272,367,10,20
2020.6.15,1290,384,10,18
2020.6.16,1317,417,12,27
2020.6.17,1378,450,12,61
2020.6.18,1403,463,13,25
2020.6.19,1443,498,13,40
2020.6.20,1503,618,13,60
2020.6.21,1596,655,14,93
2020.6.22,1640,692,15,44
2020.6.23,1724,732,15,84
2020.6.24,1787,779,16,63
2020.6.25,1829,823,16,42
2020.6.26,1922,862,16,93
2020.6.27,2005,907,16,83
2020.6.28,2078,944,18,73
2020.6.29,2138,966,20,60
2020.6.30,2214,994,20,76
2020.7.1,2303,1006,22,89
2020.7.2,2403,1040,24,100
2020.7.3,2512,1057,26,109
2020.7.4,2728,1078,29,216
2020.7.5,2941,1108,32,213
2020.7.6,3250,1135,33,309
2020.7.7,3472,1187,33,222
2020.7.8,3573,1761,33,101
2020.7.9,3782,1950,33,209
2020.7.10,4143,2183,34,361
2020.7.11,4578,2287,34,435
2020.7.12,4867,2378,35,289
2020.7.13,5080,2494,37,213
2020.7.14,5343,2646,39,263
2020.7.15,5605,2811,43,262
2020.7.16,6089,2951,53,484
2020.7.17,6467,3108,54,378
2020.7.18,6849,3339,55,382
2020.7.19,7049,3498,59,200
2020.7.20,7153,3788,62,104
2020.7.21,7548,4286,65,395
2020.7.22,8162,4662,69,614
2020.7.23,8381,5160,70,219
2020.7.24,8741,5522,76,360
2020.7.25,8866,5579,78,125
2020.7.26,9295,5579,85,429
2020.7.27,9690,6260,91,395
2020.7.28,10104,6613,93,414
2020.7.29,10317,7117,99,213
2020.7.30,10748,7461,105,431
2020.7.31,10868,7807,106,120
2020.8.1,11273,8109,107,405
2020.8.2,11528,8444,114,255
2020.8.3,11660,8825,118,132
2020.8.4,11895,9286,123,235
2020.8.5,12222,9798,127,327
2020.8.6,12526,10148,134,304
2020.8.7,12708,10412,135,182
2020.8.8,12922,10604,141,214
2020.8.9,13086,10816,148,164
2020.8.10,13202,11011,151,116
2020.8.11,13317,11276,152,115
2020.8.12,13397,11529,156,80
2020.8.13,13522,11780,162,125
2020.8.14,13643,12011,164,121
2020.8.15,13724,12232,166,81
2020.8.16,13827,12424,170,103
2020.8.17,13886,12603,171,59
2020.8.18,14009,12767,173,123
2020.8.19,14074,12921,173,65
2020.8.20,14154,13038,177,80
2020.8.21,14218,13206,178,64
2020.8.22,14277,13332,178,59
2020.8.23,14327,13355,178,50
2020.8.24,14402,13436,178,75
2020.8.25,14475,13492,178,73
2020.8.26,14554,13582,181,79
2020.8.27,14592,13686,184,38
2020.8.28,14696,13709,187,104
2020.8.29,14791,13753,190,95
2020.8.30,14843,13802,191,52
2020.8.31,14863,13832,192,20
2020.9.1,14957,13915,195,94
2020.9.2,15023,13965,196,66
2020.9.3,15106,14031,197,83
2020.9.4,15187,14075,198,81
2020.9.5,15269,14113,199,82
2020.9.6,15319,14139,200,50
2020.9.7,15352,14184,202,33
2020.9.8,15435,14219,206,83
2020.9.9,15520,14243,206,85
2020.9.10,15624,14295,208,104
2020.9.11,15669,14320,209,45
2020.9.12,15737,14349,210,68
2020.9.13,15757,14368,211,20
2020.9.14,15769,14411,213,12
2020.9.15,15803,14452,214,34
2020.9.16,15871,14482,215,68
2020.9.17,15925,14547,216,54
2020.9.18,15971,14587,217,46
2020.9.19,16020,14630,219,49
2020.9.20,16053,14646,223,33
2020.9.21,16073,14682,225,20
2020.9.22,16136,14743,226,63
2020.9.23,16167,14788,226,31
2020.9.24,16191,14833,227,24
2020.9.25,16221,14867,228,30
2020.9.26,16257,14922,229,36
2020.9.27,16285,14922,229,28
2020.9.28,16348,14947,229,63
2020.9.29,16377,15139,229,29
2020.9.30,16408,15301,230,31
2020.10.1,16454,15430,232,46
2020.10.2,16493,15467,232,39
2020.10.3,16529,15480,232,36
2020.10.4,16558,15486,232,29
2020.10.5,16570,15601,233,12
2020.10.6,16600,15698,234,30
2020.10.7,16633,15808,235,33
2020.10.8,16654,15910,235,21
2020.10.9,16676,15975,237,22
2020.10.10,16702,16012,237,26
2020.10.11,16718,16042,237,16
2020.10.12,16726,16081,237,8
2020.10.13,16754,16124,237,28
2020.10.14,16754,16124,237,0
2020.10.15,16754,16124,237,0
2020.10.16,16754,16124,237,0
2020.10.17,16810,16215,238,56
2020.10.18,16810,16215,238,0
2020.10.19,16810,16215,238,0
2020.10.20,16810,16215,238,0
2020.10.21,16810,16215,238,0
2020.10.22,16810,16215,238,0
2020.10.23,16810,16215,238,0
2020.10.24,16810,16215,238,0
2020.10.25,16968,16301,244,158
2020.10.26,16968,16301,244,0
2020.10.27,16968,16301,244,0
2020.10.28,16968,16301,244,0
2020.10.29,16968,16301,244,0
2020.10.30,16968,16301,244,0
2020.10.31,16968,16301,244,0
2020.11.1,17111,16409,244,143
2020.11.2,17111,16409,244,0
2020.11.3,17111,16409,244,0
2020.11.4,17111,16409,244,0
2020.11.5,17111,16409,244,0
2020.11.6,17111,16409,244,0
2020.11.7,17111,16409,244,0
2020.11.8,17111,16409,244,0
2020.11.9,17223,16516,249,112
2020.11.10,17223,16516,249,0
2020.11.11,17223,16516,249,0
2020.11.12,17223,16516,249,0
2020.11.13,17223,16516,249,0
2020.11.14,17223,16516,249,0
2020.11.15,17223,16516,249,0
2020.11.16,17310,16592,250,87
2020.11.17,17310,16592,250,0
2020.11.18,17310,16592,250,0
2020.11.19,17310,16592,250,0
2020.11.20,17310,16592,250,0
2020.11.21,17310,16592,250,0
2020.11.22,17341,16657,251,31
2020.11.23,17341,16657,251,0
2020.11.24,17341,16657,251,0
2020.11.25,17341,16657,251,0
2020.11.26,17341,16657,251,0
2020.11.27,17341,16657,251,0
2020.11.28,17341,16657,251,0
2020.11.29,17341,16657,251,0
2020.11.30,17341,16657,251,0
2020.12.1,17341,16657,251,0
2020.12.2,17341,16657,251,0
2020.12.3,17341,16657,251,0
2020.12.4,17513,16657,255,172
2020.12.5,17513,16657,255,0
2020.12.6,17513,16927,255,0
2020.12.7,17513,16927,255,0
2020.12.8,17513,16927,255,0
2020.12.9,17473,16927,255,0
2020.12.10,17473,16927,255,0
2020.12.11,17473,16927,255,0
2020.12.12,17587,16992,259,114
2020.12.13,17587,16992,259,0
2020.12.14,17587,16992,259,0
2020.12.15,17587,16992,259,0
2020.12.16,17587,16992,259,0
2020.12.17,17587,16992,259,0
2020.12.18,17587,16992,259,0
2020.12.19,17587,16992,259,0
2020.12.20,17587,16992,259,0
2020.12.21,17633,17147,260,46
2020.12.22,17633,17147,260,0
2020.12.23,17633,17147,260,0
2020.12.24,17633,17147,260,0
2020.12.25,17633,17147,260,0
2020.12.26,17633,17147,260,0
2020.12.27,17714,17228,261,81
2020.12.28,17714,17228,261,0
2020.12.29,17714,17228,261,0
2020.12.30,17714,17228,261,0
2020.12.31,17714,17228,261,0
2021.1.1,17714,17228,261,0
2021.1.2,17714,17228,261,0
2021.1.3,17767,17298,262,53
2021.1.4,17767,17298,262,0
2021.1.5,17767,17298,262,0
2021.1.6,17767,17298,262,0
2021.1.7,17767,17298,262,0
2021.1.8,17767,17298,262,0
2021.1.9,17767,17298,262,0
2021.1.10,17767,17298,262,0
2021.1.11,18001,17447,267,234
2021.1.12,18001,17447,267,0
2021.1.13,18001,17447,267,0
2021.1.14,18001,17447,267,0
2021.1.15,18001,17447,267,0
2021.1.16,18001,17447,267,0
2021.1.17,18001,17447,267,0
2021.1.18,18301,17609,273,300
2021.1.19,18301,17609,273,0
2021.1.20,18301,17609,273,0
2021.1.21,18301,17609,273,0
2021.1.22,18301,17609,273,0
2021.1.23,18301,17609,273,0
2021.1.24,18301,17609,273,0
2021.1.25,18743,17930,279,442
2021.1.26,18743,17930,279,0
2021.1.27,18743,17930,279,0
2021.1.28,18743,17930,279,0
2021.1.29,18743,17930,279,0
2021.1.30,18743,17930,279,0
2021.1.31,18743,17930,279,0
2021.2.1,19065,18215,281,322
2021.2.2,19065,18215,281,0
2021.2.3,19065,18215,281,0
2021.2.4,19065,18215,281,0
2021.2.5,19065,18215,281,0
2021.2.6,19065,18215,281,0
2021.2.7,19065,18215,281,0
2021.2.8,19360,18490,285,295
2021.2.9,19360,18490,285,0
2021.2.10,19360,18490,285,0
2021.2.11,19360,18490,285,0
2021.2.12,19360,18490,285,0
2021.2.13,19360,18490,285,0
2021.2.14,19360,18490,285,0
2021.2.15,19598,18915,292,238
2021.2.16,19598,18915,292,0
2021.2.17,19598,18915,292,0
2021.2.18,19598,18915,292,0
2021.2.19,19598,18915,292,0
2021.2.20,19598,18915,292,0
2021.2.21,19598,18915,292,0
2021.2.22,19831,19296,297,233
2021.2.23,19831,19296,297,0
2021.2.24,19831,19296,297,0
2021.2.25,19831,19296,297,0
2021.2.26,19831,19296,297,0
2021.2.27,19831,19296,297,0
2021.2.28,19831,19296,297,0
2021.3.1,19831,19296,297,0
2021.3.2,19831,19296,297,0
2021.3.3,19831,19296,297,0
2021.3.4,19831,19296,297,0
2021.3.5,19831,19296,297,0
2021.3.6,19831,19296,297,0
2021.3.7,20155,19543,300,324
2021.3.8,20155,19543,300,0
2021.3.9,20155,19543,300,0
2021.3.10,20155,19543,300,0
2021.3.11,20155,19543,300,0
2021.3.12,20155,19543,300,0
2021.3.13,20155,19543,300,0
2021.3.14,21356,20380,326,1201
2021.3.15,21356,20380,326,0
2021.3.16,21587,20494,334,231
2021.3.17,21688,20614,335,101
2021.3.18,21826,20670,337,138
2021.3.19,21999,20750,338,173
2021.3.20,22275,20918,345,276
2021.3.21,22484,20996,351,209
2021.3.22,22484,20996,351,0
2021.3.23,22616,21062,355,132
2021.3.24,22844,21282,363,228
2021.3.25,23040,21372,369,196
2021.3.26,23230,21461,378,190
2021.3.27,23424,21569,381,194
2021.3.28,23585,21636,387,161
2021.3.29,23969,21671,394,384
2021.3.30,24264,21776,403,295
2021.3.31,24426,21908,418,162
2021.4.1,24426,21908,418,0
2021.4.2,24968,22300,444,542
2021.4.3,25262,22415,449,294
2021.4.4,25572,22559,454,310
2021.4.5,25709,22702,459,137
2021.4.6,25874,22813,462,165
2021.4.7,26127,22947,469,253
2021.4.8,26475,23092,475,348
2021.4.9,27034,23293,486,559
2021.4.10,27548,23481,493,514
2021.4.11,28063,23878,500,515
2021.4.12,28541,24105,506,478
2021.4.13,28765,24410,512,224
2021.4.14,29348,24695,520,583
2021.4.15,30207,24893,527,859
2021.4.16,31039,25193,531,832
2021.4.17,31617,25471,538,578
2021.4.18,32205,25798,542,588
2021.4.19,32798,26017,552,593
2021.4.20,33202,26291,563,404
2021.4.21,33592,26610,569,390
