date,累计确诊,治愈,死亡,新增确诊
2020.4.8,59,16,7,3
2020.4.9,74,22,7,15
2020.4.11,105,22,9,18
2020.4.13,123,26,10,18
2020.4.14,144,34,13,21
2020.4.16,171,34,13,23
2020.4.17,190,34,13,19
2020.4.19,224,42,14,8
2020.4.20,246,56,14,22
2020.4.21,293,73,17,35
2020.4.23,310,77,21,17
2020.4.24,325,87,21,16
2020.4.25,370,91,21,45
2020.4.26,389,112,23,19
2020.4.27,408,113,23,19
2020.4.28,424,122,24,16
2020.4.29,482,129,25,58
2020.4.30,490,135,26,8
2020.5.1,508,196,26,18
2020.5.2,544,206,26,36
2020.5.3,563,213,27,19
2020.5.4,612,228,32,32
2020.5.6,631,261,32,19
2020.5.7,650,261,32,19
2020.5.8,668,285,35,18
2020.5.10,704,351,38,12
2020.5.11,712,377,39,8
2020.5.12,730,398,40,18
2020.5.13,758,412,44,28
2020.5.14,779,436,46,21
2020.5.15,806,455,46,2
2020.5.16,835,479,48,29
2020.5.17,874,512,52,14
2020.5.18,874,512,52,39
2020.5.19,874,512,52,0
2020.5.20,901,529,53,27
2020.5.21,931,543,55,30
2020.5.22,947,558,60,16
2020.5.23,969,560,62,22
2020.5.24,1030,597,65,61
2020.5.25,1059,604,67,29
2020.5.26,1077,617,70,18
2020.5.27,1077,617,70,0
2020.5.28,1116,632,70,39
2020.5.29,1194,652,72,78
2020.5.30,1250,696,76,56
2020.5.31,1265,716,77,15
2020.6.1,1315,744,78,50
2020.6.2,1351,769,78,36
2020.6.3,1351,769,78,0
2020.6.4,1386,788,79,35
2020.6.5,1461,806,85,75
2020.6.6,1523,845,90,62
2020.6.7,1533,873,90,10
2020.6.8,1547,916,92,14
2020.6.9,1547,916,92,0
2020.6.10,1667,948,96,120
2020.6.11,1667,948,96,0
2020.6.12,1752,1023,101,85
2020.6.13,1776,1058,104,24
2020.6.14,1809,1088,104,33
2020.6.15,1860,1125,104,51
2020.6.16,1860,1125,104,0
2020.6.17,1890,1168,107,30
2020.6.18,1906,1192,107,16
2020.6.19,1923,1217,108,17
2020.6.20,1923,1217,108,0
2020.6.21,1933,1255,109,10
2020.6.22,1961,1266,111,28
2020.6.23,1978,1302,111,17
2020.6.24,2001,1333,112,23
2020.6.25,2005,1354,112,4
2020.6.26,2039,1383,113,34
2020.6.27,2060,1387,113,21
2020.6.28,2147,1432,114,87
2020.6.29,2147,1432,114,0
2020.6.30,2173,1447,115,26
2020.7.1,2181,1474,116,8
2020.7.2,2202,1483,116,21
2020.7.3,2260,1502,117,58
2020.7.4,2285,1507,117,25
2020.7.5,2303,1516,118,18
2020.7.6,2330,1527,119,27
2020.7.7,2331,1547,119,1
2020.7.8,2348,1556,119,17
2020.7.9,2358,1597,120,10
2020.7.10,2370,1621,120,12
2020.7.11,2404,1650,121,34
2020.7.12,2411,1694,121,7
2020.7.13,2412,1730,121,1
2020.7.14,2423,1748,121,11
2020.7.15,2433,1764,121,10
2020.7.16,2440,1777,121,7
2020.7.17,2467,1791,121,27
2020.7.18,2472,1809,121,5
2020.7.19,2475,1828,121,3
2020.7.20,2475,1851,121,0
2020.7.21,2477,1856,122,2
2020.7.22,2494,1869,123,17
2020.7.23,2494,1889,123,0
2020.7.24,2503,1901,123,9
2020.7.25,2503,1907,123,0
2020.7.26,2510,1911,123,7
2020.7.27,2510,1911,123,0
2020.7.28,2520,1919,124,10
2020.7.29,2521,1927,124,1
2020.7.30,2521,1927,124,0
2020.7.31,2522,1931,124,1
2020.8.1,2535,1937,124,13
2020.8.2,2535,1941,124,0
2020.8.3,2541,1943,124,6
2020.8.4,2543,1943,124,2
2020.8.5,2543,1946,124,0
2020.8.6,2546,1950,124,3
2020.8.7,2552,1954,124,6
2020.8.8,2561,1956,125,9
2020.8.9,2565,1960,125,4
2020.8.10,2567,1962,125,2
2020.8.11,2573,1969,125,6
2020.8.12,2577,1973,125,4
2020.8.13,2582,1977,125,5
2020.8.14,2597,1979,125,15
2020.8.15,2597,1979,125,0
2020.8.16,2614,1986,125,17
2020.8.17,2640,1987,125,26
2020.8.18,2640,1987,125,0
2020.8.19,2666,1990,125,26
2020.8.20,2667,1993,125,1
2020.8.21,2667,1993,125,0
2020.8.22,2688,2007,125,21
2020.8.23,2699,2010,125,11
2020.8.24,2708,2025,125,9
2020.8.25,2708,2025,125,0
2020.8.26,2713,2041,125,5
2020.8.27,2717,2052,126,4
2020.8.28,2730,2054,126,13
2020.8.29,2736,2055,126,6
2020.8.30,2757,2121,126,21
2020.8.31,2773,2169,126,16
2020.9.1,2776,2169,126,3
2020.9.2,2777,2178,126,1
2020.9.3,2802,2185,126,25
2020.9.4,2807,2203,126,5
2020.9.5,2814,2220,126,7
2020.9.6,2833,2233,126,19
2020.9.7,2842,2238,127,9
2020.9.8,2870,2246,127,28
2020.9.9,2882,2258,127,12
2020.9.10,2898,2267,128,16
2020.9.11,2909,2269,128,11
2020.9.12,2912,2271,128,3
2020.9.13,2916,2276,128,4
2020.9.14,2924,2285,128,8
2020.9.15,2935,2289,128,11
2020.9.16,2966,2311,128,31
2020.9.17,2966,2311,128,0
2020.9.18,2966,2311,128,0
2020.9.19,2991,2332,128,25
2020.9.20,3006,2349,128,15
2020.9.21,3013,2372,128,7
2020.9.22,3024,2377,128,11
2020.9.23,3030,2380,129,6
2020.9.24,3034,2382,130,4
2020.9.25,3041,2391,130,7
2020.9.26,3064,2402,130,23
2020.9.27,3080,2410,130,16
2020.9.28,3090,2439,130,10
2020.9.29,3090,2439,130,0
2020.9.30,3101,2443,131,11
2020.10.1,3118,2453,131,17
2020.10.2,3131,2460,131,13
2020.10.3,3156,2467,131,25
2020.10.4,3170,2476,131,14
2020.10.5,3184,2479,131,14
2020.10.6,3189,2482,131,5
2020.10.7,3195,2494,131,6
2020.10.8,3210,2502,131,15
2020.10.9,3235,2506,131,25
2020.10.10,3248,2514,131,13
2020.10.11,3273,2525,132,25
2020.10.12,3286,2527,132,13
2020.10.13,3296,2533,132,10
2020.10.14,3297,2544,132,1
2020.10.15,3352,2550,132,55
2020.10.16,3368,2559,132,16
2020.10.17,3378,2563,132,10
2020.10.18,3379,2570,132,1
2020.10.19,3388,2586,132,9
2020.10.20,3407,2588,132,19
2020.10.21,3411,2593,132,4
2020.10.22,3428,2599,132,17
2020.10.23,3440,2608,132,12
2020.10.24,3444,2620,132,4
2020.10.25,3472,2636,132,28
2020.10.26,3490,2661,132,18
2020.10.27,3499,2664,133,9
2020.10.28,3515,2665,136,16
2020.10.29,3530,2667,136,15
2020.10.30,3545,2746,136,15
2020.10.31,3554,2753,136,9
2020.11.1,3554,2753,136,0
2020.11.2,3565,2758,136,11
2020.11.3,3573,2769,136,8
2020.11.4,3584,2775,136,11
2020.11.5,3609,2791,137,25
2020.11.6,3633,2807,137,24
2020.11.7,3657,2817,137,24
2020.11.8,3676,2822,137,19
2020.11.9,3706,2828,137,30
2020.11.10,3712,2832,137,6
2020.11.11,3745,2905,137,33
2020.11.12,3753,2909,138,8
2020.11.13,3792,2923,138,39
2020.11.14,3806,2926,139,14
2020.11.15,3868,2937,139,62
2020.11.16,3900,2949,141,32
2020.11.17,3948,2965,141,48
2020.11.18,3980,2972,141,32
2020.11.19,4033,2983,141,53
2020.11.20,4093,2997,142,60
2020.11.21,4169,3003,143,76
2020.11.22,4206,3012,143,37
2020.11.23,4255,3024,145,49
2020.11.24,4326,3044,146,71
2020.11.25,4417,3054,148,91
2020.11.26,4461,3060,148,44
2020.11.27,4505,3076,148,44
2020.11.28,4567,3091,149,62
2020.11.29,4659,3138,149,92
2020.11.30,4710,3206,156,29
2020.12.1,4710,3206,156,0
2020.12.2,4762,3241,160,52
2020.12.3,4837,3263,161,75
2020.12.4,4880,3281,162,43
2020.12.5,4938,3307,163,58
2020.12.6,5062,3334,163,124
2020.12.7,5135,3369,164,73
2020.12.8,5290,3377,175,155
2020.12.9,5442,3416,180,152
2020.12.10,5469,3454,181,27
2020.12.11,5576,3502,184,107
2020.12.12,5721,3566,189,145
2020.12.13,5814,3591,194,93
2020.12.14,5814,3591,194,0
2020.12.15,5836,3630,201,22
2020.12.16,5878,3697,205,42
2020.12.17,5969,3702,209,91
2020.12.18,6049,3718,211,80
2020.12.19,6120,3771,215,71
2020.12.20,6164,3798,220,44
2020.12.21,6191,3839,222,27
2020.12.22,6232,3858,225,41
2020.12.23,6291,3884,225,59
2020.12.24,6347,3927,229,56
2020.12.25,6441,3968,235,94
2020.12.26,6488,4026,245,47
2020.12.27,6629,4421,253,141
2020.12.28,6703,4452,256,74
2020.12.29,6703,4452,256,0
2020.12.30,6796,4492,262,93
2020.12.31,7029,4548,269,233
2021.1.1,7090,4650,269,61
2021.1.2,7203,4694,271,113
2021.1.3,7226,4807,276,23
2021.1.4,7253,4913,278,27
2021.1.5,7260,4994,279,7
2021.1.6,7349,5070,284,89
2021.1.7,7395,5110,285,46
2021.1.8,7427,5161,286,32
2021.1.9,7512,5224,290,85
2021.1.10,7565,5266,295,53
2021.1.11,7600,5291,298,35
2021.1.12,7664,5326,299,64
2021.1.13,7687,5354,303,23
2021.1.14,7738,5374,303,51
2021.1.15,7759,5414,305,21
2021.1.16,7800,5478,308,41
2021.1.17,7823,5531,308,23
2021.1.18,7839,5562,310,16
2021.1.19,7855,5589,311,16
2021.1.20,7880,5647,317,25
2021.1.21,7897,5658,318,17
2021.1.22,7911,5666,320,14
2021.1.23,7937,5683,321,26
2021.1.24,7965,5705,323,28
2021.1.25,7983,5717,323,18
2021.1.26,7995,5731,324,12
2021.1.27,8006,5731,327,11
2021.1.28,8037,5870,327,31
2021.1.29,8056,5883,328,19
2021.1.30,8063,5899,329,7
2021.1.31,8069,5937,330,6
2021.2.1,8091,5945,330,22
2021.2.2,8100,5959,330,9
2021.2.3,8111,5970,333,11
2021.2.4,8119,6011,333,8
2021.2.5,8130,6025,333,11
2021.2.6,8145,6037,336,15
2021.2.7,8160,6054,338,15
2021.2.8,8176,6066,338,16
2021.2.9,8181,6071,339,5
2021.2.10,8192,6090,339,11
2021.2.11,8203,6100,339,11
2021.2.12,8218,6110,340,15
2021.2.13,8222,6154,340,4
2021.2.14,8226,6165,342,4
2021.2.15,8229,6196,342,3
2021.2.16,8235,6200,342,6
2021.2.17,8241,6206,342,6
2021.2.18,8256,6247,342,15
2021.2.19,8256,6247,342,0
2021.2.20,8260,6262,344,4
2021.2.21,8292,6263,347,32
2021.2.22,8299,6298,348,7
2021.2.23,8306,6303,348,7
2021.2.24,8324,6305,348,18
2021.2.25,8332,6346,348,8
2021.2.26,8349,6352,349,17
2021.2.27,8358,6355,350,9
2021.2.28,8365,6402,352,7
2021.3.1,8376,6402,353,11
2021.3.2,8390,6408,355,14
2021.3.3,8420,6414,355,30
2021.3.4,8446,6418,357,26
2021.3.5,8470,6424,357,24
2021.3.6,8509,6435,358,39
2021.3.7,8560,6439,358,51
2021.3.8,8580,6441,358,20
2021.3.9,8613,6450,358,33
2021.3.10,8613,6450,358,0
2021.3.11,8710,6452,358,97
2021.3.12,8782,6466,359,72
2021.3.13,8813,6475,360,31
2021.3.14,8862,6483,360,49
2021.3.15,8913,6503,360,51
2021.3.16,8933,6511,363,20
2021.3.17,9018,6526,364,85
2021.3.18,9066,6556,365,48
2021.3.19,9118,6574,366,52
2021.3.20,9191,6603,367,73
2021.3.21,9270,6610,367,79
2021.3.22,9330,6628,368,60
2021.3.23,9380,6644,371,50
2021.3.24,9474,6661,372,94
2021.3.25,9577,6680,372,103
2021.3.26,9647,6718,375,70
2021.3.27,9719,6751,376,72
2021.3.28,9773,6763,376,54
2021.3.29,9871,6785,379,98
2021.3.30,9921,6790,384,50
2021.3.31,9998,6800,384,77
2021.4.1,10042,6830,385,44
2021.4.2,10199,6863,386,157
2021.4.3,10285,6901,390,86
2021.4.4,10432,6926,391,147
2021.4.5,10580,6959,392,148
2021.4.6,10620,6989,393,40
2021.4.7,10758,7009,396,138
2021.4.8,10841,7033,400,83
2021.4.9,11254,7057,402,413
2021.4.10,11393,7081,404,139
2021.4.11,11705,7101,405,312
2021.4.12,11844,7143,408,139
2021.4.13,12002,7166,414,158
2021.4.14,12179,7194,417,177
2021.4.15,12467,7238,419,288
2021.4.16,12706,7261,421,239
2021.4.17,12835,7309,426,129
2021.4.18,12980,7385,429,145
2021.4.19,13070,7432,433,90
2021.4.20,13145,7493,441,75
