date,累计确诊,治愈,死亡,新增确诊
2020.4.7,575,62,19,27
2020.4.8,576,62,19,28
2020.4.9,582,67,19,6
2020.4.11,619,77,20,10
2020.4.12,632,80,20,2
2020.4.13,641,80,21,9
2020.4.14,658,81,21,17
2020.4.15,663,85,21,5
2020.4.16,668,86,21,5
2020.4.17,672,94,21,4
2020.4.18,673,99,21,1
2020.4.19,677,102,21,4
2020.4.21,682,108,22,5
2020.4.22,688,140,22,6
2020.4.23,696,140,22,8
2020.4.24,704,143,24,8
2020.4.25,707,145,24,3
2020.4.26,710,145,24,3
2020.4.27,717,145,24,7
2020.4.28,721,150,24,4
2020.4.29,725,150,24,4
2020.4.30,729,192,24,4
2020.5.1,733,192,25,4
2020.5.2,737,200,25,4
2020.5.3,740,200,25,3
2020.5.4,741,201,25,1
2020.5.5,750,206,25,9
2020.5.6,784,220,25,34
2020.5.7,796,223,26,12
2020.5.8,809,234,26,13
2020.5.10,859,234,26,14
2020.5.11,870,234,26,14
2020.5.12,878,236,26,11
2020.5.13,886,236,26,8
2020.5.14,891,246,26,5
2020.5.15,902,247,26,11
2020.5.16,911,247,26,9
2020.5.17,931,251,26,20
2020.5.18,931,251,26,20
2020.5.19,954,251,26,23
2020.5.20,961,251,26,7
2020.5.21,1024,663,26,63
2020.5.22,1086,663,26,62
2020.5.23,1097,667,26,11
2020.5.24,1114,688,26,17
2020.5.25,1119,688,26,5
2020.5.26,1140,689,26,21
2020.5.27,1161,692,26,21
2020.5.28,1168,699,26,7
2020.5.29,1172,705,26,4
2020.5.30,1191,708,26,19
2020.5.31,1220,712,27,29
2020.6.1,1233,715,27,13
2020.6.2,1242,719,27,9
2020.6.3,1256,724,27,14
2020.6.4,1306,731,28,50
2020.6.5,1312,768,28,6
2020.6.6,1320,768,29,8
2020.6.7,1331,768,30,11
2020.6.8,1350,779,30,19
2020.6.9,1368,795,30,18
2020.6.10,1388,832,30,20
2020.6.11,1402,845,31,14
2020.6.12,1422,853,31,20
2020.6.13,1442,868,32,20
2020.6.14,1446,868,32,4
2020.6.15,1464,875,32,18
2020.6.16,1473,889,32,9
2020.6.17,1489,907,32,16
2020.6.18,1495,944,32,6
2020.6.19,1510,960,32,15
2020.6.20,1536,1006,32,26
2020.6.21,1587,1068,32,51
2020.6.22,1603,1077,32,16
2020.6.23,1622,1098,32,19
2020.6.24,1644,1103,33,22
2020.6.25,1662,1144,33,18
2020.6.26,1697,1144,33,35
2020.6.27,1719,1144,33,22
2020.6.28,1740,1153,34,21
2020.6.29,1745,1170,34,5
2020.6.30,1778,1183,34,33
2020.7.1,1788,1223,34,10
2020.7.2,1796,1242,35,8
2020.7.3,1830,1292,35,34
2020.7.4,1855,1304,35,25
2020.7.5,1873,1304,36,18
2020.7.6,1885,1311,36,12
2020.7.7,1885,1311,36,0
2020.7.8,1946,1368,36,61
2020.7.9,2012,1368,36,66
2020.7.10,2011,1368,36,0
2020.7.11,2082,1402,36,71
2020.7.12,2334,1420,36,252
2020.7.13,2419,1423,36,85
2020.7.14,2451,1452,37,32
2020.7.15,2451,1452,37,0
2020.7.16,2542,1455,38,91
2020.7.17,2599,1485,40,57
2020.7.18,2700,1485,40,101
2020.7.19,2775,1485,40,75
2020.7.20,2859,1515,40,84
2020.7.21,2905,1562,41,46
2020.7.22,2980,1577,41,75
2020.7.23,3104,1607,43,124
2020.7.24,3260,1619,43,156
2020.7.25,3407,1666,46,147
2020.7.26,3582,1671,47,175
2020.7.27,3750,1692,51,168
2020.7.28,3882,1709,51,132
2020.7.29,4023,1710,54,141
2020.7.30,4205,1753,55,182
2020.7.31,4334,1753,57,129
2020.8.1,4555,1761,61,221
2020.8.2,4730,1761,61,175
2020.8.3,4885,1795,62,155
2020.8.4,5062,1837,65,177
2020.8.5,5271,1837,65,209
2020.8.6,5417,1880,68,146
2020.8.7,5672,1974,70,255
2020.8.8,5951,2042,70,279
2020.8.9,6223,2043,78,272
2020.8.10,6517,2127,78,294
2020.8.11,6812,2290,80,295
2020.8.12,7121,2377,87,309
2020.8.13,7413,2407,89,292
2020.8.14,7711,2496,92,298
2020.8.15,8045,2551,94,334
2020.8.16,8442,2650,97,397
2020.8.17,8881,2724,103,439
2020.8.18,9337,2809,105,456
2020.8.19,9758,2852,107,421
2020.8.20,10347,2928,109,589
2020.8.21,10952,3040,113,605
2020.8.22,11580,3204,116,628
2020.8.23,12191,3346,121,611
2020.8.24,12698,3625,123,507
2020.8.25,13155,3704,126,457
2020.8.26,13687,3723,138,532
2020.8.27,14248,3955,139,561
2020.8.28,14937,4133,146,689
2020.8.29,15613,4260,148,676
2020.8.30,16275,4484,155,662
2020.8.31,16870,4693,160,595
2020.9.1,17308,4811,167,438
2020.9.2,17777,4988,171,469
2020.9.3,18375,5195,177,598
2020.9.4,18963,5338,179,588
2020.9.5,19490,5592,183,527
2020.9.6,20011,5868,187,521
2020.9.7,20426,6139,191,415
2020.9.8,20826,6430,200,400
2020.9.9,21324,6722,207,498
2020.9.10,21877,7024,212,553
2020.9.11,22437,7312,219,560
2020.9.12,22983,7312,229,546
2020.9.13,23669,7936,239,686
2020.9.14,24310,8334,241,641
2020.9.15,24857,8765,246,547
2020.9.16,25449,9216,252,592
2020.9.17,26083,9634,259,634
2020.9.18,26768,10217,263,685
2020.9.19,27518,10739,281,750
2020.9.20,28297,11440,286,779
2020.9.21,29303,12047,297,1006
2020.9.22,29987,12507,307,684
2020.9.23,30852,12878,315,865
2020.9.24,31792,13527,328,940
2020.9.25,32819,14112,329,1027
2020.9.26,33962,14778,333,1143
2020.9.27,35242,15434,340,1280
2020.9.28,36254,16089,347,1012
2020.9.29,37272,16676,351,1018
2020.9.30,38377,17110,361,1105
2020.10.1,39634,17565,367,1257
2020.10.2,40882,18103,374,1248
2020.10.3,42173,18739,386,1291
2020.10.4,43494,19259,398,1321
2020.10.5,44482,19782,406,988
2020.10.6,45657,20243,414,1175
2020.10.7,46918,20490,424,1261
2020.10.8,48377,21120,433,1459
2020.10.9,49744,21760,439,1367
2020.10.10,51170,22407,450,1426
2020.10.11,52558,22719,455,1388
2020.10.12,53568,23501,459,1010
2020.10.13,54624,23941,466,1056
2020.10.14,55869,24581,479,1245
2020.10.15,57246,25164,499,1377
2020.10.16,58745,25994,501,1499
2020.10.17,60113,26468,509,1368
2020.10.18,61284,27197,517,1171
2020.10.19,62286,28062,520,1002
2020.10.20,62944,28855,526,658
2020.10.21,64336,29498,531,1392
2020.10.22,65577,30470,536,1241
2020.10.23,67027,31409,552,1450
2020.10.24,68479,32412,559,1452
2020.10.25,69906,33438,562,1427
2020.10.26,71390,34803,565,1484
2020.10.27,72186,35545,579,796
2020.10.28,73995,36797,590,1809
2020.10.29,75845,37787,602,1850
2020.10.30,77778,39123,610,1933
2020.10.31,79529,40352,625,1751
2020.11.1,81228,41624,637,1699
2020.11.2,82617,42904,643,1389
2020.11.3,83697,43885,652,1080
2020.11.4,85209,43885,667,1512
2020.11.5,87097,45032,676,1888
2020.11.6,89186,45820,683,2089
2020.11.7,91328,45820,700,2142
2020.11.8,93097,46602,713,1769
2020.11.9,94236,46602,723,1139
2020.11.10,95355,51728,732,1119
2020.11.11,96907,53360,749,1552
2020.11.12,98829,54869,763,1922
2020.11.13,100703,55706,775,1874
2020.11.14,102607,57693,796,1904
2020.11.15,104267,58538,806,1660
2020.11.16,105430,60416,817,1163
2020.11.17,106446,61263,827,1016
2020.11.18,107953,62395,839,1507
2020.11.19,110037,62528,852,2084
2020.11.20,113655,64685,884,3618
2020.11.21,115283,66135,894,1628
2020.11.22,115283,66135,894,0
2020.11.23,117517,69079,911,2234
2020.11.24,117517,69079,911,0
2020.11.25,118705,70555,934,1188
2020.11.26,120341,71236,950,1636
2020.11.27,122200,72152,974,1859
2020.11.28,123982,74008,980,1782
2020.11.29,125678,74950,991,1696
2020.11.30,127944,83034,1018,1266
2020.12.1,127944,83034,1018,0
2020.12.2,129455,83034,1033,1511
2020.12.3,131297,83034,1055,1842
2020.12.4,132817,84142,1067,1520
2020.12.5,134295,86019,1078,1478
2020.12.6,135876,88096,1090,1581
2020.12.7,137112,90229,1099,1236
2020.12.8,138096,90229,1115,984
2020.12.9,139135,93100,1136,1039
2020.12.10,140409,94042,1156,1274
2020.12.11,142187,95737,1170,1778
2020.12.12,143705,97647,1182,1518
2020.12.13,145245,98584,1190,1540
2020.12.14,146520,101334,1200,1275
2020.12.15,147613,103057,1210,1093
2020.12.16,148877,104207,1223,1264
2020.12.17,150933,104207,1234,2056
2020.12.18,153049,106712,1248,2116
2020.12.19,154944,108737,1259,1895
2020.12.20,156570,110535,1270,1626
2020.12.21,158104,112333,1281,1534
2020.12.22,159286,113948,1294,1182
2020.12.23,160979,115124,1311,1693
2020.12.24,163225,116143,1333,2246
2020.12.25,165933,117311,1353,2708
2020.12.26,168069,118947,1367,2136
2020.12.27,171226,122657,1394,3157
2020.12.28,172820,124234,1409,1594
2020.12.29,172820,124234,1409,0
2020.12.30,175118,125473,1430,2298
2020.12.31,181503,127959,1468,6385
2021.1.1,181503,127959,1468,0
2021.1.2,183888,127959,1479,2385
2021.1.3,186408,131000,1489,2520
2021.1.4,189278,132768,1499,2870
2021.1.5,192139,134367,1512,2861
2021.1.6,195759,135596,1529,3620
2021.1.7,199925,136566,1550,4166
2021.1.8,204699,137582,1566,4774
2021.1.9,210139,138839,1570,5440
2021.1.10,215553,140569,1590,5414
2021.1.11,219296,142239,1606,3743
2021.1.12,222391,143716,1629,3095
2021.1.13,226948,144857,1705,4557
2021.1.14,231936,145873,1740,4988
2021.1.15,237132,147746,1781,5196
2021.1.16,243286,149108,1825,6154
2021.1.17,249158,151080,1866,5872
2021.1.18,252812,153038,1906,3654
2021.1.19,255956,154608,1959,3144
2021.1.20,260315,156084,2020,4359
2021.1.21,264647,157202,2084,4332
2021.1.22,269241,158822,2151,4594
2021.1.23,272461,162007,2208,3220
2021.1.24,276587,164348,2270,4126
2021.1.25,279597,165729,2320,3010
2021.1.26,282249,168142,2374,2652
2021.1.27,285754,168749,2477,3505
2021.1.28,289660,170067,2553,3906
2021.1.29,293157,172497,2621,3497
2021.1.30,296282,175397,2680,3125
2021.1.31,298913,178472,3031,2631
2021.2.1,301052,180877,3082,2139
2021.2.2,303072,183263,3145,2020
2021.2.3,305842,186052,3226,2770
2021.2.4,309162,188824,3315,3320
2021.2.5,312269,192324,3397,3107
2021.2.6,315340,194430,3495,3071
2021.2.7,317836,201137,3562,2496
2021.2.8,319917,206523,3616,2081
2021.2.9,321980,211879,3677,2063
2021.2.10,324866,215359,3737,2886
2021.2.11,328023,217578,3803,3157
2021.2.12,331159,222078,3866,3136
2021.2.13,334093,224380,3915,2934
2021.2.14,336999,226658,3961,2906
2021.2.15,339129,239293,3993,2130
2021.2.16,340868,245093,4037,1739
2021.2.17,343601,248720,4092,2733
2021.2.18,346080,250994,4152,2479
2021.2.19,348810,256109,4206,2730
2021.2.20,351065,260390,4257,2255
2021.2.21,353371,264894,4297,2306
2021.2.22,355073,268071,4340,1702
2021.2.23,356614,272200,4387,1541
2021.2.24,359337,275149,4446,2723
2021.2.25,362850,277741,4508,3513
2021.2.26,366319,281194,4560,3469
2021.2.27,369692,285050,4610,3373
2021.2.28,372792,288505,4652,3100
2021.3.1,375050,291590,4692,2258
2021.3.2,376938,294270,4743,1888
2021.3.3,380036,296237,4805,3098
2021.3.4,383499,298406,4866,3463
2021.3.5,386868,300923,4919,3369
2021.3.6,390070,304191,4971,3202
2021.3.7,393228,307256,5013,3158
2021.3.8,395604,310304,5046,2376
2021.3.9,397887,312747,5089,2283
2021.3.10,401826,314783,5134,3939
2021.3.11,405407,318800,5180,3581
2021.3.12,408909,319629,5230,3502
2021.3.13,411839,321990,5278,2930
2021.3.14,415362,325818,5334,3523
2021.3.15,418448,328706,5380,3086
2021.3.16,419953,331506,5422,1505
2021.3.17,423433,333648,5474,3480
2021.3.18,426977,335333,5536,3544
2021.3.19,430734,337975,5609,3757
2021.3.20,434322,340399,5664,3588
2021.3.21,436575,343099,5715,2253
2021.3.22,439568,343099,5757,2993
2021.3.23,441014,347563,5808,1446
2021.3.24,444865,349223,5850,3851
2021.3.25,448721,350694,5903,3856
2021.3.26,452281,353342,5964,3560
2021.3.27,455381,356820,6013,3100
2021.3.28,458338,360244,6058,2957
2021.3.29,461062,360244,6096,2724
2021.3.30,462339,366639,6136,1277
2021.3.31,468400,370687,6234,6061
2021.4.1,468400,370687,6234,0
2021.4.2,471962,373833,6286,3562
2021.4.3,474925,377136,6346,2963
2021.4.4,477113,380472,6379,2188
2021.4.5,479501,380472,6409,2388
2021.4.6,480502,386768,6443,1001
2021.4.7,482798,390209,6479,2296
2021.4.8,485918,391197,6512,3120
2021.4.9,489428,395261,6549,3510
2021.4.10,491928,398699,6592,2500
2021.4.11,494633,402172,6630,2705
2021.4.12,496846,402172,6661,2213
2021.4.13,497854,406095,6703,1008
2021.4.14,499839,411710,6738,1985
2021.4.15,502299,413175,6778,2460
2021.4.16,504800,416624,6809,2501
2021.4.17,506808,420223,6854,2008
2021.4.18,508503,423848,6886,1695
2021.4.19,510403,423848,6925,1900
2021.4.20,511398,429598,6959,995
2021.4.21,513006,432548,6995,1608
